Loop Time (ms)	IR (16 bit)	Force (N)	Force (N)	Color	Speed (mm/s)	Spatial (mm)	Angle (deg)
257.000	7408.000	1568.190	20.000	0.000	3.000	0.000	0.000
3283.000	7407.000	1568.190	20.000	0.000	3.000	0.000	0.000
64.000	7407.000	1568.190	20.000	0.000	3.000	0.000	0.000
64.000	7409.000	1568.320	20.000	0.000	3.000	0.000	0.000
80.000	7412.000	1568.190	20.000	0.000	3.000	0.000	0.000
64.000	7408.000	1568.320	20.000	0.000	3.000	0.000	0.000
64.000	7403.000	1568.190	20.000	0.000	3.000	0.000	0.000
64.000	7403.000	1568.190	20.000	0.000	3.000	0.000	0.000
63.000	7405.000	1568.190	20.000	0.000	3.000	0.000	0.000
64.000	7403.000	1568.320	20.000	0.000	3.000	0.000	0.000
65.000	7403.000	1568.320	20.000	0.000	3.000	0.000	0.000
64.000	7409.000	1568.190	20.000	0.000	3.000	0.000	0.000
63.000	7404.000	1568.190	20.000	0.000	3.000	0.000	0.000
65.000	7404.000	1568.320	20.000	0.000	3.000	0.000	0.000
64.000	7404.000	1568.190	20.000	0.000	3.000	0.000	0.000
63.000	7406.000	1568.190	20.000	0.000	3.000	0.000	0.000
80.000	7408.000	1568.190	20.000	0.000	3.000	0.000	0.000
64.000	7399.000	1568.320	20.000	0.000	3.000	0.000	0.000
64.000	7400.000	1568.190	20.000	0.000	3.000	0.000	0.000
64.000	7398.000	1568.190	20.000	0.000	3.000	0.000	0.000
63.000	7403.000	1568.190	20.000	0.000	3.000	0.000	0.000
65.000	7403.000	1568.190	20.000	0.000	3.000	0.000	0.000
64.000	7401.000	1568.320	20.000	0.000	3.000	0.000	0.000
63.000	7398.000	1568.190	20.000	0.000	3.000	0.000	0.000
64.000	7401.000	1568.190	20.000	0.000	3.000	0.000	0.000
64.000	7400.000	1568.190	20.000	0.000	3.000	0.000	0.000
65.000	7409.000	1568.190	20.000	0.000	3.000	0.000	0.000
63.000	7402.000	1568.190	20.000	0.000	3.000	0.000	0.000
80.000	7401.000	1568.190	20.000	0.000	3.000	0.000	0.000
64.000	7394.000	1568.190	20.000	0.000	3.000	0.000	0.000
64.000	7398.000	1568.190	20.000	0.000	3.000	0.000	0.000
64.000	7404.000	1568.320	20.000	0.000	3.000	0.000	0.000
64.000	7404.000	1568.190	20.000	0.000	3.000	0.000	0.000
64.000	7403.000	1568.190	20.000	0.000	3.000	0.000	0.000
64.000	7402.000	1568.320	20.000	0.000	3.000	0.000	0.000
64.000	7404.000	1568.320	20.000	0.000	3.000	0.000	0.000
63.000	7401.000	1568.320	20.000	0.000	3.000	0.000	0.000
65.000	7399.000	1568.190	20.000	0.000	3.000	0.000	0.000
64.000	7407.000	1568.190	20.000	0.000	3.000	0.000	0.000
79.000	7401.000	1568.320	20.000	0.000	3.000	0.000	0.000
65.000	7402.000	1568.190	20.000	0.000	3.000	0.000	0.000
63.000	7398.000	1568.190	20.000	0.000	3.000	0.000	0.000
64.000	7400.000	1568.190	20.000	0.000	3.000	0.000	0.000
64.000	7399.000	1568.320	20.000	0.000	3.000	0.000	0.000
64.000	7400.000	1568.190	20.000	0.000	3.000	0.000	0.000
64.000	7403.000	1568.320	20.000	0.000	3.000	0.000	0.000
64.000	7401.000	1568.190	20.000	0.000	3.000	0.000	0.000
63.000	7399.000	1568.190	20.000	0.000	3.000	0.000	0.000
64.000	7399.000	1568.190	20.000	0.000	3.000	0.000	0.000
65.000	7401.000	1568.190	20.000	0.000	3.000	0.000	0.000
63.000	7404.000	1568.320	20.000	0.000	3.000	0.000	0.000
81.000	7408.000	1568.190	20.000	0.000	3.000	0.000	0.000
63.000	7400.000	1568.320	20.000	0.000	3.000	0.000	0.000
64.000	7401.000	1568.190	20.000	0.000	3.000	0.000	0.000
64.000	7399.000	1568.320	20.000	0.000	3.000	0.000	0.000
64.000	7400.000	1568.190	20.000	0.000	3.000	0.000	0.000
64.000	7400.000	1568.320	20.000	0.000	3.000	0.000	0.000
64.000	7396.000	1568.190	20.000	0.000	3.000	0.000	0.000
64.000	7403.000	1568.190	20.000	0.000	3.000	0.000	0.000
63.000	7401.000	1568.190	20.000	0.000	3.000	0.000	0.000
65.000	7402.000	1568.190	20.000	0.000	3.000	0.000	0.000
64.000	7402.000	1568.190	20.000	0.000	3.000	0.000	0.000
64.000	7401.000	1568.190	20.000	0.000	3.000	0.000	0.000
79.000	7400.000	1568.190	20.000	0.000	3.000	0.000	0.000
64.000	7399.000	1568.190	20.000	0.000	3.000	0.000	0.000
64.000	7403.000	1568.190	20.000	0.000	3.000	0.000	0.000
64.000	7403.000	1568.060	20.000	0.000	3.000	0.000	0.000
64.000	7400.000	1568.190	20.000	0.000	3.000	0.000	0.000
64.000	7396.000	1568.190	20.000	0.000	3.000	0.000	0.000
64.000	7397.000	1568.060	20.000	0.000	3.000	0.000	0.000
64.000	7400.000	1568.190	20.000	0.000	3.000	0.000	0.000
64.000	7400.000	1568.190	20.000	0.000	3.000	0.000	0.000
63.000	7400.000	1568.190	20.000	0.000	3.000	0.000	0.000
64.000	7397.000	1568.060	20.000	0.000	3.000	0.000	0.000
80.000	7397.000	1568.190	20.000	0.000	3.000	0.000	0.000
65.000	7407.000	1568.190	20.000	0.000	3.000	0.000	0.000
63.000	7437.000	1568.190	20.000	0.000	3.000	0.000	0.000
65.000	7481.000	1568.190	20.000	0.000	3.000	0.000	0.000
64.000	7535.000	1568.190	20.000	0.000	3.000	0.000	0.000
64.000	7585.000	1568.320	20.000	0.000	3.000	0.000	0.000
63.000	7651.000	1568.320	20.000	0.000	3.000	0.000	0.000
64.000	7723.000	1568.190	20.000	0.000	3.000	0.000	0.000
64.000	7801.000	1568.320	20.000	0.000	3.000	0.000	0.000
64.000	7890.000	1568.190	20.000	0.000	3.000	0.000	0.000
64.000	7990.000	1568.190	20.000	0.000	3.000	0.000	0.000
64.000	8106.000	1568.190	20.000	0.000	3.000	0.000	0.000
80.000	8254.000	1568.190	20.000	0.000	3.000	0.000	0.000
64.000	8428.000	1568.320	20.000	0.000	3.000	0.000	0.000
63.000	8662.000	1568.320	20.000	0.000	3.000	0.000	0.000
65.000	9448.000	1568.440	20.000	0.000	3.000	0.000	0.000
64.000	10136.000	1569.210	20.000	0.000	3.000	0.000	0.000
63.000	10515.000	1574.300	20.000	0.000	3.000	0.000	0.000
64.000	10731.000	1578.500	20.000	0.000	3.000	0.000	0.000
64.000	10767.000	1578.890	20.000	0.000	3.000	0.000	0.000
64.000	10787.000	1579.520	20.000	0.000	3.000	0.000	0.000
64.000	10890.000	1579.900	20.000	0.000	3.000	0.000	0.000
64.000	11163.000	1580.670	20.000	0.000	3.000	0.000	0.000
64.000	11560.000	1581.310	20.000	0.000	3.000	0.000	0.000
79.000	12371.000	1582.070	20.000	0.000	3.000	0.000	0.000
65.000	13511.000	1582.830	20.000	0.000	3.000	0.000	0.000
63.000	14681.000	1583.600	20.000	0.000	3.000	0.000	0.000
64.000	15191.000	1583.850	20.000	0.000	3.000	0.000	0.000
65.000	15182.000	1583.470	20.000	0.000	3.000	0.000	0.000
64.000	14855.000	1582.580	20.000	0.000	3.000	0.000	0.000
63.000	14424.000	1581.690	20.000	0.000	3.000	0.000	0.000
64.000	14054.000	1580.670	20.000	0.000	3.000	0.000	0.000
64.000	13742.000	1580.160	20.000	0.000	3.000	0.000	0.000
64.000	13453.000	1580.030	20.000	0.000	3.000	0.000	0.000
64.000	13143.000	1579.400	20.000	0.000	3.000	0.000	0.000
79.000	12744.000	1578.890	20.000	0.000	3.000	0.000	0.000
64.000	12108.000	1578.760	20.000	0.000	3.000	0.000	0.000
64.000	11484.000	1578.630	20.000	0.000	3.000	0.000	0.000
65.000	11038.000	1578.500	20.000	0.000	3.000	0.000	0.000
63.000	10657.000	1578.380	20.000	0.000	3.000	0.000	0.000
64.000	10450.000	1578.250	20.000	0.000	3.000	0.000	0.000
64.000	10195.000	1578.120	20.000	0.000	3.000	0.000	0.000
64.000	9830.000	1577.990	20.000	0.000	3.000	0.000	0.000
65.000	8271.000	1577.990	20.000	0.000	3.000	0.000	0.000
63.000	7794.000	1577.740	20.000	0.000	3.000	0.000	0.000
64.000	7522.000	1577.360	20.000	0.000	3.000	0.000	0.000
64.000	7373.000	1577.360	20.000	0.000	3.000	0.000	0.000
80.000	7289.000	1577.100	20.000	0.000	3.000	0.000	0.000
64.000	7225.000	1576.720	20.000	0.000	3.000	0.000	0.000
64.000	7161.000	1576.340	20.000	0.000	3.000	0.000	0.000
64.000	7112.000	1575.960	20.000	0.000	3.000	0.000	0.000
64.000	7085.000	1575.320	20.000	0.000	3.000	0.000	0.000
64.000	7047.000	1574.940	20.000	0.000	3.000	0.000	0.000
63.000	7022.000	1574.430	20.000	0.000	3.000	0.000	0.000
64.000	7001.000	1574.050	20.000	0.000	3.000	0.000	0.000
65.000	6984.000	1573.540	20.000	0.000	3.000	0.000	0.000
63.000	6991.000	1573.160	20.000	0.000	3.000	0.000	0.000
64.000	7018.000	1572.520	20.000	0.000	3.000	0.000	0.000
64.000	7055.000	1572.260	20.000	0.000	3.000	0.000	0.000
80.000	6926.000	1571.630	20.000	0.000	3.000	0.000	0.000
64.000	6866.000	1571.370	20.000	0.000	3.000	0.000	0.000
64.000	6834.000	1570.990	20.000	0.000	3.000	0.000	0.000
65.000	6820.000	1570.740	20.000	0.000	3.000	0.000	0.000
63.000	6810.000	1570.350	20.000	0.000	3.000	0.000	0.000
64.000	6811.000	1570.100	20.000	0.000	3.000	0.000	0.000
64.000	6816.000	1569.840	20.000	0.000	3.000	0.000	0.000
64.000	6826.000	1569.720	20.000	0.000	3.000	0.000	0.000
63.000	6828.000	1569.590	20.000	0.000	3.000	0.000	0.000
64.000	6836.000	1569.340	20.000	0.000	3.000	0.000	0.000
64.000	6836.000	1569.210	20.000	0.000	3.000	0.000	0.000
65.000	6842.000	1568.950	20.000	0.000	3.000	0.000	0.000
79.000	6846.000	1568.950	20.000	0.000	3.000	0.000	0.000
65.000	6853.000	1568.830	20.000	0.000	3.000	0.000	0.000
64.000	6861.000	1568.830	20.000	0.000	3.000	0.000	0.000
63.000	6866.000	1568.700	20.000	0.000	3.000	0.000	0.000
64.000	6860.000	1568.700	20.000	0.000	3.000	0.000	0.000
64.000	6868.000	1568.570	20.000	0.000	3.000	0.000	0.000
64.000	6876.000	1568.440	20.000	0.000	3.000	0.000	0.000
64.000	6885.000	1568.440	20.000	0.000	3.000	0.000	0.000
64.000	6890.000	1568.440	20.000	0.000	3.000	0.000	0.000
63.000	6887.000	1568.440	20.000	0.000	3.000	0.000	0.000
65.000	6902.000	1568.320	20.000	0.000	3.000	0.000	0.000
79.000	6904.000	1568.190	20.000	0.000	3.000	0.000	0.000
64.000	6910.000	1568.320	20.000	0.000	3.000	0.000	0.000
64.000	6919.000	1568.190	20.000	0.000	3.000	0.000	0.000
65.000	6918.000	1568.320	20.000	0.000	3.000	0.000	0.000
63.000	6926.000	1568.320	20.000	0.000	3.000	0.000	0.000
64.000	6930.000	1568.320	20.000	0.000	3.000	0.000	0.000
64.000	6931.000	1568.320	20.000	0.000	3.000	0.000	0.000
64.000	6941.000	1568.190	20.000	0.000	3.000	0.000	0.000
63.000	6940.000	1568.320	20.000	0.000	3.000	0.000	0.000
65.000	6948.000	1568.190	20.000	0.000	3.000	0.000	0.000
64.000	6944.000	1568.190	20.000	0.000	3.000	0.000	0.000
63.000	6955.000	1568.190	20.000	0.000	3.000	0.000	0.000
81.000	6961.000	1568.320	20.000	0.000	3.000	0.000	0.000
64.000	6961.000	1568.320	20.000	0.000	3.000	0.000	0.000
63.000	6970.000	1568.190	20.000	0.000	3.000	0.000	0.000
64.000	6976.000	1568.320	20.000	0.000	3.000	0.000	0.000
64.000	6977.000	1568.190	20.000	0.000	3.000	0.000	0.000
64.000	6974.000	1568.190	20.000	0.000	3.000	0.000	0.000
64.000	6983.000	1568.190	20.000	0.000	3.000	0.000	0.000
64.000	6988.000	1568.320	20.000	0.000	3.000	0.000	0.000
64.000	6982.000	1568.190	20.000	0.000	3.000	0.000	0.000
64.000	6988.000	1568.320	20.000	0.000	3.000	0.000	0.000
64.000	6996.000	1568.190	20.000	0.000	3.000	0.000	0.000
64.000	6992.000	1568.190	20.000	0.000	3.000	0.000	0.000
80.000	6999.000	1568.320	20.000	0.000	3.000	0.000	0.000
64.000	7011.000	1568.190	20.000	0.000	3.000	0.000	0.000
63.000	7051.000	1568.320	20.000	0.000	3.000	0.000	0.000
64.000	7102.000	1568.190	20.000	0.000	3.000	0.000	0.000
64.000	7155.000	1568.190	20.000	0.000	3.000	0.000	0.000
64.000	7213.000	1568.320	20.000	0.000	3.000	0.000	0.000
64.000	7267.000	1568.320	20.000	0.000	3.000	0.000	0.000
64.000	7345.000	1568.190	20.000	0.000	3.000	0.000	0.000
64.000	7421.000	1568.190	20.000	0.000	3.000	0.000	0.000
63.000	7501.000	1568.320	20.000	0.000	3.000	0.000	0.000
64.000	7615.000	1568.320	20.000	0.000	3.000	0.000	0.000
81.000	7725.000	1568.320	20.000	0.000	3.000	0.000	0.000
64.000	7879.000	1568.320	20.000	0.000	3.000	0.000	0.000
64.000	8062.000	1568.190	20.000	0.000	3.000	0.000	0.000
64.000	8666.000	1568.320	20.000	0.000	3.000	0.000	0.000
63.000	9389.000	1568.570	20.000	0.000	3.000	0.000	0.000
64.000	9978.000	1569.080	20.000	0.000	3.000	0.000	0.000
64.000	10239.000	1570.350	20.000	0.000	3.000	0.000	0.000
64.000	10419.000	1570.860	20.000	0.000	3.000	0.000	0.000
65.000	10539.000	1571.120	20.000	0.000	3.000	0.000	0.000
62.000	10648.000	1571.750	20.000	0.000	3.000	0.000	0.000
65.000	10865.000	1572.390	20.000	0.000	3.000	0.000	0.000
64.000	11136.000	1572.900	20.000	0.000	3.000	0.000	0.000
79.000	11773.000	1573.790	20.000	0.000	3.000	0.000	0.000
64.000	12715.000	1574.560	20.000	0.000	3.000	0.000	0.000
65.000	13887.000	1575.320	20.000	0.000	3.000	0.000	0.000
64.000	14800.000	1576.080	20.000	0.000	3.000	0.000	0.000
63.000	14914.000	1575.960	20.000	0.000	3.000	0.000	0.000
64.000	14748.000	1575.320	20.000	0.000	3.000	0.000	0.000
64.000	14384.000	1574.300	20.000	0.000	3.000	0.000	0.000
64.000	14001.000	1573.540	20.000	0.000	3.000	0.000	0.000
64.000	13669.000	1572.650	20.000	0.000	3.000	0.000	0.000
64.000	13361.000	1572.010	20.000	0.000	3.000	0.000	0.000
64.000	13100.000	1571.880	20.000	0.000	3.000	0.000	0.000
64.000	12787.000	1571.370	20.000	0.000	3.000	0.000	0.000
79.000	12302.000	1570.860	20.000	0.000	3.000	0.000	0.000
65.000	11568.000	1570.480	20.000	0.000	3.000	0.000	0.000
64.000	11031.000	1570.350	20.000	0.000	3.000	0.000	0.000
63.000	10619.000	1570.230	20.000	0.000	3.000	0.000	0.000
65.000	10351.000	1570.100	20.000	0.000	3.000	0.000	0.000
63.000	10180.000	1570.100	20.000	0.000	3.000	0.000	0.000
64.000	9960.000	1569.840	20.000	0.000	3.000	0.000	0.000
65.000	9750.000	1569.970	20.000	0.000	3.000	0.000	0.000
63.000	8797.000	1570.100	20.000	0.000	3.000	0.000	0.000
65.000	7949.000	1570.230	20.000	0.000	3.000	0.000	0.000
63.000	7573.000	1570.100	20.000	0.000	3.000	0.000	0.000
80.000	7386.000	1570.100	20.000	0.000	3.000	0.000	0.000
64.000	7273.000	1570.230	20.000	0.000	3.000	0.000	0.000
63.000	7214.000	1570.100	20.000	0.000	3.000	0.000	0.000
65.000	7165.000	1570.230	20.000	0.000	3.000	0.000	0.000
63.000	7134.000	1570.100	20.000	0.000	3.000	0.000	0.000
65.000	7109.000	1570.100	20.000	0.000	3.000	0.000	0.000
63.000	7088.000	1570.230	20.000	0.000	3.000	0.000	0.000
65.000	7069.000	1570.100	20.000	0.000	3.000	0.000	0.000
63.000	7042.000	1570.100	20.000	0.000	3.000	0.000	0.000
64.000	7038.000	1569.970	20.000	0.000	3.000	0.000	0.000
64.000	7049.000	1570.100	20.000	0.000	3.000	0.000	0.000
64.000	7068.000	1570.100	20.000	0.000	3.000	0.000	0.000
80.000	7111.000	1570.230	20.000	0.000	3.000	0.000	0.000
64.000	7126.000	1570.100	20.000	0.000	3.000	0.000	0.000
64.000	7147.000	1570.100	20.000	0.000	3.000	0.000	0.000
64.000	7147.000	1570.100	20.000	0.000	3.000	0.000	0.000
64.000	7064.000	1570.100	20.000	0.000	3.000	0.000	0.000
64.000	7024.000	1570.100	20.000	0.000	3.000	0.000	0.000
63.000	7001.000	1569.970	20.000	0.000	3.000	0.000	0.000
64.000	6980.000	1570.100	20.000	0.000	3.000	0.000	0.000
64.000	6973.000	1569.970	20.000	0.000	3.000	0.000	0.000
64.000	6961.000	1569.970	20.000	0.000	3.000	0.000	0.000
64.000	6967.000	1570.100	20.000	0.000	3.000	0.000	0.000
64.000	6969.000	1570.100	20.000	0.000	3.000	0.000	0.000
80.000	6976.000	1570.100	20.000	0.000	3.000	0.000	0.000
64.000	6975.000	1570.230	20.000	0.000	3.000	0.000	0.000
63.000	6975.000	1570.230	20.000	0.000	3.000	0.000	0.000
65.000	6978.000	1570.100	20.000	0.000	3.000	0.000	0.000
63.000	6977.000	1570.100	20.000	0.000	3.000	0.000	0.000
65.000	6986.000	1570.100	20.000	0.000	3.000	0.000	0.000
63.000	6989.000	1570.100	20.000	0.000	3.000	0.000	0.000
64.000	6999.000	1570.100	20.000	0.000	3.000	0.000	0.000
64.000	7003.000	1570.100	20.000	0.000	3.000	0.000	0.000
64.000	7002.000	1569.970	20.000	0.000	3.000	0.000	0.000
65.000	7013.000	1570.100	20.000	0.000	3.000	0.000	0.000
79.000	7013.000	1570.100	20.000	0.000	3.000	0.000	0.000
64.000	7020.000	1570.230	20.000	0.000	3.000	0.000	0.000
64.000	7016.000	1570.100	20.000	0.000	3.000	0.000	0.000
64.000	7024.000	1570.100	20.000	0.000	3.000	0.000	0.000
64.000	7030.000	1570.100	20.000	0.000	3.000	0.000	0.000
64.000	7030.000	1570.100	20.000	0.000	3.000	0.000	0.000
64.000	7041.000	1570.100	20.000	0.000	3.000	0.000	0.000
64.000	7047.000	1569.840	20.000	0.000	3.000	0.000	0.000
64.000	7054.000	1570.100	20.000	0.000	3.000	0.000	0.000
63.000	7057.000	1570.100	20.000	0.000	3.000	0.000	0.000
65.000	7059.000	1570.100	20.000	0.000	3.000	0.000	0.000
64.000	7062.000	1570.100	20.000	0.000	3.000	0.000	0.000
79.000	7066.000	1570.100	20.000	0.000	3.000	0.000	0.000
64.000	7070.000	1570.100	20.000	0.000	3.000	0.000	0.000
64.000	7074.000	1570.230	20.000	0.000	3.000	0.000	0.000
64.000	7077.000	1570.100	20.000	0.000	3.000	0.000	0.000
64.000	7077.000	1569.970	20.000	0.000	3.000	0.000	0.000
64.000	7079.000	1569.970	20.000	0.000	3.000	0.000	0.000
64.000	7093.000	1569.970	20.000	0.000	3.000	0.000	0.000
64.000	7093.000	1569.970	20.000	0.000	3.000	0.000	0.000
64.000	7097.000	1570.100	20.000	0.000	3.000	0.000	0.000
64.000	7097.000	1569.970	20.000	0.000	3.000	0.000	0.000
64.000	7103.000	1570.100	20.000	0.000	3.000	0.000	0.000
63.000	7106.000	1570.100	20.000	0.000	3.000	0.000	0.000
80.000	7108.000	1570.100	20.000	0.000	3.000	0.000	0.000
65.000	7121.000	1570.100	20.000	0.000	3.000	0.000	0.000
63.000	7153.000	1570.100	20.000	0.000	3.000	0.000	0.000
64.000	7206.000	1570.100	20.000	0.000	3.000	0.000	0.000
64.000	7258.000	1569.970	20.000	0.000	3.000	0.000	0.000
64.000	7311.000	1569.970	20.000	0.000	3.000	0.000	0.000
64.000	7374.000	1570.100	20.000	0.000	3.000	0.000	0.000
64.000	7444.000	1570.100	20.000	0.000	3.000	0.000	0.000
63.000	7518.000	1570.100	20.000	0.000	3.000	0.000	0.000
64.000	7605.000	1570.100	20.000	0.000	3.000	0.000	0.000
65.000	7705.000	1570.100	20.000	0.000	3.000	0.000	0.000
79.000	7821.000	1569.970	20.000	0.000	3.000	0.000	0.000
64.000	7963.000	1570.100	20.000	0.000	3.000	0.000	0.000
64.000	8141.000	1570.100	20.000	0.000	3.000	0.000	0.000
64.000	8515.000	1570.100	20.000	0.000	3.000	0.000	0.000
64.000	9233.000	1570.100	20.000	0.000	3.000	0.000	0.000
64.000	9846.000	1570.230	20.000	0.000	3.000	0.000	0.000
64.000	10117.000	1570.480	20.000	0.000	3.000	0.000	0.000
64.000	10327.000	1570.990	20.000	0.000	3.000	0.000	0.000
64.000	10440.000	1572.260	20.000	0.000	3.000	0.000	0.000
64.000	10536.000	1572.770	20.000	0.000	3.000	0.000	0.000
64.000	10692.000	1573.410	20.000	0.000	3.000	0.000	0.000
64.000	10961.000	1574.050	20.000	0.000	3.000	0.000	0.000
79.000	11524.000	1574.810	20.000	0.000	3.000	0.000	0.000
65.000	12401.000	1575.580	20.000	0.000	3.000	0.000	0.000
63.000	13494.000	1576.340	20.000	0.000	3.000	0.000	0.000
64.000	14505.000	1577.100	20.000	0.000	3.000	0.000	0.000
64.000	14727.000	1577.100	20.000	0.000	3.000	0.000	0.000
64.000	14596.000	1576.590	20.000	0.000	3.000	0.000	0.000
65.000	14272.000	1575.700	20.000	0.000	3.000	0.000	0.000
63.000	13895.000	1574.680	20.000	0.000	3.000	0.000	0.000
64.000	13570.000	1573.790	20.000	0.000	3.000	0.000	0.000
64.000	13275.000	1573.160	20.000	0.000	3.000	0.000	0.000
64.000	13017.000	1572.650	20.000	0.000	3.000	0.000	0.000
64.000	12688.000	1572.140	20.000	0.000	3.000	0.000	0.000
80.000	12247.000	1571.630	20.000	0.000	3.000	0.000	0.000
63.000	11551.000	1571.370	20.000	0.000	3.000	0.000	0.000
64.000	10999.000	1570.990	20.000	0.000	3.000	0.000	0.000
65.000	10607.000	1570.860	20.000	0.000	3.000	0.000	0.000
63.000	10324.000	1570.740	20.000	0.000	3.000	0.000	0.000
64.000	10138.000	1570.610	20.000	0.000	3.000	0.000	0.000
64.000	9920.000	1570.610	20.000	0.000	3.000	0.000	0.000
64.000	9710.000	1570.610	20.000	0.000	3.000	0.000	0.000
64.000	9448.000	1570.610	20.000	0.000	3.000	0.000	0.000
64.000	8067.000	1570.740	20.000	0.000	3.000	0.000	0.000
63.000	7686.000	1570.610	20.000	0.000	3.000	0.000	0.000
81.000	7426.000	1570.740	20.000	0.000	3.000	0.000	0.000
64.000	7331.000	1570.610	20.000	0.000	3.000	0.000	0.000
64.000	7256.000	1570.610	20.000	0.000	3.000	0.000	0.000
64.000	7192.000	1570.740	20.000	0.000	3.000	0.000	0.000
63.000	7158.000	1570.610	20.000	0.000	3.000	0.000	0.000
64.000	7119.000	1570.610	20.000	0.000	3.000	0.000	0.000
65.000	7090.000	1570.610	20.000	0.000	3.000	0.000	0.000
64.000	7077.000	1570.610	20.000	0.000	3.000	0.000	0.000
63.000	7056.000	1570.480	20.000	0.000	3.000	0.000	0.000
64.000	7043.000	1570.610	20.000	0.000	3.000	0.000	0.000
64.000	7060.000	1570.610	20.000	0.000	3.000	0.000	0.000
64.000	7079.000	1570.610	20.000	0.000	3.000	0.000	0.000
80.000	7121.000	1570.610	20.000	0.000	3.000	0.000	0.000
64.000	7148.000	1570.610	20.000	0.000	3.000	0.000	0.000
64.000	7163.000	1570.610	20.000	0.000	3.000	0.000	0.000
63.000	7175.000	1570.610	20.000	0.000	3.000	0.000	0.000
64.000	7185.000	1570.480	20.000	0.000	3.000	0.000	0.000
64.000	7196.000	1570.480	20.000	0.000	3.000	0.000	0.000
64.000	7214.000	1570.610	20.000	0.000	3.000	0.000	0.000
65.000	7223.000	1570.480	20.000	0.000	3.000	0.000	0.000
63.000	7233.000	1570.480	20.000	0.000	3.000	0.000	0.000
64.000	7243.000	1570.610	20.000	0.000	3.000	0.000	0.000
64.000	7252.000	1570.740	20.000	0.000	3.000	0.000	0.000
64.000	7251.000	1570.610	20.000	0.000	3.000	0.000	0.000
80.000	7240.000	1570.610	20.000	0.000	3.000	0.000	0.000
64.000	7187.000	1570.480	20.000	0.000	3.000	0.000	0.000
63.000	7159.000	1570.610	20.000	0.000	3.000	0.000	0.000
64.000	7141.000	1570.610	20.000	0.000	3.000	0.000	0.000
65.000	7129.000	1570.610	20.000	0.000	3.000	0.000	0.000
63.000	7092.000	1570.610	20.000	0.000	3.000	0.000	0.000
64.000	7087.000	1570.610	20.000	0.000	3.000	0.000	0.000
64.000	7084.000	1570.610	20.000	0.000	3.000	0.000	0.000
64.000	7081.000	1570.610	20.000	0.000	3.000	0.000	0.000
64.000	7074.000	1570.480	20.000	0.000	3.000	0.000	0.000
64.000	7080.000	1570.610	20.000	0.000	3.000	0.000	0.000
80.000	7077.000	1570.610	20.000	0.000	3.000	0.000	0.000
64.000	7080.000	1570.610	20.000	0.000	3.000	0.000	0.000
64.000	7084.000	1570.610	20.000	0.000	3.000	0.000	0.000
63.000	7085.000	1570.610	20.000	0.000	3.000	0.000	0.000
64.000	7080.000	1570.610	20.000	0.000	3.000	0.000	0.000
65.000	7084.000	1570.610	20.000	0.000	3.000	0.000	0.000
63.000	7089.000	1570.610	20.000	0.000	3.000	0.000	0.000
64.000	7078.000	1570.610	20.000	0.000	3.000	0.000	0.000
64.000	7085.000	1570.610	20.000	0.000	3.000	0.000	0.000
64.000	7087.000	1570.740	20.000	0.000	3.000	0.000	0.000
64.000	7091.000	1570.610	20.000	0.000	3.000	0.000	0.000
64.000	7093.000	1570.610	20.000	0.000	3.000	0.000	0.000
80.000	7097.000	1570.610	20.000	0.000	3.000	0.000	0.000
64.000	7098.000	1570.610	20.000	0.000	3.000	0.000	0.000
64.000	7101.000	1570.610	20.000	0.000	3.000	0.000	0.000
64.000	7108.000	1570.610	20.000	0.000	3.000	0.000	0.000
64.000	7110.000	1570.480	20.000	0.000	3.000	0.000	0.000
64.000	7107.000	1570.610	20.000	0.000	3.000	0.000	0.000
64.000	7117.000	1570.610	20.000	0.000	3.000	0.000	0.000
64.000	7118.000	1570.610	20.000	0.000	3.000	0.000	0.000
63.000	7117.000	1570.610	20.000	0.000	3.000	0.000	0.000
64.000	7122.000	1570.740	20.000	0.000	3.000	0.000	0.000
64.000	7128.000	1570.480	20.000	0.000	3.000	0.000	0.000
64.000	7124.000	1570.610	20.000	0.000	3.000	0.000	0.000
80.000	7132.000	1570.610	20.000	0.000	3.000	0.000	0.000
64.000	7134.000	1570.610	20.000	0.000	3.000	0.000	0.000
64.000	7154.000	1570.480	20.000	0.000	3.000	0.000	0.000
64.000	7194.000	1570.480	20.000	0.000	3.000	0.000	0.000
64.000	7244.000	1570.610	20.000	0.000	3.000	0.000	0.000
64.000	7297.000	1570.480	20.000	0.000	3.000	0.000	0.000
64.000	7363.000	1570.610	20.000	0.000	3.000	0.000	0.000
64.000	7429.000	1570.480	20.000	0.000	3.000	0.000	0.000
63.000	7499.000	1570.480	20.000	0.000	3.000	0.000	0.000
65.000	7578.000	1570.610	20.000	0.000	3.000	0.000	0.000
63.000	7674.000	1570.610	20.000	0.000	3.000	0.000	0.000
81.000	7778.000	1570.480	20.000	0.000	3.000	0.000	0.000
64.000	7906.000	1570.610	20.000	0.000	3.000	0.000	0.000
63.000	8068.000	1570.480	20.000	0.000	3.000	0.000	0.000
64.000	8269.000	1570.610	20.000	0.000	3.000	0.000	0.000
64.000	8830.000	1570.610	20.000	0.000	3.000	0.000	0.000
64.000	9455.000	1570.610	20.000	0.000	3.000	0.000	0.000
64.000	9934.000	1570.860	20.000	0.000	3.000	0.000	0.000
64.000	10163.000	1571.120	20.000	0.000	3.000	0.000	0.000
64.000	10328.000	1572.650	20.000	0.000	3.000	0.000	0.000
64.000	10440.000	1573.160	20.000	0.000	3.000	0.000	0.000
63.000	10556.000	1573.790	20.000	0.000	3.000	0.000	0.000
64.000	10753.000	1574.430	20.000	0.000	3.000	0.000	0.000
80.000	11101.000	1575.070	20.000	0.000	3.000	0.000	0.000
64.000	11811.000	1575.700	20.000	0.000	3.000	0.000	0.000
64.000	12777.000	1576.590	20.000	0.000	3.000	0.000	0.000
64.000	13903.000	1577.360	20.000	0.000	3.000	0.000	0.000
64.000	14715.000	1577.990	20.000	0.000	3.000	0.000	0.000
65.000	14685.000	1577.740	20.000	0.000	3.000	0.000	0.000
63.000	14498.000	1577.100	20.000	0.000	3.000	0.000	0.000
63.000	14145.000	1575.960	20.000	0.000	3.000	0.000	0.000
65.000	13778.000	1575.190	20.000	0.000	3.000	0.000	0.000
63.000	13445.000	1574.430	20.000	0.000	3.000	0.000	0.000
65.000	13165.000	1573.670	20.000	0.000	3.000	0.000	0.000
63.000	12884.000	1573.030	20.000	0.000	3.000	0.000	0.000
80.000	12570.000	1572.650	20.000	0.000	3.000	0.000	0.000
64.000	12047.000	1572.140	20.000	0.000	3.000	0.000	0.000
65.000	11322.000	1571.750	20.000	0.000	3.000	0.000	0.000
64.000	10838.000	1571.500	20.000	0.000	3.000	0.000	0.000
63.000	10468.000	1571.370	20.000	0.000	3.000	0.000	0.000
64.000	10220.000	1571.250	20.000	0.000	3.000	0.000	0.000
64.000	10073.000	1570.990	20.000	0.000	3.000	0.000	0.000
64.000	9803.000	1571.250	20.000	0.000	3.000	0.000	0.000
64.000	9614.000	1571.250	20.000	0.000	3.000	0.000	0.000
64.000	9398.000	1571.120	20.000	0.000	3.000	0.000	0.000
63.000	8024.000	1571.250	20.000	0.000	3.000	0.000	0.000
64.000	7705.000	1571.120	20.000	0.000	3.000	0.000	0.000
81.000	7483.000	1571.120	20.000	0.000	3.000	0.000	0.000
63.000	7375.000	1571.250	20.000	0.000	3.000	0.000	0.000
64.000	7331.000	1571.120	20.000	0.000	3.000	0.000	0.000
65.000	7286.000	1571.250	20.000	0.000	3.000	0.000	0.000
64.000	7253.000	1571.120	20.000	0.000	3.000	0.000	0.000
63.000	7231.000	1571.120	20.000	0.000	3.000	0.000	0.000
65.000	7204.000	1571.120	20.000	0.000	3.000	0.000	0.000
64.000	7177.000	1571.250	20.000	0.000	3.000	0.000	0.000
64.000	7159.000	1571.120	20.000	0.000	3.000	0.000	0.000
63.000	7131.000	1570.990	20.000	0.000	3.000	0.000	0.000
64.000	7134.000	1571.120	20.000	0.000	3.000	0.000	0.000
80.000	7155.000	1571.120	20.000	0.000	3.000	0.000	0.000
64.000	7200.000	1571.120	20.000	0.000	3.000	0.000	0.000
64.000	7232.000	1571.120	20.000	0.000	3.000	0.000	0.000
63.000	7240.000	1571.250	20.000	0.000	3.000	0.000	0.000
65.000	7245.000	1571.120	20.000	0.000	3.000	0.000	0.000
63.000	7261.000	1571.120	20.000	0.000	3.000	0.000	0.000
64.000	7271.000	1571.120	20.000	0.000	3.000	0.000	0.000
64.000	7282.000	1571.120	20.000	0.000	3.000	0.000	0.000
64.000	7299.000	1571.120	20.000	0.000	3.000	0.000	0.000
64.000	7304.000	1571.250	20.000	0.000	3.000	0.000	0.000
65.000	7313.000	1570.990	20.000	0.000	3.000	0.000	0.000
63.000	7318.000	1571.120	20.000	0.000	3.000	0.000	0.000
81.000	7334.000	1571.250	20.000	0.000	3.000	0.000	0.000
63.000	7334.000	1571.120	20.000	0.000	3.000	0.000	0.000
64.000	7341.000	1571.120	20.000	0.000	3.000	0.000	0.000
64.000	7348.000	1571.120	20.000	0.000	3.000	0.000	0.000
64.000	7355.000	1571.250	20.000	0.000	3.000	0.000	0.000
63.000	7353.000	1571.120	20.000	0.000	3.000	0.000	0.000
65.000	7322.000	1570.990	20.000	0.000	3.000	0.000	0.000
63.000	7303.000	1571.120	20.000	0.000	3.000	0.000	0.000
64.000	7290.000	1571.120	20.000	0.000	3.000	0.000	0.000
64.000	7282.000	1571.120	20.000	0.000	3.000	0.000	0.000
65.000	7271.000	1571.250	20.000	0.000	3.000	0.000	0.000
64.000	7262.000	1571.120	20.000	0.000	3.000	0.000	0.000
79.000	7257.000	1571.120	20.000	0.000	3.000	0.000	0.000
65.000	7258.000	1571.250	20.000	0.000	3.000	0.000	0.000
63.000	7256.000	1571.120	20.000	0.000	3.000	0.000	0.000
64.000	7253.000	1571.120	20.000	0.000	3.000	0.000	0.000
64.000	7249.000	1571.250	20.000	0.000	3.000	0.000	0.000
64.000	7254.000	1571.120	20.000	0.000	3.000	0.000	0.000
64.000	7245.000	1571.120	20.000	0.000	3.000	0.000	0.000
64.000	7243.000	1571.120	20.000	0.000	3.000	0.000	0.000
64.000	7247.000	1571.120	20.000	0.000	3.000	0.000	0.000
63.000	7245.000	1571.120	20.000	0.000	3.000	0.000	0.000
64.000	7248.000	1571.120	20.000	0.000	3.000	0.000	0.000
81.000	7243.000	1571.120	20.000	0.000	3.000	0.000	0.000
63.000	7247.000	1571.120	20.000	0.000	3.000	0.000	0.000
64.000	7247.000	1571.120	20.000	0.000	3.000	0.000	0.000
64.000	7247.000	1570.990	20.000	0.000	3.000	0.000	0.000
64.000	7245.000	1571.120	20.000	0.000	3.000	0.000	0.000
64.000	7247.000	1570.990	20.000	0.000	3.000	0.000	0.000
64.000	7256.000	1571.120	20.000	0.000	3.000	0.000	0.000
64.000	7257.000	1571.120	20.000	0.000	3.000	0.000	0.000
63.000	7255.000	1571.120	20.000	0.000	3.000	0.000	0.000
65.000	7257.000	1571.120	20.000	0.000	3.000	0.000	0.000
63.000	7253.000	1571.120	20.000	0.000	3.000	0.000	0.000
65.000	7257.000	1570.990	20.000	0.000	3.000	0.000	0.000
80.000	7260.000	1571.120	20.000	0.000	3.000	0.000	0.000
63.000	7260.000	1571.120	20.000	0.000	3.000	0.000	0.000
65.000	7282.000	1571.120	20.000	0.000	3.000	0.000	0.000
63.000	7308.000	1571.250	20.000	0.000	3.000	0.000	0.000
65.000	7357.000	1571.120	20.000	0.000	3.000	0.000	0.000
63.000	7409.000	1571.120	20.000	0.000	3.000	0.000	0.000
64.000	7462.000	1571.120	20.000	0.000	3.000	0.000	0.000
64.000	7524.000	1571.120	20.000	0.000	3.000	0.000	0.000
64.000	7587.000	1571.120	20.000	0.000	3.000	0.000	0.000
64.000	7663.000	1571.120	20.000	0.000	3.000	0.000	0.000
64.000	7746.000	1571.250	20.000	0.000	3.000	0.000	0.000
63.000	7853.000	1571.250	20.000	0.000	3.000	0.000	0.000
81.000	7959.000	1571.120	20.000	0.000	3.000	0.000	0.000
64.000	8104.000	1571.120	20.000	0.000	3.000	0.000	0.000
64.000	8270.000	1571.120	20.000	0.000	3.000	0.000	0.000
63.000	8594.000	1571.120	20.000	0.000	3.000	0.000	0.000
65.000	9238.000	1571.250	20.000	0.000	3.000	0.000	0.000
63.000	9783.000	1571.370	20.000	0.000	3.000	0.000	0.000
64.000	10018.000	1571.630	20.000	0.000	3.000	0.000	0.000
64.000	10227.000	1571.880	20.000	0.000	3.000	0.000	0.000
64.000	10362.000	1573.280	20.000	0.000	3.000	0.000	0.000
64.000	10450.000	1573.920	20.000	0.000	3.000	0.000	0.000
64.000	10583.000	1574.430	20.000	0.000	3.000	0.000	0.000
64.000	10841.000	1575.190	20.000	0.000	3.000	0.000	0.000
80.000	11429.000	1575.830	20.000	0.000	3.000	0.000	0.000
63.000	12279.000	1576.590	20.000	0.000	3.000	0.000	0.000
65.000	13345.000	1577.360	20.000	0.000	3.000	0.000	0.000
64.000	14411.000	1578.250	20.000	0.000	3.000	0.000	0.000
63.000	14649.000	1578.380	20.000	0.000	3.000	0.000	0.000
64.000	14634.000	1577.870	20.000	0.000	3.000	0.000	0.000
64.000	14366.000	1577.230	20.000	0.000	3.000	0.000	0.000
64.000	13975.000	1575.960	20.000	0.000	3.000	0.000	0.000
64.000	13634.000	1575.190	20.000	0.000	3.000	0.000	0.000
64.000	13342.000	1574.430	20.000	0.000	3.000	0.000	0.000
64.000	13065.000	1573.920	20.000	0.000	3.000	0.000	0.000
80.000	12749.000	1573.540	20.000	0.000	3.000	0.000	0.000
64.000	12338.000	1572.770	20.000	0.000	3.000	0.000	0.000
64.000	11763.000	1572.260	20.000	0.000	3.000	0.000	0.000
64.000	11059.000	1572.010	20.000	0.000	3.000	0.000	0.000
63.000	10653.000	1571.750	20.000	0.000	3.000	0.000	0.000
65.000	10323.000	1571.630	20.000	0.000	3.000	0.000	0.000
64.000	10153.000	1571.370	20.000	0.000	3.000	0.000	0.000
63.000	9960.000	1571.500	20.000	0.000	3.000	0.000	0.000
64.000	9732.000	1571.370	20.000	0.000	3.000	0.000	0.000
64.000	9552.000	1571.500	20.000	0.000	3.000	0.000	0.000
64.000	9230.000	1571.500	20.000	0.000	3.000	0.000	0.000
64.000	7938.000	1571.500	20.000	0.000	3.000	0.000	0.000
80.000	7634.000	1571.500	20.000	0.000	3.000	0.000	0.000
64.000	7445.000	1571.500	20.000	0.000	3.000	0.000	0.000
63.000	7332.000	1571.500	20.000	0.000	3.000	0.000	0.000
65.000	7291.000	1571.500	20.000	0.000	3.000	0.000	0.000
64.000	7237.000	1571.500	20.000	0.000	3.000	0.000	0.000
63.000	7205.000	1571.500	20.000	0.000	3.000	0.000	0.000
65.000	7168.000	1571.500	20.000	0.000	3.000	0.000	0.000
64.000	7143.000	1571.500	20.000	0.000	3.000	0.000	0.000
64.000	7113.000	1571.370	20.000	0.000	3.000	0.000	0.000
63.000	7089.000	1571.500	20.000	0.000	3.000	0.000	0.000
65.000	7085.000	1571.500	20.000	0.000	3.000	0.000	0.000
63.000	7103.000	1571.500	20.000	0.000	3.000	0.000	0.000
80.000	7136.000	1571.500	20.000	0.000	3.000	0.000	0.000
64.000	7171.000	1571.500	20.000	0.000	3.000	0.000	0.000
64.000	7194.000	1571.500	20.000	0.000	3.000	0.000	0.000
64.000	7205.000	1571.500	20.000	0.000	3.000	0.000	0.000
64.000	7223.000	1571.370	20.000	0.000	3.000	0.000	0.000
63.000	7234.000	1571.500	20.000	0.000	3.000	0.000	0.000
64.000	7247.000	1571.500	20.000	0.000	3.000	0.000	0.000
65.000	7265.000	1571.500	20.000	0.000	3.000	0.000	0.000
63.000	7271.000	1571.500	20.000	0.000	3.000	0.000	0.000
65.000	7275.000	1571.500	20.000	0.000	3.000	0.000	0.000
63.000	7292.000	1571.500	20.000	0.000	3.000	0.000	0.000
80.000	7305.000	1571.370	20.000	0.000	3.000	0.000	0.000
64.000	7309.000	1571.500	20.000	0.000	3.000	0.000	0.000
64.000	7308.000	1571.370	20.000	0.000	3.000	0.000	0.000
64.000	7305.000	1571.370	20.000	0.000	3.000	0.000	0.000
64.000	7309.000	1571.500	20.000	0.000	3.000	0.000	0.000
64.000	7285.000	1571.500	20.000	0.000	3.000	0.000	0.000
64.000	7263.000	1571.500	20.000	0.000	3.000	0.000	0.000
63.000	7253.000	1571.500	20.000	0.000	3.000	0.000	0.000
65.000	7239.000	1571.500	20.000	0.000	3.000	0.000	0.000
64.000	7215.000	1571.500	20.000	0.000	3.000	0.000	0.000
64.000	7200.000	1571.500	20.000	0.000	3.000	0.000	0.000
63.000	7191.000	1571.500	20.000	0.000	3.000	0.000	0.000
80.000	7179.000	1571.500	20.000	0.000	3.000	0.000	0.000
64.000	7181.000	1571.370	20.000	0.000	3.000	0.000	0.000
65.000	7173.000	1571.370	20.000	0.000	3.000	0.000	0.000
64.000	7168.000	1571.500	20.000	0.000	3.000	0.000	0.000
63.000	7167.000	1571.500	20.000	0.000	3.000	0.000	0.000
64.000	7163.000	1571.500	20.000	0.000	3.000	0.000	0.000
64.000	7158.000	1571.370	20.000	0.000	3.000	0.000	0.000
64.000	7162.000	1571.500	20.000	0.000	3.000	0.000	0.000
63.000	7159.000	1571.500	20.000	0.000	3.000	0.000	0.000
65.000	7160.000	1571.370	20.000	0.000	3.000	0.000	0.000
64.000	7160.000	1571.500	20.000	0.000	3.000	0.000	0.000
64.000	7161.000	1571.370	20.000	0.000	3.000	0.000	0.000
79.000	7167.000	1571.500	20.000	0.000	3.000	0.000	0.000
64.000	7164.000	1571.500	20.000	0.000	3.000	0.000	0.000
65.000	7166.000	1571.370	20.000	0.000	3.000	0.000	0.000
64.000	7171.000	1571.500	20.000	0.000	3.000	0.000	0.000
63.000	7167.000	1571.370	20.000	0.000	3.000	0.000	0.000
65.000	7172.000	1571.370	20.000	0.000	3.000	0.000	0.000
63.000	7170.000	1571.500	20.000	0.000	3.000	0.000	0.000
64.000	7177.000	1571.370	20.000	0.000	3.000	0.000	0.000
64.000	7174.000	1571.370	20.000	0.000	3.000	0.000	0.000
64.000	7177.000	1571.370	20.000	0.000	3.000	0.000	0.000
64.000	7174.000	1571.500	20.000	0.000	3.000	0.000	0.000
64.000	7181.000	1571.500	20.000	0.000	3.000	0.000	0.000
80.000	7195.000	1571.500	20.000	0.000	3.000	0.000	0.000
63.000	7188.000	1571.500	20.000	0.000	3.000	0.000	0.000
64.000	7204.000	1571.500	20.000	0.000	3.000	0.000	0.000
64.000	7234.000	1571.500	20.000	0.000	3.000	0.000	0.000
65.000	7279.000	1571.370	20.000	0.000	3.000	0.000	0.000
63.000	7330.000	1571.500	20.000	0.000	3.000	0.000	0.000
65.000	7387.000	1571.500	20.000	0.000	3.000	0.000	0.000
63.000	7451.000	1571.500	20.000	0.000	3.000	0.000	0.000
64.000	7527.000	1571.500	20.000	0.000	3.000	0.000	0.000
64.000	7606.000	1571.370	20.000	0.000	3.000	0.000	0.000
64.000	7689.000	1571.370	20.000	0.000	3.000	0.000	0.000
80.000	7786.000	1571.500	20.000	0.000	3.000	0.000	0.000
63.000	7906.000	1571.370	20.000	0.000	3.000	0.000	0.000
65.000	8049.000	1571.370	20.000	0.000	3.000	0.000	0.000
63.000	8237.000	1571.370	20.000	0.000	3.000	0.000	0.000
65.000	8563.000	1571.500	20.000	0.000	3.000	0.000	0.000
64.000	9208.000	1571.500	20.000	0.000	3.000	0.000	0.000
63.000	9761.000	1571.500	20.000	0.000	3.000	0.000	0.000
64.000	10001.000	1571.880	20.000	0.000	3.000	0.000	0.000
64.000	10214.000	1572.260	20.000	0.000	3.000	0.000	0.000
64.000	10300.000	1573.670	20.000	0.000	3.000	0.000	0.000
64.000	10394.000	1574.170	20.000	0.000	3.000	0.000	0.000
64.000	10551.000	1574.680	20.000	0.000	3.000	0.000	0.000
80.000	10801.000	1575.450	20.000	0.000	3.000	0.000	0.000
63.000	11358.000	1576.210	20.000	0.000	3.000	0.000	0.000
65.000	12193.000	1576.980	20.000	0.000	3.000	0.000	0.000
64.000	13261.000	1577.740	20.000	0.000	3.000	0.000	0.000
64.000	14297.000	1578.380	20.000	0.000	3.000	0.000	0.000
63.000	14408.000	1578.380	20.000	0.000	3.000	0.000	0.000
65.000	14285.000	1577.870	20.000	0.000	3.000	0.000	0.000
63.000	13968.000	1576.720	20.000	0.000	3.000	0.000	0.000
64.000	13597.000	1575.960	20.000	0.000	3.000	0.000	0.000
64.000	13253.000	1575.190	20.000	0.000	3.000	0.000	0.000
64.000	13012.000	1574.560	20.000	0.000	3.000	0.000	0.000
64.000	12730.000	1573.920	20.000	0.000	3.000	0.000	0.000
79.000	12415.000	1573.410	20.000	0.000	3.000	0.000	0.000
65.000	11939.000	1572.900	20.000	0.000	3.000	0.000	0.000
64.000	11186.000	1572.390	20.000	0.000	3.000	0.000	0.000
63.000	10682.000	1572.140	20.000	0.000	3.000	0.000	0.000
65.000	10327.000	1572.010	20.000	0.000	3.000	0.000	0.000
63.000	10081.000	1571.880	20.000	0.000	3.000	0.000	0.000
65.000	9938.000	1571.880	20.000	0.000	3.000	0.000	0.000
64.000	9686.000	1571.880	20.000	0.000	3.000	0.000	0.000
64.000	9499.000	1571.750	20.000	0.000	3.000	0.000	0.000
63.000	9339.000	1571.750	20.000	0.000	3.000	0.000	0.000
65.000	8364.000	1571.880	20.000	0.000	3.000	0.000	0.000
79.000	7813.000	1571.880	20.000	0.000	3.000	0.000	0.000
63.000	7639.000	1571.880	20.000	0.000	3.000	0.000	0.000
65.000	7509.000	1571.880	20.000	0.000	3.000	0.000	0.000
63.000	7424.000	1571.880	20.000	0.000	3.000	0.000	0.000
65.000	7358.000	1571.750	20.000	0.000	3.000	0.000	0.000
64.000	7311.000	1571.750	20.000	0.000	3.000	0.000	0.000
63.000	7271.000	1571.880	20.000	0.000	3.000	0.000	0.000
64.000	7242.000	1571.880	20.000	0.000	3.000	0.000	0.000
65.000	7208.000	1571.750	20.000	0.000	3.000	0.000	0.000
63.000	7182.000	1571.750	20.000	0.000	3.000	0.000	0.000
64.000	7168.000	1571.750	20.000	0.000	3.000	0.000	0.000
64.000	7177.000	1571.750	20.000	0.000	3.000	0.000	0.000
80.000	7212.000	1571.880	20.000	0.000	3.000	0.000	0.000
64.000	7246.000	1571.880	20.000	0.000	3.000	0.000	0.000
64.000	7259.000	1571.880	20.000	0.000	3.000	0.000	0.000
64.000	7274.000	1571.880	20.000	0.000	3.000	0.000	0.000
63.000	7279.000	1571.750	20.000	0.000	3.000	0.000	0.000
64.000	7293.000	1571.750	20.000	0.000	3.000	0.000	0.000
65.000	7297.000	1571.880	20.000	0.000	3.000	0.000	0.000
64.000	7309.000	1571.750	20.000	0.000	3.000	0.000	0.000
63.000	7313.000	1571.750	20.000	0.000	3.000	0.000	0.000
64.000	7310.000	1572.010	20.000	0.000	3.000	0.000	0.000
64.000	7326.000	1571.750	20.000	0.000	3.000	0.000	0.000
64.000	7323.000	1571.880	20.000	0.000	3.000	0.000	0.000
80.000	7331.000	1571.880	20.000	0.000	3.000	0.000	0.000
64.000	7337.000	1571.880	20.000	0.000	3.000	0.000	0.000
64.000	7343.000	1571.750	20.000	0.000	3.000	0.000	0.000
64.000	7349.000	1571.750	20.000	0.000	3.000	0.000	0.000
64.000	7350.000	1571.880	20.000	0.000	3.000	0.000	0.000
63.000	7365.000	1571.750	20.000	0.000	3.000	0.000	0.000
64.000	7363.000	1571.880	20.000	0.000	3.000	0.000	0.000
65.000	7369.000	1571.750	20.000	0.000	3.000	0.000	0.000
63.000	7380.000	1571.880	20.000	0.000	3.000	0.000	0.000
65.000	7375.000	1571.880	20.000	0.000	3.000	0.000	0.000
63.000	7385.000	1571.750	20.000	0.000	3.000	0.000	0.000
80.000	7385.000	1571.750	20.000	0.000	3.000	0.000	0.000
64.000	7396.000	1571.750	20.000	0.000	3.000	0.000	0.000
64.000	7393.000	1571.750	20.000	0.000	3.000	0.000	0.000
64.000	7399.000	1571.880	20.000	0.000	3.000	0.000	0.000
64.000	7401.000	1571.750	20.000	0.000	3.000	0.000	0.000
64.000	7407.000	1571.750	20.000	0.000	3.000	0.000	0.000
63.000	7410.000	1571.880	20.000	0.000	3.000	0.000	0.000
65.000	7413.000	1571.750	20.000	0.000	3.000	0.000	0.000
63.000	7418.000	1571.750	20.000	0.000	3.000	0.000	0.000
65.000	7419.000	1571.880	20.000	0.000	3.000	0.000	0.000
64.000	7418.000	1571.880	20.000	0.000	3.000	0.000	0.000
63.000	7425.000	1571.880	20.000	0.000	3.000	0.000	0.000
80.000	7422.000	1571.750	20.000	0.000	3.000	0.000	0.000
64.000	7436.000	1571.880	20.000	0.000	3.000	0.000	0.000
64.000	7431.000	1571.880	20.000	0.000	3.000	0.000	0.000
64.000	7438.000	1571.880	20.000	0.000	3.000	0.000	0.000
64.000	7437.000	1571.880	20.000	0.000	3.000	0.000	0.000
64.000	7447.000	1571.750	20.000	0.000	3.000	0.000	0.000
64.000	7443.000	1571.880	20.000	0.000	3.000	0.000	0.000
64.000	7444.000	1571.880	20.000	0.000	3.000	0.000	0.000
63.000	7448.000	1571.880	20.000	0.000	3.000	0.000	0.000
65.000	7448.000	1571.880	20.000	0.000	3.000	0.000	0.000
64.000	7452.000	1571.750	20.000	0.000	3.000	0.000	0.000
64.000	7456.000	1571.880	20.000	0.000	3.000	0.000	0.000
79.000	7458.000	1571.750	20.000	0.000	3.000	0.000	0.000
65.000	7463.000	1571.750	20.000	0.000	3.000	0.000	0.000
64.000	7467.000	1571.880	20.000	0.000	3.000	0.000	0.000
63.000	7490.000	1571.880	20.000	0.000	3.000	0.000	0.000
65.000	7541.000	1571.750	20.000	0.000	3.000	0.000	0.000
63.000	7584.000	1571.750	20.000	0.000	3.000	0.000	0.000
64.000	7631.000	1571.880	20.000	0.000	3.000	0.000	0.000
64.000	7697.000	1571.880	20.000	0.000	3.000	0.000	0.000
64.000	7763.000	1571.750	20.000	0.000	3.000	0.000	0.000
64.000	7842.000	1571.880	20.000	0.000	3.000	0.000	0.000
64.000	7921.000	1571.750	20.000	0.000	3.000	0.000	0.000
80.000	8012.000	1571.880	20.000	0.000	3.000	0.000	0.000
63.000	8120.000	1571.880	20.000	0.000	3.000	0.000	0.000
64.000	8243.000	1571.880	20.000	0.000	3.000	0.000	0.000
64.000	8407.000	1571.750	20.000	0.000	3.000	0.000	0.000
64.000	8604.000	1571.750	20.000	0.000	3.000	0.000	0.000
64.000	9114.000	1571.880	20.000	0.000	3.000	0.000	0.000
64.000	9654.000	1572.010	20.000	0.000	3.000	0.000	0.000
64.000	10042.000	1572.010	20.000	0.000	3.000	0.000	0.000
64.000	10267.000	1572.390	20.000	0.000	3.000	0.000	0.000
64.000	10395.000	1573.540	20.000	0.000	3.000	0.000	0.000
64.000	10459.000	1574.170	20.000	0.000	3.000	0.000	0.000
64.000	10516.000	1574.810	20.000	0.000	3.000	0.000	0.000
80.000	10709.000	1575.320	20.000	0.000	3.000	0.000	0.000
63.000	11072.000	1576.080	20.000	0.000	3.000	0.000	0.000
65.000	11800.000	1576.850	20.000	0.000	3.000	0.000	0.000
63.000	12800.000	1577.610	20.000	0.000	3.000	0.000	0.000
64.000	13954.000	1578.500	20.000	0.000	3.000	0.000	0.000
64.000	14601.000	1578.760	20.000	0.000	3.000	0.000	0.000
64.000	14552.000	1578.500	20.000	0.000	3.000	0.000	0.000
64.000	14296.000	1577.610	20.000	0.000	3.000	0.000	0.000
64.000	13919.000	1576.720	20.000	0.000	3.000	0.000	0.000
64.000	13552.000	1575.830	20.000	0.000	3.000	0.000	0.000
64.000	13243.000	1575.070	20.000	0.000	3.000	0.000	0.000
63.000	12999.000	1574.560	20.000	0.000	3.000	0.000	0.000
81.000	12694.000	1573.920	20.000	0.000	3.000	0.000	0.000
64.000	12329.000	1573.410	20.000	0.000	3.000	0.000	0.000
63.000	11790.000	1573.030	20.000	0.000	3.000	0.000	0.000
65.000	11093.000	1572.650	20.000	0.000	3.000	0.000	0.000
64.000	10660.000	1572.650	20.000	0.000	3.000	0.000	0.000
64.000	10304.000	1572.260	20.000	0.000	3.000	0.000	0.000
63.000	10127.000	1572.260	20.000	0.000	3.000	0.000	0.000
64.000	9955.000	1572.260	20.000	0.000	3.000	0.000	0.000
65.000	9719.000	1572.260	20.000	0.000	3.000	0.000	0.000
63.000	9535.000	1572.260	20.000	0.000	3.000	0.000	0.000
64.000	9024.000	1572.260	20.000	0.000	3.000	0.000	0.000
64.000	7987.000	1572.260	20.000	0.000	3.000	0.000	0.000
80.000	7770.000	1572.260	20.000	0.000	3.000	0.000	0.000
64.000	7600.000	1572.260	20.000	0.000	3.000	0.000	0.000
64.000	7515.000	1572.390	20.000	0.000	3.000	0.000	0.000
63.000	7443.000	1572.140	20.000	0.000	3.000	0.000	0.000
65.000	7382.000	1572.140	20.000	0.000	3.000	0.000	0.000
64.000	7335.000	1572.140	20.000	0.000	3.000	0.000	0.000
64.000	7308.000	1572.260	20.000	0.000	3.000	0.000	0.000
63.000	7274.000	1572.260	20.000	0.000	3.000	0.000	0.000
64.000	7248.000	1572.260	20.000	0.000	3.000	0.000	0.000
65.000	7225.000	1572.260	20.000	0.000	3.000	0.000	0.000
63.000	7229.000	1572.260	20.000	0.000	3.000	0.000	0.000
80.000	7249.000	1572.140	20.000	0.000	3.000	0.000	0.000
65.000	7281.000	1572.260	20.000	0.000	3.000	0.000	0.000
63.000	7307.000	1572.260	20.000	0.000	3.000	0.000	0.000
64.000	7317.000	1572.260	20.000	0.000	3.000	0.000	0.000
64.000	7331.000	1572.260	20.000	0.000	3.000	0.000	0.000
64.000	7334.000	1572.140	20.000	0.000	3.000	0.000	0.000
64.000	7348.000	1572.260	20.000	0.000	3.000	0.000	0.000
64.000	7354.000	1572.140	20.000	0.000	3.000	0.000	0.000
64.000	7359.000	1572.260	20.000	0.000	3.000	0.000	0.000
63.000	7368.000	1572.140	20.000	0.000	3.000	0.000	0.000
64.000	7377.000	1572.140	20.000	0.000	3.000	0.000	0.000
64.000	7384.000	1572.140	20.000	0.000	3.000	0.000	0.000
81.000	7390.000	1572.260	20.000	0.000	3.000	0.000	0.000
63.000	7395.000	1572.140	20.000	0.000	3.000	0.000	0.000
64.000	7402.000	1572.260	20.000	0.000	3.000	0.000	0.000
64.000	7407.000	1572.260	20.000	0.000	3.000	0.000	0.000
64.000	7415.000	1572.260	20.000	0.000	3.000	0.000	0.000
64.000	7421.000	1572.140	20.000	0.000	3.000	0.000	0.000
64.000	7431.000	1572.260	20.000	0.000	3.000	0.000	0.000
64.000	7431.000	1572.140	20.000	0.000	3.000	0.000	0.000
64.000	7440.000	1572.140	20.000	0.000	3.000	0.000	0.000
63.000	7444.000	1572.260	20.000	0.000	3.000	0.000	0.000
64.000	7445.000	1572.260	20.000	0.000	3.000	0.000	0.000
65.000	7447.000	1572.260	20.000	0.000	3.000	0.000	0.000
80.000	7454.000	1572.260	20.000	0.000	3.000	0.000	0.000
63.000	7454.000	1572.140	20.000	0.000	3.000	0.000	0.000
65.000	7458.000	1572.140	20.000	0.000	3.000	0.000	0.000
63.000	7466.000	1572.260	20.000	0.000	3.000	0.000	0.000
64.000	7466.000	1572.140	20.000	0.000	3.000	0.000	0.000
64.000	7475.000	1572.260	20.000	0.000	3.000	0.000	0.000
64.000	7478.000	1572.260	20.000	0.000	3.000	0.000	0.000
64.000	7477.000	1572.140	20.000	0.000	3.000	0.000	0.000
64.000	7481.000	1572.140	20.000	0.000	3.000	0.000	0.000
64.000	7484.000	1572.260	20.000	0.000	3.000	0.000	0.000
64.000	7489.000	1572.260	20.000	0.000	3.000	0.000	0.000
80.000	7488.000	1572.140	20.000	0.000	3.000	0.000	0.000
64.000	7489.000	1572.260	20.000	0.000	3.000	0.000	0.000
63.000	7452.000	1572.260	20.000	0.000	3.000	0.000	0.000
65.000	7445.000	1572.260	20.000	0.000	3.000	0.000	0.000
63.000	7445.000	1572.260	20.000	0.000	3.000	0.000	0.000
64.000	7443.000	1572.140	20.000	0.000	3.000	0.000	0.000
64.000	7447.000	1572.260	20.000	0.000	3.000	0.000	0.000
64.000	7445.000	1572.140	20.000	0.000	3.000	0.000	0.000
64.000	7450.000	1572.140	20.000	0.000	3.000	0.000	0.000
64.000	7453.000	1572.140	20.000	0.000	3.000	0.000	0.000
64.000	7453.000	1572.140	20.000	0.000	3.000	0.000	0.000
64.000	7455.000	1572.140	20.000	0.000	3.000	0.000	0.000
80.000	7467.000	1572.260	20.000	0.000	3.000	0.000	0.000
63.000	7465.000	1572.260	20.000	0.000	3.000	0.000	0.000
64.000	7471.000	1572.140	20.000	0.000	3.000	0.000	0.000
65.000	7494.000	1572.140	20.000	0.000	3.000	0.000	0.000
64.000	7537.000	1572.140	20.000	0.000	3.000	0.000	0.000
63.000	7578.000	1572.260	20.000	0.000	3.000	0.000	0.000
64.000	7630.000	1572.260	20.000	0.000	3.000	0.000	0.000
64.000	7693.000	1572.260	20.000	0.000	3.000	0.000	0.000
64.000	7764.000	1572.140	20.000	0.000	3.000	0.000	0.000
64.000	7843.000	1572.140	20.000	0.000	3.000	0.000	0.000
64.000	7922.000	1572.260	20.000	0.000	3.000	0.000	0.000
64.000	8020.000	1572.260	20.000	0.000	3.000	0.000	0.000
80.000	8126.000	1572.140	20.000	0.000	3.000	0.000	0.000
64.000	8260.000	1572.260	20.000	0.000	3.000	0.000	0.000
63.000	8422.000	1572.140	20.000	0.000	3.000	0.000	0.000
65.000	8651.000	1572.140	20.000	0.000	3.000	0.000	0.000
63.000	9153.000	1572.260	20.000	0.000	3.000	0.000	0.000
64.000	9701.000	1572.390	20.000	0.000	3.000	0.000	0.000
64.000	10117.000	1572.520	20.000	0.000	3.000	0.000	0.000
65.000	10359.000	1572.770	20.000	0.000	3.000	0.000	0.000
64.000	10497.000	1573.920	20.000	0.000	3.000	0.000	0.000
64.000	10554.000	1574.560	20.000	0.000	3.000	0.000	0.000
63.000	10611.000	1575.070	20.000	0.000	3.000	0.000	0.000
80.000	10770.000	1575.830	20.000	0.000	3.000	0.000	0.000
63.000	11125.000	1576.470	20.000	0.000	3.000	0.000	0.000
64.000	11884.000	1577.100	20.000	0.000	3.000	0.000	0.000
64.000	12883.000	1577.990	20.000	0.000	3.000	0.000	0.000
64.000	13978.000	1578.890	20.000	0.000	3.000	0.000	0.000
65.000	14756.000	1579.140	20.000	0.000	3.000	0.000	0.000
63.000	14687.000	1579.010	20.000	0.000	3.000	0.000	0.000
64.000	14423.000	1578.120	20.000	0.000	3.000	0.000	0.000
64.000	14030.000	1577.230	20.000	0.000	3.000	0.000	0.000
65.000	13667.000	1576.210	20.000	0.000	3.000	0.000	0.000
63.000	13330.000	1575.580	20.000	0.000	3.000	0.000	0.000
64.000	13110.000	1574.940	20.000	0.000	3.000	0.000	0.000
79.000	12841.000	1574.430	20.000	0.000	3.000	0.000	0.000
64.000	12502.000	1574.050	20.000	0.000	3.000	0.000	0.000
64.000	11988.000	1573.410	20.000	0.000	3.000	0.000	0.000
64.000	11251.000	1572.900	20.000	0.000	3.000	0.000	0.000
64.000	10803.000	1572.650	20.000	0.000	3.000	0.000	0.000
65.000	10463.000	1572.390	20.000	0.000	3.000	0.000	0.000
63.000	10250.000	1572.260	20.000	0.000	3.000	0.000	0.000
64.000	10072.000	1572.260	20.000	0.000	3.000	0.000	0.000
64.000	9812.000	1572.260	20.000	0.000	3.000	0.000	0.000
64.000	9633.000	1572.260	20.000	0.000	3.000	0.000	0.000
64.000	9252.000	1572.140	20.000	0.000	3.000	0.000	0.000
64.000	8099.000	1572.010	20.000	0.000	3.000	0.000	0.000
80.000	7892.000	1571.880	20.000	0.000	3.000	0.000	0.000
64.000	7745.000	1571.880	20.000	0.000	3.000	0.000	0.000
64.000	7642.000	1571.880	20.000	0.000	3.000	0.000	0.000
64.000	7579.000	1571.880	20.000	0.000	3.000	0.000	0.000
64.000	7522.000	1571.880	20.000	0.000	3.000	0.000	0.000
64.000	7483.000	1571.880	20.000	0.000	3.000	0.000	0.000
64.000	7445.000	1571.880	20.000	0.000	3.000	0.000	0.000
64.000	7404.000	1571.880	20.000	0.000	3.000	0.000	0.000
63.000	7385.000	1572.010	20.000	0.000	3.000	0.000	0.000
65.000	7357.000	1571.880	20.000	0.000	3.000	0.000	0.000
63.000	7365.000	1571.880	20.000	0.000	3.000	0.000	0.000
80.000	7381.000	1571.880	20.000	0.000	3.000	0.000	0.000
64.000	7425.000	1571.880	20.000	0.000	3.000	0.000	0.000
64.000	7445.000	1571.750	20.000	0.000	3.000	0.000	0.000
64.000	7456.000	1571.880	20.000	0.000	3.000	0.000	0.000
64.000	7462.000	1571.880	20.000	0.000	3.000	0.000	0.000
63.000	7464.000	1571.880	20.000	0.000	3.000	0.000	0.000
64.000	7473.000	1571.880	20.000	0.000	3.000	0.000	0.000
65.000	7479.000	1571.750	20.000	0.000	3.000	0.000	0.000
64.000	7487.000	1571.880	20.000	0.000	3.000	0.000	0.000
64.000	7502.000	1571.750	20.000	0.000	3.000	0.000	0.000
63.000	7503.000	1572.010	20.000	0.000	3.000	0.000	0.000
64.000	7507.000	1571.880	20.000	0.000	3.000	0.000	0.000
80.000	7513.000	1571.880	20.000	0.000	3.000	0.000	0.000
64.000	7524.000	1571.880	20.000	0.000	3.000	0.000	0.000
64.000	7524.000	1571.880	20.000	0.000	3.000	0.000	0.000
64.000	7530.000	1571.750	20.000	0.000	3.000	0.000	0.000
64.000	7534.000	1571.750	20.000	0.000	3.000	0.000	0.000
64.000	7538.000	1571.880	20.000	0.000	3.000	0.000	0.000
64.000	7549.000	1571.880	20.000	0.000	3.000	0.000	0.000
64.000	7546.000	1571.880	20.000	0.000	3.000	0.000	0.000
64.000	7553.000	1571.880	20.000	0.000	3.000	0.000	0.000
64.000	7556.000	1571.880	20.000	0.000	3.000	0.000	0.000
64.000	7554.000	1572.010	20.000	0.000	3.000	0.000	0.000
64.000	7564.000	1571.880	20.000	0.000	3.000	0.000	0.000
79.000	7568.000	1571.880	20.000	0.000	3.000	0.000	0.000
64.000	7571.000	1571.750	20.000	0.000	3.000	0.000	0.000
64.000	7579.000	1571.880	20.000	0.000	3.000	0.000	0.000
64.000	7579.000	1571.750	20.000	0.000	3.000	0.000	0.000
64.000	7583.000	1571.750	20.000	0.000	3.000	0.000	0.000
64.000	7581.000	1572.010	20.000	0.000	3.000	0.000	0.000
63.000	7589.000	1571.880	20.000	0.000	3.000	0.000	0.000
65.000	7597.000	1571.880	20.000	0.000	3.000	0.000	0.000
63.000	7587.000	1571.880	20.000	0.000	3.000	0.000	0.000
64.000	7594.000	1571.880	20.000	0.000	3.000	0.000	0.000
64.000	7594.000	1571.880	20.000	0.000	3.000	0.000	0.000
80.000	7601.000	1571.880	20.000	0.000	3.000	0.000	0.000
64.000	7601.000	1571.880	20.000	0.000	3.000	0.000	0.000
64.000	7605.000	1572.010	20.000	0.000	3.000	0.000	0.000
64.000	7606.000	1572.010	20.000	0.000	3.000	0.000	0.000
64.000	7606.000	1572.010	20.000	0.000	3.000	0.000	0.000
64.000	7614.000	1571.880	20.000	0.000	3.000	0.000	0.000
64.000	7612.000	1571.880	20.000	0.000	3.000	0.000	0.000
64.000	7622.000	1571.880	20.000	0.000	3.000	0.000	0.000
64.000	7621.000	1571.880	20.000	0.000	3.000	0.000	0.000
64.000	7628.000	1571.880	20.000	0.000	3.000	0.000	0.000
63.000	7624.000	1571.880	20.000	0.000	3.000	0.000	0.000
65.000	7628.000	1571.750	20.000	0.000	3.000	0.000	0.000
80.000	7635.000	1571.750	20.000	0.000	3.000	0.000	0.000
64.000	7634.000	1571.880	20.000	0.000	3.000	0.000	0.000
63.000	7634.000	1571.880	20.000	0.000	3.000	0.000	0.000
65.000	7655.000	1571.880	20.000	0.000	3.000	0.000	0.000
63.000	7700.000	1571.750	20.000	0.000	3.000	0.000	0.000
65.000	7740.000	1571.880	20.000	0.000	3.000	0.000	0.000
63.000	7795.000	1571.880	20.000	0.000	3.000	0.000	0.000
64.000	7858.000	1571.880	20.000	0.000	3.000	0.000	0.000
64.000	7925.000	1571.880	20.000	0.000	3.000	0.000	0.000
64.000	7995.000	1571.880	20.000	0.000	3.000	0.000	0.000
64.000	8079.000	1571.880	20.000	0.000	3.000	0.000	0.000
64.000	8173.000	1571.880	20.000	0.000	3.000	0.000	0.000
79.000	8278.000	1571.750	20.000	0.000	3.000	0.000	0.000
64.000	8399.000	1571.880	20.000	0.000	3.000	0.000	0.000
64.000	8552.000	1572.010	20.000	0.000	3.000	0.000	0.000
64.000	8748.000	1571.750	20.000	0.000	3.000	0.000	0.000
64.000	9156.000	1571.880	20.000	0.000	3.000	0.000	0.000
65.000	9730.000	1571.880	20.000	0.000	3.000	0.000	0.000
63.000	10182.000	1572.140	20.000	0.000	3.000	0.000	0.000
64.000	10417.000	1572.520	20.000	0.000	3.000	0.000	0.000
64.000	10570.000	1573.280	20.000	0.000	3.000	0.000	0.000
64.000	10648.000	1574.050	20.000	0.000	3.000	0.000	0.000
63.000	10688.000	1574.560	20.000	0.000	3.000	0.000	0.000
64.000	10803.000	1575.190	20.000	0.000	3.000	0.000	0.000
80.000	11136.000	1575.960	20.000	0.000	3.000	0.000	0.000
64.000	11826.000	1576.590	20.000	0.000	3.000	0.000	0.000
65.000	12824.000	1577.490	20.000	0.000	3.000	0.000	0.000
63.000	13938.000	1578.380	20.000	0.000	3.000	0.000	0.000
64.000	14755.000	1578.630	20.000	0.000	3.000	0.000	0.000
65.000	14830.000	1578.500	20.000	0.000	3.000	0.000	0.000
64.000	14578.000	1577.740	20.000	0.000	3.000	0.000	0.000
63.000	14150.000	1576.850	20.000	0.000	3.000	0.000	0.000
64.000	13781.000	1575.960	20.000	0.000	3.000	0.000	0.000
64.000	13456.000	1575.070	20.000	0.000	3.000	0.000	0.000
64.000	13230.000	1574.560	20.000	0.000	3.000	0.000	0.000
80.000	12957.000	1574.050	20.000	0.000	3.000	0.000	0.000
63.000	12658.000	1573.540	20.000	0.000	3.000	0.000	0.000
65.000	12167.000	1573.030	20.000	0.000	3.000	0.000	0.000
64.000	11458.000	1572.650	20.000	0.000	3.000	0.000	0.000
64.000	10984.000	1572.390	20.000	0.000	3.000	0.000	0.000
63.000	10584.000	1572.010	20.000	0.000	3.000	0.000	0.000
64.000	10345.000	1571.880	20.000	0.000	3.000	0.000	0.000
64.000	10168.000	1571.880	20.000	0.000	3.000	0.000	0.000
64.000	9919.000	1572.010	20.000	0.000	3.000	0.000	0.000
64.000	9720.000	1571.750	20.000	0.000	3.000	0.000	0.000
64.000	9335.000	1571.250	20.000	0.000	3.000	0.000	0.000
64.000	8150.000	1570.610	20.000	0.000	3.000	0.000	0.000
79.000	7931.000	1570.230	20.000	0.000	3.000	0.000	0.000
64.000	7789.000	1570.230	20.000	0.000	3.000	0.000	0.000
64.000	7677.000	1570.230	20.000	0.000	3.000	0.000	0.000
64.000	7614.000	1570.100	20.000	0.000	3.000	0.000	0.000
65.000	7557.000	1570.100	20.000	0.000	3.000	0.000	0.000
64.000	7520.000	1570.230	20.000	0.000	3.000	0.000	0.000
64.000	7491.000	1570.100	20.000	0.000	3.000	0.000	0.000
63.000	7458.000	1570.100	20.000	0.000	3.000	0.000	0.000
64.000	7434.000	1570.230	20.000	0.000	3.000	0.000	0.000
64.000	7419.000	1570.100	20.000	0.000	3.000	0.000	0.000
64.000	7418.000	1570.100	20.000	0.000	3.000	0.000	0.000
64.000	7445.000	1570.230	20.000	0.000	3.000	0.000	0.000
80.000	7477.000	1570.100	20.000	0.000	3.000	0.000	0.000
64.000	7513.000	1570.100	20.000	0.000	3.000	0.000	0.000
63.000	7526.000	1570.230	20.000	0.000	3.000	0.000	0.000
65.000	7535.000	1570.100	20.000	0.000	3.000	0.000	0.000
64.000	7547.000	1570.100	20.000	0.000	3.000	0.000	0.000
63.000	7547.000	1570.100	20.000	0.000	3.000	0.000	0.000
65.000	7548.000	1569.970	20.000	0.000	3.000	0.000	0.000
63.000	7559.000	1570.100	20.000	0.000	3.000	0.000	0.000
65.000	7569.000	1570.100	20.000	0.000	3.000	0.000	0.000
63.000	7573.000	1570.100	20.000	0.000	3.000	0.000	0.000
65.000	7581.000	1570.230	20.000	0.000	3.000	0.000	0.000
79.000	7576.000	1570.100	20.000	0.000	3.000	0.000	0.000
64.000	7579.000	1570.100	20.000	0.000	3.000	0.000	0.000
63.000	7587.000	1570.100	20.000	0.000	3.000	0.000	0.000
65.000	7591.000	1570.100	20.000	0.000	3.000	0.000	0.000
64.000	7600.000	1570.100	20.000	0.000	3.000	0.000	0.000
64.000	7606.000	1570.100	20.000	0.000	3.000	0.000	0.000
63.000	7609.000	1570.100	20.000	0.000	3.000	0.000	0.000
65.000	7611.000	1570.230	20.000	0.000	3.000	0.000	0.000
64.000	7614.000	1570.100	20.000	0.000	3.000	0.000	0.000
64.000	7619.000	1570.100	20.000	0.000	3.000	0.000	0.000
63.000	7625.000	1570.100	20.000	0.000	3.000	0.000	0.000
64.000	7631.000	1570.230	20.000	0.000	3.000	0.000	0.000
80.000	7627.000	1569.970	20.000	0.000	3.000	0.000	0.000
64.000	7632.000	1570.100	20.000	0.000	3.000	0.000	0.000
64.000	7637.000	1570.100	20.000	0.000	3.000	0.000	0.000
64.000	7633.000	1570.100	20.000	0.000	3.000	0.000	0.000
64.000	7639.000	1570.100	20.000	0.000	3.000	0.000	0.000
63.000	7640.000	1570.100	20.000	0.000	3.000	0.000	0.000
65.000	7647.000	1570.230	20.000	0.000	3.000	0.000	0.000
63.000	7644.000	1570.100	20.000	0.000	3.000	0.000	0.000
65.000	7652.000	1570.100	20.000	0.000	3.000	0.000	0.000
63.000	7653.000	1570.230	20.000	0.000	3.000	0.000	0.000
64.000	7656.000	1570.100	20.000	0.000	3.000	0.000	0.000
80.000	7663.000	1570.100	20.000	0.000	3.000	0.000	0.000
64.000	7664.000	1570.100	20.000	0.000	3.000	0.000	0.000
64.000	7661.000	1570.100	20.000	0.000	3.000	0.000	0.000
64.000	7665.000	1570.230	20.000	0.000	3.000	0.000	0.000
64.000	7671.000	1570.100	20.000	0.000	3.000	0.000	0.000
64.000	7676.000	1569.970	20.000	0.000	3.000	0.000	0.000
64.000	7677.000	1570.100	20.000	0.000	3.000	0.000	0.000
64.000	7678.000	1570.100	20.000	0.000	3.000	0.000	0.000
64.000	7677.000	1570.100	20.000	0.000	3.000	0.000	0.000
63.000	7681.000	1570.100	20.000	0.000	3.000	0.000	0.000
64.000	7685.000	1570.230	20.000	0.000	3.000	0.000	0.000
64.000	7693.000	1570.100	20.000	0.000	3.000	0.000	0.000
80.000	7692.000	1570.100	20.000	0.000	3.000	0.000	0.000
65.000	7694.000	1570.230	20.000	0.000	3.000	0.000	0.000
63.000	7700.000	1570.100	20.000	0.000	3.000	0.000	0.000
64.000	7713.000	1570.100	20.000	0.000	3.000	0.000	0.000
64.000	7749.000	1570.100	20.000	0.000	3.000	0.000	0.000
64.000	7795.000	1570.100	20.000	0.000	3.000	0.000	0.000
63.000	7849.000	1570.100	20.000	0.000	3.000	0.000	0.000
65.000	7901.000	1570.100	20.000	0.000	3.000	0.000	0.000
64.000	7967.000	1570.100	20.000	0.000	3.000	0.000	0.000
64.000	8044.000	1570.230	20.000	0.000	3.000	0.000	0.000
63.000	8119.000	1570.100	20.000	0.000	3.000	0.000	0.000
64.000	8207.000	1570.100	20.000	0.000	3.000	0.000	0.000
80.000	8302.000	1570.100	20.000	0.000	3.000	0.000	0.000
65.000	8424.000	1570.100	20.000	0.000	3.000	0.000	0.000
63.000	8575.000	1570.100	20.000	0.000	3.000	0.000	0.000
64.000	8752.000	1570.100	20.000	0.000	3.000	0.000	0.000
64.000	9018.000	1570.100	20.000	0.000	3.000	0.000	0.000
64.000	9639.000	1570.230	20.000	0.000	3.000	0.000	0.000
64.000	10155.000	1570.350	20.000	0.000	3.000	0.000	0.000
64.000	10413.000	1570.740	20.000	0.000	3.000	0.000	0.000
64.000	10630.000	1571.370	20.000	0.000	3.000	0.000	0.000
63.000	10723.000	1572.260	20.000	0.000	3.000	0.000	0.000
64.000	10760.000	1572.650	20.000	0.000	3.000	0.000	0.000
81.000	10858.000	1573.410	20.000	0.000	3.000	0.000	0.000
63.000	11094.000	1573.920	20.000	0.000	3.000	0.000	0.000
64.000	11672.000	1574.680	20.000	0.000	3.000	0.000	0.000
64.000	12588.000	1575.580	20.000	0.000	3.000	0.000	0.000
64.000	13701.000	1576.210	20.000	0.000	3.000	0.000	0.000
64.000	14678.000	1576.850	20.000	0.000	3.000	0.000	0.000
64.000	15044.000	1576.850	20.000	0.000	3.000	0.000	0.000
64.000	14917.000	1576.470	20.000	0.000	3.000	0.000	0.000
64.000	14547.000	1575.580	20.000	0.000	3.000	0.000	0.000
64.000	14129.000	1574.560	20.000	0.000	3.000	0.000	0.000
64.000	13771.000	1573.670	20.000	0.000	3.000	0.000	0.000
63.000	13481.000	1573.030	20.000	0.000	3.000	0.000	0.000
81.000	13233.000	1572.520	20.000	0.000	3.000	0.000	0.000
64.000	12965.000	1572.010	20.000	0.000	3.000	0.000	0.000
64.000	12563.000	1571.500	20.000	0.000	3.000	0.000	0.000
63.000	11856.000	1570.990	20.000	0.000	3.000	0.000	0.000
65.000	11301.000	1570.740	20.000	0.000	3.000	0.000	0.000
63.000	10854.000	1570.350	20.000	0.000	3.000	0.000	0.000
64.000	10528.000	1570.230	20.000	0.000	3.000	0.000	0.000
64.000	10353.000	1570.100	20.000	0.000	3.000	0.000	0.000
64.000	10123.000	1570.100	20.000	0.000	3.000	0.000	0.000
64.000	9904.000	1570.100	20.000	0.000	3.000	0.000	0.000
64.000	9719.000	1569.970	20.000	0.000	3.000	0.000	0.000
64.000	8612.000	1569.340	20.000	0.000	3.000	0.000	0.000
79.000	8091.000	1569.080	20.000	0.000	3.000	0.000	0.000
65.000	7920.000	1569.080	20.000	0.000	3.000	0.000	0.000
63.000	7785.000	1568.950	20.000	0.000	3.000	0.000	0.000
64.000	7704.000	1568.950	20.000	0.000	3.000	0.000	0.000
64.000	7648.000	1568.950	20.000	0.000	3.000	0.000	0.000
64.000	7605.000	1568.950	20.000	0.000	3.000	0.000	0.000
64.000	7570.000	1569.080	20.000	0.000	3.000	0.000	0.000
64.000	7551.000	1568.950	20.000	0.000	3.000	0.000	0.000
64.000	7521.000	1568.950	20.000	0.000	3.000	0.000	0.000
63.000	7505.000	1568.950	20.000	0.000	3.000	0.000	0.000
64.000	7467.000	1568.950	20.000	0.000	3.000	0.000	0.000
64.000	7463.000	1568.950	20.000	0.000	3.000	0.000	0.000
80.000	7488.000	1568.950	20.000	0.000	3.000	0.000	0.000
64.000	7530.000	1569.080	20.000	0.000	3.000	0.000	0.000
64.000	7565.000	1568.830	20.000	0.000	3.000	0.000	0.000
64.000	7575.000	1568.950	20.000	0.000	3.000	0.000	0.000
64.000	7586.000	1568.950	20.000	0.000	3.000	0.000	0.000
64.000	7594.000	1568.950	20.000	0.000	3.000	0.000	0.000
64.000	7606.000	1569.080	20.000	0.000	3.000	0.000	0.000
64.000	7611.000	1568.950	20.000	0.000	3.000	0.000	0.000
64.000	7622.000	1568.950	20.000	0.000	3.000	0.000	0.000
64.000	7629.000	1569.080	20.000	0.000	3.000	0.000	0.000
64.000	7641.000	1568.950	20.000	0.000	3.000	0.000	0.000
79.000	7646.000	1568.830	20.000	0.000	3.000	0.000	0.000
65.000	7653.000	1568.950	20.000	0.000	3.000	0.000	0.000
63.000	7656.000	1568.950	20.000	0.000	3.000	0.000	0.000
65.000	7663.000	1568.950	20.000	0.000	3.000	0.000	0.000
64.000	7662.000	1568.950	20.000	0.000	3.000	0.000	0.000
64.000	7678.000	1568.950	20.000	0.000	3.000	0.000	0.000
64.000	7682.000	1568.830	20.000	0.000	3.000	0.000	0.000
63.000	7683.000	1569.080	20.000	0.000	3.000	0.000	0.000
64.000	7687.000	1569.080	20.000	0.000	3.000	0.000	0.000
65.000	7692.000	1568.950	20.000	0.000	3.000	0.000	0.000
63.000	7696.000	1568.950	20.000	0.000	3.000	0.000	0.000
64.000	7697.000	1568.830	20.000	0.000	3.000	0.000	0.000
80.000	7705.000	1569.080	20.000	0.000	3.000	0.000	0.000
63.000	7708.000	1568.950	20.000	0.000	3.000	0.000	0.000
65.000	7712.000	1568.950	20.000	0.000	3.000	0.000	0.000
64.000	7711.000	1568.950	20.000	0.000	3.000	0.000	0.000
64.000	7714.000	1569.080	20.000	0.000	3.000	0.000	0.000
63.000	7717.000	1568.950	20.000	0.000	3.000	0.000	0.000
64.000	7723.000	1569.080	20.000	0.000	3.000	0.000	0.000
65.000	7727.000	1568.950	20.000	0.000	3.000	0.000	0.000
63.000	7723.000	1568.950	20.000	0.000	3.000	0.000	0.000
64.000	7724.000	1568.950	20.000	0.000	3.000	0.000	0.000
64.000	7729.000	1568.950	20.000	0.000	3.000	0.000	0.000
64.000	7731.000	1568.950	20.000	0.000	3.000	0.000	0.000
80.000	7735.000	1568.950	20.000	0.000	3.000	0.000	0.000
64.000	7738.000	1568.950	20.000	0.000	3.000	0.000	0.000
65.000	7738.000	1568.950	20.000	0.000	3.000	0.000	0.000
63.000	7744.000	1569.080	20.000	0.000	3.000	0.000	0.000
63.000	7753.000	1568.950	20.000	0.000	3.000	0.000	0.000
64.000	7746.000	1568.950	20.000	0.000	3.000	0.000	0.000
64.000	7749.000	1568.950	20.000	0.000	3.000	0.000	0.000
64.000	7751.000	1568.950	20.000	0.000	3.000	0.000	0.000
64.000	7756.000	1568.950	20.000	0.000	3.000	0.000	0.000
64.000	7754.000	1568.950	20.000	0.000	3.000	0.000	0.000
64.000	7751.000	1568.950	20.000	0.000	3.000	0.000	0.000
80.000	7762.000	1568.950	20.000	0.000	3.000	0.000	0.000
65.000	7765.000	1568.950	20.000	0.000	3.000	0.000	0.000
63.000	7764.000	1569.080	20.000	0.000	3.000	0.000	0.000
63.000	7767.000	1568.950	20.000	0.000	3.000	0.000	0.000
65.000	7771.000	1568.950	20.000	0.000	3.000	0.000	0.000
64.000	7771.000	1568.830	20.000	0.000	3.000	0.000	0.000
63.000	7776.000	1568.950	20.000	0.000	3.000	0.000	0.000
64.000	7778.000	1568.950	20.000	0.000	3.000	0.000	0.000
65.000	7771.000	1568.950	20.000	0.000	3.000	0.000	0.000
64.000	7780.000	1568.950	20.000	0.000	3.000	0.000	0.000
63.000	7783.000	1568.950	20.000	0.000	3.000	0.000	0.000
64.000	7782.000	1568.950	20.000	0.000	3.000	0.000	0.000
80.000	7783.000	1569.080	20.000	0.000	3.000	0.000	0.000
64.000	7790.000	1568.950	20.000	0.000	3.000	0.000	0.000
64.000	7788.000	1568.950	20.000	0.000	3.000	0.000	0.000
64.000	7794.000	1568.950	20.000	0.000	3.000	0.000	0.000
64.000	7796.000	1568.950	20.000	0.000	3.000	0.000	0.000
64.000	7795.000	1568.950	20.000	0.000	3.000	0.000	0.000
64.000	7792.000	1568.830	20.000	0.000	3.000	0.000	0.000
63.000	7798.000	1568.950	20.000	0.000	3.000	0.000	0.000
65.000	7801.000	1569.080	20.000	0.000	3.000	0.000	0.000
63.000	7802.000	1569.080	20.000	0.000	3.000	0.000	0.000
64.000	7797.000	1568.950	20.000	0.000	3.000	0.000	0.000
65.000	7805.000	1568.950	20.000	0.000	3.000	0.000	0.000
79.000	7801.000	1568.950	20.000	0.000	3.000	0.000	0.000
65.000	7801.000	1568.950	20.000	0.000	3.000	0.000	0.000
63.000	7803.000	1569.080	20.000	0.000	3.000	0.000	0.000
64.000	7807.000	1569.080	20.000	0.000	3.000	0.000	0.000
64.000	7805.000	1568.950	20.000	0.000	3.000	0.000	0.000
64.000	7809.000	1569.080	20.000	0.000	3.000	0.000	0.000
63.000	7808.000	1568.950	20.000	0.000	3.000	0.000	0.000
65.000	7810.000	1568.950	20.000	0.000	3.000	0.000	0.000
64.000	7814.000	1568.950	20.000	0.000	3.000	0.000	0.000
63.000	7812.000	1568.830	20.000	0.000	3.000	0.000	0.000
65.000	7815.000	1568.950	20.000	0.000	3.000	0.000	0.000
79.000	7814.000	1568.950	20.000	0.000	3.000	0.000	0.000
64.000	7811.000	1568.830	20.000	0.000	3.000	0.000	0.000
65.000	7823.000	1568.950	20.000	0.000	3.000	0.000	0.000
63.000	7822.000	1568.950	20.000	0.000	3.000	0.000	0.000
64.000	7820.000	1568.950	20.000	0.000	3.000	0.000	0.000
