Loop Time (ms)	IR (16 bit)	Force (N)	Force (N)	Color	Speed (mm/s)	Spatial (mm)	Angle (deg)
275.000	13818.000	1542.140	5.000	3.000	1.000	0.000	0.000
3282.000	13822.000	1542.140	5.000	3.000	1.000	0.000	0.000
64.000	13820.000	1542.010	5.000	3.000	1.000	0.000	0.000
64.000	13820.000	1542.140	5.000	3.000	1.000	0.000	0.000
79.000	13817.000	1542.010	5.000	3.000	1.000	0.000	0.000
65.000	13817.000	1541.880	5.000	3.000	1.000	0.000	0.000
63.000	13820.000	1542.010	5.000	3.000	1.000	0.000	0.000
65.000	13826.000	1542.140	5.000	3.000	1.000	0.000	0.000
64.000	13819.000	1542.140	5.000	3.000	1.000	0.000	0.000
64.000	13827.000	1542.010	5.000	3.000	1.000	0.000	0.000
63.000	13827.000	1542.010	5.000	3.000	1.000	0.000	0.000
64.000	13827.000	1542.140	5.000	3.000	1.000	0.000	0.000
65.000	13821.000	1542.140	5.000	3.000	1.000	0.000	0.000
64.000	13822.000	1542.010	5.000	3.000	1.000	0.000	0.000
63.000	13822.000	1542.010	5.000	3.000	1.000	0.000	0.000
64.000	13821.000	1542.010	5.000	3.000	1.000	0.000	0.000
80.000	13822.000	1542.010	5.000	3.000	1.000	0.000	0.000
63.000	13819.000	1542.010	5.000	3.000	1.000	0.000	0.000
65.000	13823.000	1542.010	5.000	3.000	1.000	0.000	0.000
64.000	13821.000	1542.010	5.000	3.000	1.000	0.000	0.000
63.000	13823.000	1542.010	5.000	3.000	1.000	0.000	0.000
65.000	13822.000	1542.010	5.000	3.000	1.000	0.000	0.000
64.000	13824.000	1542.010	5.000	3.000	1.000	0.000	0.000
64.000	13821.000	1542.010	5.000	3.000	1.000	0.000	0.000
63.000	13824.000	1542.010	5.000	3.000	1.000	0.000	0.000
65.000	13823.000	1542.010	5.000	3.000	1.000	0.000	0.000
64.000	13824.000	1542.010	5.000	3.000	1.000	0.000	0.000
79.000	13819.000	1542.010	5.000	3.000	1.000	0.000	0.000
64.000	13823.000	1542.010	5.000	3.000	1.000	0.000	0.000
64.000	13822.000	1542.010	5.000	3.000	1.000	0.000	0.000
64.000	13823.000	1542.010	5.000	3.000	1.000	0.000	0.000
64.000	13826.000	1542.140	5.000	3.000	1.000	0.000	0.000
64.000	13821.000	1542.010	5.000	3.000	1.000	0.000	0.000
64.000	13825.000	1542.140	5.000	3.000	1.000	0.000	0.000
63.000	13824.000	1542.010	5.000	3.000	1.000	0.000	0.000
64.000	13821.000	1542.140	5.000	3.000	1.000	0.000	0.000
64.000	13825.000	1542.010	5.000	3.000	1.000	0.000	0.000
64.000	13827.000	1542.140	5.000	3.000	1.000	0.000	0.000
64.000	13826.000	1542.010	5.000	3.000	1.000	0.000	0.000
80.000	13827.000	1542.140	5.000	3.000	1.000	0.000	0.000
64.000	13799.000	1542.010	5.000	3.000	1.000	0.000	0.000
64.000	13733.000	1542.010	5.000	3.000	1.000	0.000	0.000
64.000	13649.000	1542.140	5.000	3.000	1.000	0.000	0.000
64.000	13532.000	1542.140	5.000	3.000	1.000	0.000	0.000
64.000	13385.000	1542.010	5.000	3.000	1.000	0.000	0.000
63.000	13223.000	1542.010	5.000	3.000	1.000	0.000	0.000
65.000	13035.000	1542.140	5.000	3.000	1.000	0.000	0.000
64.000	12852.000	1542.010	5.000	3.000	1.000	0.000	0.000
64.000	12651.000	1542.010	5.000	3.000	1.000	0.000	0.000
63.000	12452.000	1542.010	5.000	3.000	1.000	0.000	0.000
64.000	12256.000	1542.010	5.000	3.000	1.000	0.000	0.000
80.000	12059.000	1542.140	5.000	3.000	1.000	0.000	0.000
63.000	11869.000	1542.010	5.000	3.000	1.000	0.000	0.000
65.000	11700.000	1542.010	5.000	3.000	1.000	0.000	0.000
64.000	11517.000	1542.010	5.000	3.000	1.000	0.000	0.000
63.000	11364.000	1542.140	5.000	3.000	1.000	0.000	0.000
65.000	11224.000	1542.010	5.000	3.000	1.000	0.000	0.000
64.000	11089.000	1542.010	5.000	3.000	1.000	0.000	0.000
63.000	10972.000	1542.010	5.000	3.000	1.000	0.000	0.000
65.000	10856.000	1542.140	5.000	3.000	1.000	0.000	0.000
64.000	10761.000	1542.010	5.000	3.000	1.000	0.000	0.000
64.000	10670.000	1542.140	5.000	3.000	1.000	0.000	0.000
79.000	10590.000	1542.140	5.000	3.000	1.000	0.000	0.000
64.000	10521.000	1542.010	5.000	3.000	1.000	0.000	0.000
64.000	10457.000	1542.140	5.000	3.000	1.000	0.000	0.000
64.000	10400.000	1542.010	5.000	3.000	1.000	0.000	0.000
64.000	10352.000	1542.010	5.000	3.000	1.000	0.000	0.000
64.000	10307.000	1542.140	5.000	3.000	1.000	0.000	0.000
64.000	10270.000	1542.140	5.000	3.000	1.000	0.000	0.000
63.000	10239.000	1542.010	5.000	3.000	1.000	0.000	0.000
65.000	10208.000	1542.010	5.000	3.000	1.000	0.000	0.000
64.000	10182.000	1542.010	5.000	3.000	1.000	0.000	0.000
63.000	10169.000	1542.140	5.000	3.000	1.000	0.000	0.000
65.000	10157.000	1542.010	5.000	3.000	1.000	0.000	0.000
79.000	10150.000	1542.140	5.000	3.000	1.000	0.000	0.000
64.000	10152.000	1542.010	5.000	3.000	1.000	0.000	0.000
64.000	10141.000	1542.010	5.000	3.000	1.000	0.000	0.000
64.000	10151.000	1542.010	5.000	3.000	1.000	0.000	0.000
64.000	10144.000	1542.140	5.000	3.000	1.000	0.000	0.000
64.000	10145.000	1542.010	5.000	3.000	1.000	0.000	0.000
64.000	10143.000	1542.010	5.000	3.000	1.000	0.000	0.000
63.000	10142.000	1542.140	5.000	3.000	1.000	0.000	0.000
64.000	10144.000	1542.010	5.000	3.000	1.000	0.000	0.000
65.000	10144.000	1542.140	5.000	3.000	1.000	0.000	0.000
64.000	10144.000	1542.140	5.000	3.000	1.000	0.000	0.000
64.000	10145.000	1542.010	5.000	3.000	1.000	0.000	0.000
79.000	10140.000	1542.140	5.000	3.000	1.000	0.000	0.000
64.000	10145.000	1542.010	5.000	3.000	1.000	0.000	0.000
64.000	10146.000	1542.010	5.000	3.000	1.000	0.000	0.000
64.000	10147.000	1542.010	5.000	3.000	1.000	0.000	0.000
64.000	10145.000	1542.010	5.000	3.000	1.000	0.000	0.000
64.000	10139.000	1542.010	5.000	3.000	1.000	0.000	0.000
64.000	10145.000	1542.010	5.000	3.000	1.000	0.000	0.000
64.000	10146.000	1542.010	5.000	3.000	1.000	0.000	0.000
64.000	10142.000	1542.010	5.000	3.000	1.000	0.000	0.000
64.000	10144.000	1542.010	5.000	3.000	1.000	0.000	0.000
64.000	10147.000	1542.010	5.000	3.000	1.000	0.000	0.000
80.000	10140.000	1542.140	5.000	3.000	1.000	0.000	0.000
63.000	10147.000	1542.140	5.000	3.000	1.000	0.000	0.000
64.000	10146.000	1542.140	5.000	3.000	1.000	0.000	0.000
64.000	10147.000	1542.140	5.000	3.000	1.000	0.000	0.000
64.000	10145.000	1542.010	5.000	3.000	1.000	0.000	0.000
64.000	10145.000	1542.010	5.000	3.000	1.000	0.000	0.000
64.000	10144.000	1542.010	5.000	3.000	1.000	0.000	0.000
64.000	10143.000	1542.140	5.000	3.000	1.000	0.000	0.000
64.000	10143.000	1542.140	5.000	3.000	1.000	0.000	0.000
64.000	10143.000	1542.140	5.000	3.000	1.000	0.000	0.000
64.000	10144.000	1542.010	5.000	3.000	1.000	0.000	0.000
63.000	10143.000	1542.010	5.000	3.000	1.000	0.000	0.000
81.000	10149.000	1542.140	5.000	3.000	1.000	0.000	0.000
64.000	10146.000	1542.010	5.000	3.000	1.000	0.000	0.000
63.000	10150.000	1542.140	5.000	3.000	1.000	0.000	0.000
65.000	10147.000	1542.010	5.000	3.000	1.000	0.000	0.000
63.000	10149.000	1542.140	5.000	3.000	1.000	0.000	0.000
64.000	10151.000	1542.010	5.000	3.000	1.000	0.000	0.000
64.000	10144.000	1542.140	5.000	3.000	1.000	0.000	0.000
64.000	10143.000	1542.010	5.000	3.000	1.000	0.000	0.000
64.000	10147.000	1542.010	5.000	3.000	1.000	0.000	0.000
64.000	10146.000	1542.010	5.000	3.000	1.000	0.000	0.000
64.000	10150.000	1542.010	5.000	3.000	1.000	0.000	0.000
63.000	10146.000	1542.010	5.000	3.000	1.000	0.000	0.000
81.000	10144.000	1542.010	5.000	3.000	1.000	0.000	0.000
64.000	10149.000	1542.010	5.000	3.000	1.000	0.000	0.000
64.000	10146.000	1542.140	5.000	3.000	1.000	0.000	0.000
64.000	10151.000	1542.010	5.000	3.000	1.000	0.000	0.000
63.000	10146.000	1542.140	5.000	3.000	1.000	0.000	0.000
65.000	10156.000	1542.140	5.000	3.000	1.000	0.000	0.000
63.000	10148.000	1542.140	5.000	3.000	1.000	0.000	0.000
64.000	10148.000	1542.140	5.000	3.000	1.000	0.000	0.000
64.000	10147.000	1542.140	5.000	3.000	1.000	0.000	0.000
64.000	10143.000	1542.010	5.000	3.000	1.000	0.000	0.000
64.000	10148.000	1542.140	5.000	3.000	1.000	0.000	0.000
80.000	10149.000	1542.010	5.000	3.000	1.000	0.000	0.000
64.000	10148.000	1542.010	5.000	3.000	1.000	0.000	0.000
64.000	10149.000	1542.140	5.000	3.000	1.000	0.000	0.000
64.000	10150.000	1542.010	5.000	3.000	1.000	0.000	0.000
64.000	10149.000	1542.010	5.000	3.000	1.000	0.000	0.000
64.000	10155.000	1542.140	5.000	3.000	1.000	0.000	0.000
64.000	10152.000	1542.010	5.000	3.000	1.000	0.000	0.000
63.000	10157.000	1542.010	5.000	3.000	1.000	0.000	0.000
64.000	10159.000	1542.140	5.000	3.000	1.000	0.000	0.000
64.000	10169.000	1542.260	5.000	3.000	1.000	0.000	0.000
65.000	10174.000	1542.140	5.000	3.000	1.000	0.000	0.000
63.000	10179.000	1542.140	5.000	3.000	1.000	0.000	0.000
80.000	10185.000	1542.140	5.000	3.000	1.000	0.000	0.000
64.000	10191.000	1542.010	5.000	3.000	1.000	0.000	0.000
63.000	10204.000	1542.140	5.000	3.000	1.000	0.000	0.000
64.000	10215.000	1542.140	5.000	3.000	1.000	0.000	0.000
65.000	10225.000	1542.010	5.000	3.000	1.000	0.000	0.000
64.000	10247.000	1542.010	5.000	3.000	1.000	0.000	0.000
63.000	10264.000	1541.880	5.000	3.000	1.000	0.000	0.000
65.000	10285.000	1542.140	5.000	3.000	1.000	0.000	0.000
64.000	10309.000	1542.010	5.000	3.000	1.000	0.000	0.000
63.000	10334.000	1542.140	5.000	3.000	1.000	0.000	0.000
64.000	10370.000	1542.140	5.000	3.000	1.000	0.000	0.000
64.000	10407.000	1542.010	5.000	3.000	1.000	0.000	0.000
80.000	10453.000	1542.140	5.000	3.000	1.000	0.000	0.000
64.000	10506.000	1542.140	5.000	3.000	1.000	0.000	0.000
64.000	10575.000	1542.010	5.000	3.000	1.000	0.000	0.000
63.000	10659.000	1542.010	5.000	3.000	1.000	0.000	0.000
65.000	10759.000	1542.140	5.000	3.000	1.000	0.000	0.000
63.000	10893.000	1542.140	5.000	3.000	1.000	0.000	0.000
64.000	11055.000	1542.140	5.000	3.000	1.000	0.000	0.000
64.000	11275.000	1542.260	5.000	3.000	1.000	0.000	0.000
65.000	11550.000	1542.140	5.000	3.000	1.000	0.000	0.000
63.000	11943.000	1542.140	5.000	3.000	1.000	0.000	0.000
64.000	12476.000	1542.140	5.000	3.000	1.000	0.000	0.000
80.000	13225.000	1542.010	5.000	3.000	1.000	0.000	0.000
64.000	14337.000	1542.140	5.000	3.000	1.000	0.000	0.000
64.000	16048.000	1542.010	5.000	3.000	1.000	0.000	0.000
64.000	19073.000	1543.930	5.000	3.000	1.000	0.000	0.000
64.000	23086.000	1548.400	5.000	3.000	1.000	0.000	0.000
64.000	27788.000	1573.320	5.000	3.000	1.000	0.000	0.000
64.000	34467.000	1618.060	5.000	3.000	1.000	0.000	0.000
63.000	35240.000	1640.940	5.000	3.000	1.000	0.000	0.000
64.000	31410.000	1653.840	5.000	3.000	1.000	0.000	0.000
65.000	24078.000	1669.690	5.000	3.000	1.000	0.000	0.000
63.000	23188.000	1666.880	5.000	3.000	1.000	0.000	0.000
64.000	25235.000	1655.510	5.000	3.000	1.000	0.000	0.000
80.000	26067.000	1652.570	5.000	3.000	1.000	0.000	0.000
64.000	26041.000	1652.570	5.000	3.000	1.000	0.000	0.000
65.000	26029.000	1652.820	5.000	3.000	1.000	0.000	0.000
63.000	26014.000	1652.570	5.000	3.000	1.000	0.000	0.000
64.000	26004.000	1652.690	5.000	3.000	1.000	0.000	0.000
64.000	25993.000	1652.440	5.000	3.000	1.000	0.000	0.000
64.000	25983.000	1652.440	5.000	3.000	1.000	0.000	0.000
64.000	25977.000	1652.440	5.000	3.000	1.000	0.000	0.000
64.000	25962.000	1652.440	5.000	3.000	1.000	0.000	0.000
63.000	25966.000	1652.440	5.000	3.000	1.000	0.000	0.000
64.000	25949.000	1652.440	5.000	3.000	1.000	0.000	0.000
65.000	25948.000	1652.310	5.000	3.000	1.000	0.000	0.000
79.000	25936.000	1652.180	5.000	3.000	1.000	0.000	0.000
64.000	25931.000	1652.310	5.000	3.000	1.000	0.000	0.000
64.000	25926.000	1652.310	5.000	3.000	1.000	0.000	0.000
64.000	25921.000	1652.180	5.000	3.000	1.000	0.000	0.000
64.000	25921.000	1652.180	5.000	3.000	1.000	0.000	0.000
63.000	25919.000	1652.060	5.000	3.000	1.000	0.000	0.000
65.000	25918.000	1652.180	5.000	3.000	1.000	0.000	0.000
64.000	25914.000	1652.060	5.000	3.000	1.000	0.000	0.000
64.000	25912.000	1652.180	5.000	3.000	1.000	0.000	0.000
63.000	25909.000	1652.180	5.000	3.000	1.000	0.000	0.000
65.000	25908.000	1652.060	5.000	3.000	1.000	0.000	0.000
80.000	25901.000	1652.060	5.000	3.000	1.000	0.000	0.000
63.000	25896.000	1652.060	5.000	3.000	1.000	0.000	0.000
64.000	25897.000	1652.060	5.000	3.000	1.000	0.000	0.000
64.000	25895.000	1652.060	5.000	3.000	1.000	0.000	0.000
64.000	25891.000	1652.060	5.000	3.000	1.000	0.000	0.000
64.000	25888.000	1652.060	5.000	3.000	1.000	0.000	0.000
64.000	25891.000	1651.930	5.000	3.000	1.000	0.000	0.000
63.000	25886.000	1651.930	5.000	3.000	1.000	0.000	0.000
65.000	25891.000	1651.930	5.000	3.000	1.000	0.000	0.000
64.000	25892.000	1651.930	5.000	3.000	1.000	0.000	0.000
64.000	25888.000	1651.930	5.000	3.000	1.000	0.000	0.000
64.000	25884.000	1651.930	5.000	3.000	1.000	0.000	0.000
79.000	25881.000	1651.930	5.000	3.000	1.000	0.000	0.000
64.000	25882.000	1651.800	5.000	3.000	1.000	0.000	0.000
65.000	25876.000	1651.800	5.000	3.000	1.000	0.000	0.000
63.000	25878.000	1651.800	5.000	3.000	1.000	0.000	0.000
64.000	25879.000	1651.800	5.000	3.000	1.000	0.000	0.000
64.000	25875.000	1651.800	5.000	3.000	1.000	0.000	0.000
64.000	25870.000	1651.800	5.000	3.000	1.000	0.000	0.000
63.000	25875.000	1651.930	5.000	3.000	1.000	0.000	0.000
65.000	25873.000	1651.800	5.000	3.000	1.000	0.000	0.000
63.000	25875.000	1651.800	5.000	3.000	1.000	0.000	0.000
65.000	25872.000	1651.670	5.000	3.000	1.000	0.000	0.000
63.000	25873.000	1651.800	5.000	3.000	1.000	0.000	0.000
80.000	25873.000	1651.670	5.000	3.000	1.000	0.000	0.000
64.000	25872.000	1651.800	5.000	3.000	1.000	0.000	0.000
64.000	25871.000	1651.670	5.000	3.000	1.000	0.000	0.000
64.000	25869.000	1651.800	5.000	3.000	1.000	0.000	0.000
64.000	25868.000	1651.800	5.000	3.000	1.000	0.000	0.000
64.000	25869.000	1651.930	5.000	3.000	1.000	0.000	0.000
64.000	25874.000	1651.670	5.000	3.000	1.000	0.000	0.000
64.000	25869.000	1651.800	5.000	3.000	1.000	0.000	0.000
64.000	25866.000	1651.670	5.000	3.000	1.000	0.000	0.000
64.000	25861.000	1651.670	5.000	3.000	1.000	0.000	0.000
64.000	25866.000	1651.670	5.000	3.000	1.000	0.000	0.000
80.000	25866.000	1651.670	5.000	3.000	1.000	0.000	0.000
64.000	25867.000	1651.670	5.000	3.000	1.000	0.000	0.000
64.000	25868.000	1651.800	5.000	3.000	1.000	0.000	0.000
63.000	25869.000	1651.800	5.000	3.000	1.000	0.000	0.000
65.000	25861.000	1651.670	5.000	3.000	1.000	0.000	0.000
63.000	25853.000	1651.540	5.000	3.000	1.000	0.000	0.000
64.000	25864.000	1651.670	5.000	3.000	1.000	0.000	0.000
64.000	25863.000	1651.670	5.000	3.000	1.000	0.000	0.000
64.000	25857.000	1651.670	5.000	3.000	1.000	0.000	0.000
64.000	25861.000	1651.670	5.000	3.000	1.000	0.000	0.000
64.000	25864.000	1651.670	5.000	3.000	1.000	0.000	0.000
63.000	25861.000	1651.670	5.000	3.000	1.000	0.000	0.000
81.000	25863.000	1651.670	5.000	3.000	1.000	0.000	0.000
63.000	25860.000	1651.670	5.000	3.000	1.000	0.000	0.000
64.000	25859.000	1651.670	5.000	3.000	1.000	0.000	0.000
65.000	25863.000	1651.670	5.000	3.000	1.000	0.000	0.000
63.000	25860.000	1651.670	5.000	3.000	1.000	0.000	0.000
64.000	25858.000	1651.540	5.000	3.000	1.000	0.000	0.000
64.000	25864.000	1651.670	5.000	3.000	1.000	0.000	0.000
64.000	25861.000	1651.670	5.000	3.000	1.000	0.000	0.000
64.000	25860.000	1651.540	5.000	3.000	1.000	0.000	0.000
64.000	25860.000	1651.670	5.000	3.000	1.000	0.000	0.000
64.000	25856.000	1651.670	5.000	3.000	1.000	0.000	0.000
64.000	25856.000	1651.540	5.000	3.000	1.000	0.000	0.000
80.000	25860.000	1651.540	5.000	3.000	1.000	0.000	0.000
64.000	25861.000	1651.540	5.000	3.000	1.000	0.000	0.000
63.000	25857.000	1651.540	5.000	3.000	1.000	0.000	0.000
65.000	25860.000	1651.540	5.000	3.000	1.000	0.000	0.000
64.000	25854.000	1651.540	5.000	3.000	1.000	0.000	0.000
64.000	25857.000	1651.540	5.000	3.000	1.000	0.000	0.000
63.000	25850.000	1651.540	5.000	3.000	1.000	0.000	0.000
64.000	25852.000	1651.540	5.000	3.000	1.000	0.000	0.000
64.000	25853.000	1651.540	5.000	3.000	1.000	0.000	0.000
64.000	25857.000	1651.540	5.000	3.000	1.000	0.000	0.000
64.000	25852.000	1651.670	5.000	3.000	1.000	0.000	0.000
64.000	25845.000	1651.540	5.000	3.000	1.000	0.000	0.000
79.000	25855.000	1651.540	5.000	3.000	1.000	0.000	0.000
65.000	25848.000	1651.540	5.000	3.000	1.000	0.000	0.000
64.000	25850.000	1651.670	5.000	3.000	1.000	0.000	0.000
63.000	25851.000	1651.540	5.000	3.000	1.000	0.000	0.000
64.000	25847.000	1651.540	5.000	3.000	1.000	0.000	0.000
64.000	25844.000	1651.540	5.000	3.000	1.000	0.000	0.000
64.000	25845.000	1651.540	5.000	3.000	1.000	0.000	0.000
65.000	25844.000	1651.670	5.000	3.000	1.000	0.000	0.000
64.000	25841.000	1651.540	5.000	3.000	1.000	0.000	0.000
63.000	25842.000	1651.540	5.000	3.000	1.000	0.000	0.000
64.000	25843.000	1651.540	5.000	3.000	1.000	0.000	0.000
80.000	25843.000	1651.540	5.000	3.000	1.000	0.000	0.000
64.000	25841.000	1651.540	5.000	3.000	1.000	0.000	0.000
63.000	25844.000	1651.540	5.000	3.000	1.000	0.000	0.000
65.000	25846.000	1651.420	5.000	3.000	1.000	0.000	0.000
63.000	25844.000	1651.420	5.000	3.000	1.000	0.000	0.000
64.000	26158.000	1649.880	5.000	3.000	1.000	0.000	0.000
65.000	26844.000	1647.450	5.000	3.000	1.000	0.000	0.000
63.000	27971.000	1644.640	5.000	3.000	1.000	0.000	0.000
64.000	29574.000	1641.700	5.000	3.000	1.000	0.000	0.000
64.000	31474.000	1639.150	5.000	3.000	1.000	0.000	0.000
64.000	33367.000	1627.640	5.000	3.000	1.000	0.000	0.000
64.000	34776.000	1597.480	5.000	3.000	1.000	0.000	0.000
80.000	35455.000	1580.610	5.000	3.000	1.000	0.000	0.000
64.000	35204.000	1560.540	5.000	3.000	1.000	0.000	0.000
64.000	33973.000	1536.510	5.000	3.000	1.000	0.000	0.000
63.000	31700.000	1509.420	5.000	3.000	1.000	0.000	0.000
65.000	28819.000	1481.040	5.000	3.000	1.000	0.000	0.000
64.000	27397.000	1459.700	5.000	3.000	1.000	0.000	0.000
63.000	23243.000	1460.720	5.000	3.000	1.000	0.000	0.000
65.000	17955.000	1469.670	5.000	3.000	1.000	0.000	0.000
63.000	15609.000	1480.280	5.000	3.000	1.000	0.000	0.000
64.000	14156.000	1486.670	5.000	3.000	1.000	0.000	0.000
64.000	13427.000	1488.970	5.000	3.000	1.000	0.000	0.000
80.000	12727.000	1491.270	5.000	3.000	1.000	0.000	0.000
64.000	12214.000	1493.310	5.000	3.000	1.000	0.000	0.000
64.000	11935.000	1494.970	5.000	3.000	1.000	0.000	0.000
64.000	11773.000	1496.120	5.000	3.000	1.000	0.000	0.000
63.000	11738.000	1497.400	5.000	3.000	1.000	0.000	0.000
65.000	11778.000	1496.640	5.000	3.000	1.000	0.000	0.000
63.000	11836.000	1497.400	5.000	3.000	1.000	0.000	0.000
64.000	11873.000	1498.040	5.000	3.000	1.000	0.000	0.000
65.000	11909.000	1498.420	5.000	3.000	1.000	0.000	0.000
63.000	11941.000	1498.940	5.000	3.000	1.000	0.000	0.000
64.000	11971.000	1499.450	5.000	3.000	1.000	0.000	0.000
64.000	11991.000	1499.960	5.000	3.000	1.000	0.000	0.000
80.000	12014.000	1500.210	5.000	3.000	1.000	0.000	0.000
64.000	12036.000	1500.730	5.000	3.000	1.000	0.000	0.000
64.000	12047.000	1501.110	5.000	3.000	1.000	0.000	0.000
63.000	12071.000	1501.360	5.000	3.000	1.000	0.000	0.000
65.000	12076.000	1501.750	5.000	3.000	1.000	0.000	0.000
63.000	12091.000	1502.000	5.000	3.000	1.000	0.000	0.000
64.000	12107.000	1502.260	5.000	3.000	1.000	0.000	0.000
65.000	12112.000	1502.510	5.000	3.000	1.000	0.000	0.000
64.000	12120.000	1502.770	5.000	3.000	1.000	0.000	0.000
64.000	12133.000	1503.030	5.000	3.000	1.000	0.000	0.000
64.000	12132.000	1503.150	5.000	3.000	1.000	0.000	0.000
63.000	12143.000	1503.410	5.000	3.000	1.000	0.000	0.000
80.000	12153.000	1503.540	5.000	3.000	1.000	0.000	0.000
64.000	12153.000	1503.790	5.000	3.000	1.000	0.000	0.000
64.000	12159.000	1504.050	5.000	3.000	1.000	0.000	0.000
63.000	12164.000	1504.180	5.000	3.000	1.000	0.000	0.000
65.000	12169.000	1504.300	5.000	3.000	1.000	0.000	0.000
63.000	12178.000	1504.560	5.000	3.000	1.000	0.000	0.000
65.000	12182.000	1504.300	5.000	3.000	1.000	0.000	0.000
63.000	12185.000	1504.430	5.000	3.000	1.000	0.000	0.000
65.000	12189.000	1504.560	5.000	3.000	1.000	0.000	0.000
63.000	12185.000	1504.560	5.000	3.000	1.000	0.000	0.000
64.000	12195.000	1504.690	5.000	3.000	1.000	0.000	0.000
80.000	12193.000	1504.820	5.000	3.000	1.000	0.000	0.000
64.000	12192.000	1505.070	5.000	3.000	1.000	0.000	0.000
64.000	12190.000	1505.070	5.000	3.000	1.000	0.000	0.000
64.000	12187.000	1505.330	5.000	3.000	1.000	0.000	0.000
64.000	12192.000	1505.330	5.000	3.000	1.000	0.000	0.000
64.000	12189.000	1505.580	5.000	3.000	1.000	0.000	0.000
64.000	12192.000	1505.580	5.000	3.000	1.000	0.000	0.000
63.000	12195.000	1505.710	5.000	3.000	1.000	0.000	0.000
64.000	12193.000	1505.840	5.000	3.000	1.000	0.000	0.000
65.000	12188.000	1505.970	5.000	3.000	1.000	0.000	0.000
63.000	12185.000	1505.970	5.000	3.000	1.000	0.000	0.000
64.000	12185.000	1506.090	5.000	3.000	1.000	0.000	0.000
80.000	12185.000	1506.220	5.000	3.000	1.000	0.000	0.000
64.000	12179.000	1506.350	5.000	3.000	1.000	0.000	0.000
64.000	12176.000	1506.480	5.000	3.000	1.000	0.000	0.000
64.000	12178.000	1506.600	5.000	3.000	1.000	0.000	0.000
64.000	12175.000	1506.730	5.000	3.000	1.000	0.000	0.000
64.000	12175.000	1506.730	5.000	3.000	1.000	0.000	0.000
64.000	12173.000	1506.730	5.000	3.000	1.000	0.000	0.000
64.000	12164.000	1506.990	5.000	3.000	1.000	0.000	0.000
64.000	12165.000	1506.990	5.000	3.000	1.000	0.000	0.000
64.000	12161.000	1507.240	5.000	3.000	1.000	0.000	0.000
63.000	12155.000	1507.240	5.000	3.000	1.000	0.000	0.000
64.000	12163.000	1507.120	5.000	3.000	1.000	0.000	0.000
81.000	12157.000	1507.370	5.000	3.000	1.000	0.000	0.000
63.000	12148.000	1507.370	5.000	3.000	1.000	0.000	0.000
64.000	12157.000	1507.500	5.000	3.000	1.000	0.000	0.000
64.000	12153.000	1507.500	5.000	3.000	1.000	0.000	0.000
64.000	12147.000	1507.630	5.000	3.000	1.000	0.000	0.000
64.000	12154.000	1507.500	5.000	3.000	1.000	0.000	0.000
64.000	12149.000	1507.760	5.000	3.000	1.000	0.000	0.000
64.000	12142.000	1507.760	5.000	3.000	1.000	0.000	0.000
64.000	12145.000	1507.760	5.000	3.000	1.000	0.000	0.000
64.000	12141.000	1507.880	5.000	3.000	1.000	0.000	0.000
64.000	12141.000	1508.010	5.000	3.000	1.000	0.000	0.000
80.000	12134.000	1508.140	5.000	3.000	1.000	0.000	0.000
63.000	12129.000	1508.140	5.000	3.000	1.000	0.000	0.000
64.000	12134.000	1508.270	5.000	3.000	1.000	0.000	0.000
64.000	12131.000	1508.270	5.000	3.000	1.000	0.000	0.000
64.000	12137.000	1508.390	5.000	3.000	1.000	0.000	0.000
64.000	12140.000	1508.390	5.000	3.000	1.000	0.000	0.000
64.000	12133.000	1508.520	5.000	3.000	1.000	0.000	0.000
64.000	12130.000	1508.520	5.000	3.000	1.000	0.000	0.000
64.000	12130.000	1508.650	5.000	3.000	1.000	0.000	0.000
63.000	12126.000	1508.650	5.000	3.000	1.000	0.000	0.000
64.000	12121.000	1508.520	5.000	3.000	1.000	0.000	0.000
65.000	12122.000	1508.780	5.000	3.000	1.000	0.000	0.000
80.000	12121.000	1508.780	5.000	3.000	1.000	0.000	0.000
63.000	12116.000	1508.910	5.000	3.000	1.000	0.000	0.000
64.000	12114.000	1508.910	5.000	3.000	1.000	0.000	0.000
64.000	12106.000	1509.030	5.000	3.000	1.000	0.000	0.000
64.000	12115.000	1508.910	5.000	3.000	1.000	0.000	0.000
64.000	12109.000	1509.030	5.000	3.000	1.000	0.000	0.000
63.000	12106.000	1509.030	5.000	3.000	1.000	0.000	0.000
65.000	12106.000	1509.160	5.000	3.000	1.000	0.000	0.000
64.000	12107.000	1509.160	5.000	3.000	1.000	0.000	0.000
64.000	12103.000	1509.160	5.000	3.000	1.000	0.000	0.000
64.000	12104.000	1509.160	5.000	3.000	1.000	0.000	0.000
63.000	12102.000	1509.290	5.000	3.000	1.000	0.000	0.000
80.000	12101.000	1509.290	5.000	3.000	1.000	0.000	0.000
64.000	12097.000	1509.420	5.000	3.000	1.000	0.000	0.000
64.000	12100.000	1509.420	5.000	3.000	1.000	0.000	0.000
64.000	12096.000	1509.420	5.000	3.000	1.000	0.000	0.000
65.000	12096.000	1509.540	5.000	3.000	1.000	0.000	0.000
63.000	12100.000	1509.540	5.000	3.000	1.000	0.000	0.000
64.000	12097.000	1509.670	5.000	3.000	1.000	0.000	0.000
64.000	12087.000	1509.540	5.000	3.000	1.000	0.000	0.000
64.000	12089.000	1509.670	5.000	3.000	1.000	0.000	0.000
64.000	12087.000	1509.800	5.000	3.000	1.000	0.000	0.000
64.000	12082.000	1509.800	5.000	3.000	1.000	0.000	0.000
80.000	12089.000	1509.800	5.000	3.000	1.000	0.000	0.000
63.000	12078.000	1509.930	5.000	3.000	1.000	0.000	0.000
65.000	12082.000	1509.930	5.000	3.000	1.000	0.000	0.000
64.000	12078.000	1509.930	5.000	3.000	1.000	0.000	0.000
64.000	12078.000	1510.060	5.000	3.000	1.000	0.000	0.000
63.000	12080.000	1509.930	5.000	3.000	1.000	0.000	0.000
65.000	12079.000	1510.060	5.000	3.000	1.000	0.000	0.000
63.000	12076.000	1510.060	5.000	3.000	1.000	0.000	0.000
64.000	12071.000	1510.180	5.000	3.000	1.000	0.000	0.000
63.000	12074.000	1510.180	5.000	3.000	1.000	0.000	0.000
64.000	12072.000	1510.180	5.000	3.000	1.000	0.000	0.000
65.000	12071.000	1510.180	5.000	3.000	1.000	0.000	0.000
80.000	12070.000	1510.310	5.000	3.000	1.000	0.000	0.000
64.000	12064.000	1510.310	5.000	3.000	1.000	0.000	0.000
64.000	12064.000	1510.180	5.000	3.000	1.000	0.000	0.000
64.000	12068.000	1510.440	5.000	3.000	1.000	0.000	0.000
63.000	12057.000	1510.310	5.000	3.000	1.000	0.000	0.000
64.000	12059.000	1510.440	5.000	3.000	1.000	0.000	0.000
65.000	12060.000	1510.440	5.000	3.000	1.000	0.000	0.000
