Loop Time (ms)	IR (16 bit)	Force (N)	Force (N)	Color	Speed (mm/s)	Spatial (mm)	Angle (deg)
279.000	11597.000	1518.110	5.000	3.000	1.000	0.000	0.000
3282.000	11596.000	1517.980	5.000	3.000	1.000	0.000	0.000
66.000	11598.000	1517.980	5.000	3.000	1.000	0.000	0.000
62.000	11599.000	1517.980	5.000	3.000	1.000	0.000	0.000
80.000	11587.000	1518.110	5.000	3.000	1.000	0.000	0.000
64.000	11594.000	1518.110	5.000	3.000	1.000	0.000	0.000
64.000	11595.000	1517.980	5.000	3.000	1.000	0.000	0.000
64.000	11594.000	1518.110	5.000	3.000	1.000	0.000	0.000
64.000	11595.000	1518.240	5.000	3.000	1.000	0.000	0.000
64.000	11595.000	1518.110	5.000	3.000	1.000	0.000	0.000
64.000	11593.000	1518.240	5.000	3.000	1.000	0.000	0.000
64.000	11592.000	1517.980	5.000	3.000	1.000	0.000	0.000
64.000	11593.000	1518.240	5.000	3.000	1.000	0.000	0.000
63.000	11592.000	1518.110	5.000	3.000	1.000	0.000	0.000
64.000	11584.000	1518.110	5.000	3.000	1.000	0.000	0.000
80.000	11588.000	1518.240	5.000	3.000	1.000	0.000	0.000
64.000	11589.000	1518.240	5.000	3.000	1.000	0.000	0.000
64.000	11588.000	1518.110	5.000	3.000	1.000	0.000	0.000
65.000	11587.000	1518.110	5.000	3.000	1.000	0.000	0.000
63.000	11590.000	1518.110	5.000	3.000	1.000	0.000	0.000
64.000	11588.000	1518.240	5.000	3.000	1.000	0.000	0.000
64.000	11593.000	1518.360	5.000	3.000	1.000	0.000	0.000
64.000	11589.000	1518.110	5.000	3.000	1.000	0.000	0.000
64.000	11589.000	1518.240	5.000	3.000	1.000	0.000	0.000
64.000	11582.000	1518.240	5.000	3.000	1.000	0.000	0.000
63.000	11585.000	1518.240	5.000	3.000	1.000	0.000	0.000
65.000	11588.000	1518.240	5.000	3.000	1.000	0.000	0.000
79.000	11588.000	1518.240	5.000	3.000	1.000	0.000	0.000
64.000	11588.000	1518.360	5.000	3.000	1.000	0.000	0.000
64.000	11585.000	1518.240	5.000	3.000	1.000	0.000	0.000
64.000	11586.000	1518.240	5.000	3.000	1.000	0.000	0.000
64.000	11588.000	1518.360	5.000	3.000	1.000	0.000	0.000
64.000	11584.000	1518.360	5.000	3.000	1.000	0.000	0.000
64.000	11583.000	1518.360	5.000	3.000	1.000	0.000	0.000
64.000	11585.000	1518.360	5.000	3.000	1.000	0.000	0.000
64.000	11589.000	1518.360	5.000	3.000	1.000	0.000	0.000
63.000	11583.000	1518.240	5.000	3.000	1.000	0.000	0.000
65.000	11582.000	1518.360	5.000	3.000	1.000	0.000	0.000
80.000	11582.000	1518.360	5.000	3.000	1.000	0.000	0.000
63.000	11583.000	1518.360	5.000	3.000	1.000	0.000	0.000
64.000	11582.000	1518.490	5.000	3.000	1.000	0.000	0.000
64.000	11580.000	1518.490	5.000	3.000	1.000	0.000	0.000
64.000	11582.000	1518.360	5.000	3.000	1.000	0.000	0.000
63.000	11576.000	1518.360	5.000	3.000	1.000	0.000	0.000
65.000	11580.000	1518.360	5.000	3.000	1.000	0.000	0.000
64.000	11578.000	1518.360	5.000	3.000	1.000	0.000	0.000
64.000	11582.000	1518.490	5.000	3.000	1.000	0.000	0.000
64.000	11582.000	1518.490	5.000	3.000	1.000	0.000	0.000
64.000	11576.000	1518.490	5.000	3.000	1.000	0.000	0.000
63.000	11577.000	1518.490	5.000	3.000	1.000	0.000	0.000
80.000	11578.000	1518.490	5.000	3.000	1.000	0.000	0.000
64.000	11572.000	1518.490	5.000	3.000	1.000	0.000	0.000
65.000	11580.000	1518.490	5.000	3.000	1.000	0.000	0.000
64.000	11573.000	1518.490	5.000	3.000	1.000	0.000	0.000
63.000	11578.000	1518.490	5.000	3.000	1.000	0.000	0.000
64.000	11574.000	1518.620	5.000	3.000	1.000	0.000	0.000
64.000	11578.000	1518.620	5.000	3.000	1.000	0.000	0.000
64.000	11570.000	1518.490	5.000	3.000	1.000	0.000	0.000
63.000	11573.000	1518.620	5.000	3.000	1.000	0.000	0.000
64.000	11579.000	1518.490	5.000	3.000	1.000	0.000	0.000
64.000	11574.000	1518.490	5.000	3.000	1.000	0.000	0.000
64.000	11579.000	1518.620	5.000	3.000	1.000	0.000	0.000
80.000	11572.000	1518.620	5.000	3.000	1.000	0.000	0.000
65.000	11574.000	1518.620	5.000	3.000	1.000	0.000	0.000
63.000	11577.000	1518.620	5.000	3.000	1.000	0.000	0.000
64.000	11574.000	1518.750	5.000	3.000	1.000	0.000	0.000
64.000	11572.000	1518.750	5.000	3.000	1.000	0.000	0.000
64.000	11650.000	1518.750	5.000	3.000	1.000	0.000	0.000
64.000	11729.000	1518.870	5.000	3.000	1.000	0.000	0.000
64.000	11809.000	1518.750	5.000	3.000	1.000	0.000	0.000
64.000	11898.000	1518.750	5.000	3.000	1.000	0.000	0.000
64.000	11984.000	1518.620	5.000	3.000	1.000	0.000	0.000
64.000	12085.000	1518.870	5.000	3.000	1.000	0.000	0.000
80.000	12173.000	1518.750	5.000	3.000	1.000	0.000	0.000
64.000	12266.000	1518.750	5.000	3.000	1.000	0.000	0.000
63.000	12366.000	1518.750	5.000	3.000	1.000	0.000	0.000
64.000	12467.000	1518.750	5.000	3.000	1.000	0.000	0.000
64.000	12579.000	1518.750	5.000	3.000	1.000	0.000	0.000
64.000	12690.000	1518.750	5.000	3.000	1.000	0.000	0.000
64.000	12806.000	1518.870	5.000	3.000	1.000	0.000	0.000
64.000	12927.000	1518.870	5.000	3.000	1.000	0.000	0.000
64.000	13048.000	1518.870	5.000	3.000	1.000	0.000	0.000
64.000	13181.000	1519.000	5.000	3.000	1.000	0.000	0.000
63.000	13312.000	1518.870	5.000	3.000	1.000	0.000	0.000
64.000	13454.000	1518.870	5.000	3.000	1.000	0.000	0.000
80.000	13600.000	1518.870	5.000	3.000	1.000	0.000	0.000
64.000	13743.000	1519.000	5.000	3.000	1.000	0.000	0.000
64.000	13897.000	1518.870	5.000	3.000	1.000	0.000	0.000
64.000	14059.000	1518.870	5.000	3.000	1.000	0.000	0.000
64.000	14235.000	1518.870	5.000	3.000	1.000	0.000	0.000
64.000	14414.000	1519.000	5.000	3.000	1.000	0.000	0.000
64.000	14604.000	1519.000	5.000	3.000	1.000	0.000	0.000
64.000	14808.000	1519.130	5.000	3.000	1.000	0.000	0.000
64.000	15024.000	1519.510	5.000	3.000	1.000	0.000	0.000
64.000	15280.000	1519.900	5.000	3.000	1.000	0.000	0.000
64.000	15724.000	1520.660	5.000	3.000	1.000	0.000	0.000
64.000	16446.000	1521.810	5.000	3.000	1.000	0.000	0.000
80.000	17264.000	1523.220	5.000	3.000	1.000	0.000	0.000
63.000	17731.000	1524.630	5.000	3.000	1.000	0.000	0.000
64.000	18137.000	1525.900	5.000	3.000	1.000	0.000	0.000
64.000	18558.000	1527.310	5.000	3.000	1.000	0.000	0.000
64.000	18963.000	1528.460	5.000	3.000	1.000	0.000	0.000
64.000	19327.000	1529.360	5.000	3.000	1.000	0.000	0.000
65.000	19639.000	1529.990	5.000	3.000	1.000	0.000	0.000
63.000	19942.000	1530.510	5.000	3.000	1.000	0.000	0.000
64.000	20252.000	1530.630	5.000	3.000	1.000	0.000	0.000
64.000	20559.000	1530.510	5.000	3.000	1.000	0.000	0.000
64.000	20875.000	1530.380	5.000	3.000	1.000	0.000	0.000
79.000	21186.000	1530.380	5.000	3.000	1.000	0.000	0.000
64.000	21521.000	1530.380	5.000	3.000	1.000	0.000	0.000
65.000	21866.000	1530.380	5.000	3.000	1.000	0.000	0.000
63.000	21858.000	1529.230	5.000	3.000	1.000	0.000	0.000
64.000	21576.000	1527.950	5.000	3.000	1.000	0.000	0.000
64.000	21277.000	1527.050	5.000	3.000	1.000	0.000	0.000
64.000	20959.000	1526.290	5.000	3.000	1.000	0.000	0.000
64.000	20647.000	1525.780	5.000	3.000	1.000	0.000	0.000
64.000	20326.000	1525.520	5.000	3.000	1.000	0.000	0.000
64.000	20003.000	1525.520	5.000	3.000	1.000	0.000	0.000
63.000	19692.000	1525.650	5.000	3.000	1.000	0.000	0.000
64.000	19390.000	1525.900	5.000	3.000	1.000	0.000	0.000
80.000	19100.000	1526.160	5.000	3.000	1.000	0.000	0.000
64.000	18773.000	1526.540	5.000	3.000	1.000	0.000	0.000
65.000	18414.000	1526.930	5.000	3.000	1.000	0.000	0.000
64.000	17897.000	1527.180	5.000	3.000	1.000	0.000	0.000
64.000	17482.000	1527.440	5.000	3.000	1.000	0.000	0.000
63.000	17115.000	1527.820	5.000	3.000	1.000	0.000	0.000
64.000	16778.000	1527.820	5.000	3.000	1.000	0.000	0.000
65.000	16446.000	1527.310	5.000	3.000	1.000	0.000	0.000
63.000	16135.000	1526.930	5.000	3.000	1.000	0.000	0.000
64.000	15863.000	1526.290	5.000	3.000	1.000	0.000	0.000
64.000	15589.000	1523.220	5.000	3.000	1.000	0.000	0.000
64.000	15330.000	1521.940	5.000	3.000	1.000	0.000	0.000
79.000	15099.000	1521.940	5.000	3.000	1.000	0.000	0.000
64.000	14892.000	1521.810	5.000	3.000	1.000	0.000	0.000
64.000	14702.000	1521.690	5.000	3.000	1.000	0.000	0.000
65.000	14522.000	1521.690	5.000	3.000	1.000	0.000	0.000
63.000	14355.000	1521.560	5.000	3.000	1.000	0.000	0.000
65.000	14195.000	1521.560	5.000	3.000	1.000	0.000	0.000
63.000	14036.000	1521.690	5.000	3.000	1.000	0.000	0.000
64.000	13891.000	1521.690	5.000	3.000	1.000	0.000	0.000
64.000	13743.000	1521.560	5.000	3.000	1.000	0.000	0.000
64.000	13615.000	1521.430	5.000	3.000	1.000	0.000	0.000
64.000	13486.000	1521.690	5.000	3.000	1.000	0.000	0.000
80.000	13358.000	1521.560	5.000	3.000	1.000	0.000	0.000
64.000	13229.000	1521.690	5.000	3.000	1.000	0.000	0.000
63.000	13109.000	1521.560	5.000	3.000	1.000	0.000	0.000
64.000	12998.000	1521.430	5.000	3.000	1.000	0.000	0.000
64.000	12890.000	1521.430	5.000	3.000	1.000	0.000	0.000
65.000	12783.000	1521.430	5.000	3.000	1.000	0.000	0.000
63.000	12678.000	1521.300	5.000	3.000	1.000	0.000	0.000
64.000	12578.000	1521.430	5.000	3.000	1.000	0.000	0.000
64.000	12476.000	1521.300	5.000	3.000	1.000	0.000	0.000
64.000	12380.000	1521.180	5.000	3.000	1.000	0.000	0.000
64.000	12281.000	1521.300	5.000	3.000	1.000	0.000	0.000
64.000	12192.000	1521.180	5.000	3.000	1.000	0.000	0.000
80.000	12093.000	1521.050	5.000	3.000	1.000	0.000	0.000
64.000	12057.000	1521.180	5.000	3.000	1.000	0.000	0.000
64.000	12097.000	1521.180	5.000	3.000	1.000	0.000	0.000
64.000	12083.000	1521.180	5.000	3.000	1.000	0.000	0.000
64.000	12076.000	1521.050	5.000	3.000	1.000	0.000	0.000
63.000	12062.000	1521.180	5.000	3.000	1.000	0.000	0.000
65.000	12056.000	1521.050	5.000	3.000	1.000	0.000	0.000
63.000	12047.000	1521.050	5.000	3.000	1.000	0.000	0.000
64.000	12042.000	1521.050	5.000	3.000	1.000	0.000	0.000
64.000	12020.000	1521.180	5.000	3.000	1.000	0.000	0.000
64.000	12022.000	1521.050	5.000	3.000	1.000	0.000	0.000
64.000	12008.000	1521.050	5.000	3.000	1.000	0.000	0.000
80.000	12002.000	1521.180	5.000	3.000	1.000	0.000	0.000
64.000	11992.000	1521.050	5.000	3.000	1.000	0.000	0.000
65.000	11986.000	1521.050	5.000	3.000	1.000	0.000	0.000
63.000	11980.000	1521.050	5.000	3.000	1.000	0.000	0.000
64.000	11976.000	1521.180	5.000	3.000	1.000	0.000	0.000
64.000	11972.000	1521.180	5.000	3.000	1.000	0.000	0.000
68.000	11967.000	1521.180	5.000	3.000	1.000	0.000	0.000
59.000	11961.000	1521.050	5.000	3.000	1.000	0.000	0.000
64.000	11961.000	1521.180	5.000	3.000	1.000	0.000	0.000
66.000	11956.000	1521.180	5.000	3.000	1.000	0.000	0.000
63.000	11957.000	1521.180	5.000	3.000	1.000	0.000	0.000
79.000	11954.000	1521.180	5.000	3.000	1.000	0.000	0.000
64.000	11953.000	1521.180	5.000	3.000	1.000	0.000	0.000
64.000	11947.000	1521.300	5.000	3.000	1.000	0.000	0.000
64.000	11949.000	1521.180	5.000	3.000	1.000	0.000	0.000
64.000	11948.000	1521.180	5.000	3.000	1.000	0.000	0.000
67.000	11950.000	1521.180	5.000	3.000	1.000	0.000	0.000
60.000	11948.000	1521.300	5.000	3.000	1.000	0.000	0.000
65.000	11939.000	1521.180	5.000	3.000	1.000	0.000	0.000
63.000	11934.000	1521.300	5.000	3.000	1.000	0.000	0.000
64.000	11933.000	1521.300	5.000	3.000	1.000	0.000	0.000
64.000	11929.000	1521.180	5.000	3.000	1.000	0.000	0.000
65.000	11924.000	1521.300	5.000	3.000	1.000	0.000	0.000
79.000	11920.000	1521.300	5.000	3.000	1.000	0.000	0.000
64.000	11918.000	1521.300	5.000	3.000	1.000	0.000	0.000
64.000	11917.000	1521.300	5.000	3.000	1.000	0.000	0.000
64.000	11907.000	1521.300	5.000	3.000	1.000	0.000	0.000
64.000	11909.000	1521.430	5.000	3.000	1.000	0.000	0.000
64.000	11905.000	1521.430	5.000	3.000	1.000	0.000	0.000
64.000	11902.000	1521.300	5.000	3.000	1.000	0.000	0.000
64.000	11896.000	1521.300	5.000	3.000	1.000	0.000	0.000
64.000	11898.000	1521.300	5.000	3.000	1.000	0.000	0.000
64.000	11893.000	1521.430	5.000	3.000	1.000	0.000	0.000
63.000	11892.000	1521.300	5.000	3.000	1.000	0.000	0.000
65.000	11895.000	1521.300	5.000	3.000	1.000	0.000	0.000
79.000	11892.000	1521.300	5.000	3.000	1.000	0.000	0.000
65.000	11893.000	1521.430	5.000	3.000	1.000	0.000	0.000
63.000	11886.000	1521.430	5.000	3.000	1.000	0.000	0.000
64.000	11881.000	1521.430	5.000	3.000	1.000	0.000	0.000
65.000	11879.000	1521.300	5.000	3.000	1.000	0.000	0.000
62.000	11880.000	1521.430	5.000	3.000	1.000	0.000	0.000
65.000	11874.000	1521.430	5.000	3.000	1.000	0.000	0.000
63.000	11875.000	1521.430	5.000	3.000	1.000	0.000	0.000
64.000	11877.000	1521.430	5.000	3.000	1.000	0.000	0.000
64.000	11881.000	1521.430	5.000	3.000	1.000	0.000	0.000
64.000	11874.000	1521.560	5.000	3.000	1.000	0.000	0.000
117.000	11875.000	1521.430	5.000	3.000	1.000	0.000	0.000
33.000	11869.000	1521.560	5.000	3.000	1.000	0.000	0.000
58.000	11870.000	1521.430	5.000	3.000	1.000	0.000	0.000
64.000	11875.000	1521.430	5.000	3.000	1.000	0.000	0.000
64.000	11872.000	1521.560	5.000	3.000	1.000	0.000	0.000
64.000	11870.000	1521.430	5.000	3.000	1.000	0.000	0.000
63.000	11866.000	1521.430	5.000	3.000	1.000	0.000	0.000
64.000	11872.000	1521.560	5.000	3.000	1.000	0.000	0.000
65.000	11953.000	1521.430	5.000	3.000	1.000	0.000	0.000
64.000	12037.000	1521.560	5.000	3.000	1.000	0.000	0.000
64.000	12122.000	1521.430	5.000	3.000	1.000	0.000	0.000
64.000	12213.000	1521.560	5.000	3.000	1.000	0.000	0.000
79.000	12298.000	1521.560	5.000	3.000	1.000	0.000	0.000
64.000	12390.000	1521.560	5.000	3.000	1.000	0.000	0.000
64.000	12486.000	1521.690	5.000	3.000	1.000	0.000	0.000
64.000	12588.000	1521.560	5.000	3.000	1.000	0.000	0.000
64.000	12689.000	1521.690	5.000	3.000	1.000	0.000	0.000
65.000	12790.000	1521.560	5.000	3.000	1.000	0.000	0.000
66.000	12904.000	1521.560	5.000	3.000	1.000	0.000	0.000
61.000	13019.000	1521.690	5.000	3.000	1.000	0.000	0.000
64.000	13128.000	1521.690	5.000	3.000	1.000	0.000	0.000
63.000	13251.000	1521.560	5.000	3.000	1.000	0.000	0.000
65.000	13378.000	1521.560	5.000	3.000	1.000	0.000	0.000
67.000	13504.000	1521.690	5.000	3.000	1.000	0.000	0.000
77.000	13645.000	1521.690	5.000	3.000	1.000	0.000	0.000
64.000	13784.000	1521.690	5.000	3.000	1.000	0.000	0.000
63.000	13931.000	1521.690	5.000	3.000	1.000	0.000	0.000
65.000	14080.000	1521.690	5.000	3.000	1.000	0.000	0.000
64.000	14243.000	1521.810	5.000	3.000	1.000	0.000	0.000
63.000	14405.000	1521.690	5.000	3.000	1.000	0.000	0.000
64.000	14583.000	1521.690	5.000	3.000	1.000	0.000	0.000
64.000	14765.000	1521.690	5.000	3.000	1.000	0.000	0.000
64.000	14957.000	1521.690	5.000	3.000	1.000	0.000	0.000
106.000	15158.000	1521.940	5.000	3.000	1.000	0.000	0.000
22.000	15375.000	1522.070	5.000	3.000	1.000	0.000	0.000
79.000	15628.000	1522.710	5.000	3.000	1.000	0.000	0.000
65.000	16151.000	1523.480	5.000	3.000	1.000	0.000	0.000
63.000	16938.000	1524.500	5.000	3.000	1.000	0.000	0.000
64.000	17519.000	1525.780	5.000	3.000	1.000	0.000	0.000
64.000	17948.000	1527.180	5.000	3.000	1.000	0.000	0.000
64.000	18347.000	1528.460	5.000	3.000	1.000	0.000	0.000
64.000	18796.000	1529.610	5.000	3.000	1.000	0.000	0.000
64.000	19200.000	1530.510	5.000	3.000	1.000	0.000	0.000
64.000	19510.000	1531.020	5.000	3.000	1.000	0.000	0.000
64.000	19804.000	1531.270	5.000	3.000	1.000	0.000	0.000
64.000	20102.000	1531.660	5.000	3.000	1.000	0.000	0.000
64.000	20397.000	1531.660	5.000	3.000	1.000	0.000	0.000
79.000	20681.000	1531.530	5.000	3.000	1.000	0.000	0.000
65.000	20992.000	1531.530	5.000	3.000	1.000	0.000	0.000
64.000	21316.000	1531.270	5.000	3.000	1.000	0.000	0.000
64.000	21661.000	1531.020	5.000	3.000	1.000	0.000	0.000
63.000	21958.000	1530.760	5.000	3.000	1.000	0.000	0.000
64.000	21814.000	1529.480	5.000	3.000	1.000	0.000	0.000
64.000	21528.000	1528.460	5.000	3.000	1.000	0.000	0.000
64.000	21229.000	1527.820	5.000	3.000	1.000	0.000	0.000
64.000	20913.000	1527.050	5.000	3.000	1.000	0.000	0.000
64.000	20606.000	1526.800	5.000	3.000	1.000	0.000	0.000
64.000	20283.000	1526.540	5.000	3.000	1.000	0.000	0.000
64.000	19967.000	1526.540	5.000	3.000	1.000	0.000	0.000
80.000	19662.000	1526.670	5.000	3.000	1.000	0.000	0.000
64.000	19368.000	1527.050	5.000	3.000	1.000	0.000	0.000
64.000	19066.000	1527.440	5.000	3.000	1.000	0.000	0.000
64.000	18722.000	1527.690	5.000	3.000	1.000	0.000	0.000
63.000	18333.000	1528.080	5.000	3.000	1.000	0.000	0.000
64.000	17812.000	1528.330	5.000	3.000	1.000	0.000	0.000
64.000	17414.000	1528.720	5.000	3.000	1.000	0.000	0.000
64.000	17057.000	1529.100	5.000	3.000	1.000	0.000	0.000
64.000	16725.000	1529.230	5.000	3.000	1.000	0.000	0.000
64.000	16397.000	1529.230	5.000	3.000	1.000	0.000	0.000
64.000	16093.000	1528.970	5.000	3.000	1.000	0.000	0.000
80.000	15832.000	1528.590	5.000	3.000	1.000	0.000	0.000
64.000	15552.000	1528.210	5.000	3.000	1.000	0.000	0.000
64.000	15307.000	1527.690	5.000	3.000	1.000	0.000	0.000
63.000	15087.000	1523.860	5.000	3.000	1.000	0.000	0.000
65.000	14888.000	1523.350	5.000	3.000	1.000	0.000	0.000
63.000	14708.000	1523.480	5.000	3.000	1.000	0.000	0.000
64.000	14523.000	1523.220	5.000	3.000	1.000	0.000	0.000
65.000	14355.000	1523.220	5.000	3.000	1.000	0.000	0.000
64.000	14200.000	1523.220	5.000	3.000	1.000	0.000	0.000
63.000	14041.000	1523.220	5.000	3.000	1.000	0.000	0.000
64.000	13897.000	1523.350	5.000	3.000	1.000	0.000	0.000
64.000	13755.000	1523.090	5.000	3.000	1.000	0.000	0.000
80.000	13623.000	1523.220	5.000	3.000	1.000	0.000	0.000
64.000	13496.000	1523.220	5.000	3.000	1.000	0.000	0.000
64.000	13368.000	1523.090	5.000	3.000	1.000	0.000	0.000
63.000	13238.000	1523.090	5.000	3.000	1.000	0.000	0.000
65.000	13122.000	1523.090	5.000	3.000	1.000	0.000	0.000
63.000	13010.000	1523.090	5.000	3.000	1.000	0.000	0.000
64.000	12895.000	1523.090	5.000	3.000	1.000	0.000	0.000
64.000	12783.000	1522.960	5.000	3.000	1.000	0.000	0.000
64.000	12679.000	1522.580	5.000	3.000	1.000	0.000	0.000
64.000	12575.000	1522.710	5.000	3.000	1.000	0.000	0.000
64.000	12474.000	1522.580	5.000	3.000	1.000	0.000	0.000
64.000	12372.000	1522.450	5.000	3.000	1.000	0.000	0.000
80.000	12279.000	1522.450	5.000	3.000	1.000	0.000	0.000
64.000	12188.000	1522.580	5.000	3.000	1.000	0.000	0.000
64.000	12108.000	1522.450	5.000	3.000	1.000	0.000	0.000
64.000	12128.000	1522.450	5.000	3.000	1.000	0.000	0.000
64.000	12147.000	1522.330	5.000	3.000	1.000	0.000	0.000
64.000	12133.000	1522.450	5.000	3.000	1.000	0.000	0.000
63.000	12126.000	1522.450	5.000	3.000	1.000	0.000	0.000
64.000	12124.000	1522.450	5.000	3.000	1.000	0.000	0.000
64.000	12109.000	1522.450	5.000	3.000	1.000	0.000	0.000
64.000	12100.000	1522.450	5.000	3.000	1.000	0.000	0.000
64.000	12099.000	1522.450	5.000	3.000	1.000	0.000	0.000
80.000	12084.000	1522.450	5.000	3.000	1.000	0.000	0.000
64.000	12070.000	1522.450	5.000	3.000	1.000	0.000	0.000
64.000	12067.000	1522.450	5.000	3.000	1.000	0.000	0.000
64.000	12053.000	1522.450	5.000	3.000	1.000	0.000	0.000
63.000	12055.000	1522.580	5.000	3.000	1.000	0.000	0.000
65.000	12042.000	1522.450	5.000	3.000	1.000	0.000	0.000
64.000	12034.000	1522.330	5.000	3.000	1.000	0.000	0.000
64.000	12031.000	1522.450	5.000	3.000	1.000	0.000	0.000
63.000	12033.000	1522.450	5.000	3.000	1.000	0.000	0.000
65.000	12029.000	1522.450	5.000	3.000	1.000	0.000	0.000
64.000	12028.000	1522.450	5.000	3.000	1.000	0.000	0.000
63.000	12023.000	1522.580	5.000	3.000	1.000	0.000	0.000
80.000	12020.000	1522.450	5.000	3.000	1.000	0.000	0.000
64.000	12020.000	1522.450	5.000	3.000	1.000	0.000	0.000
64.000	12014.000	1522.580	5.000	3.000	1.000	0.000	0.000
64.000	12012.000	1522.450	5.000	3.000	1.000	0.000	0.000
64.000	12011.000	1522.580	5.000	3.000	1.000	0.000	0.000
64.000	12004.000	1522.580	5.000	3.000	1.000	0.000	0.000
63.000	12002.000	1522.580	5.000	3.000	1.000	0.000	0.000
65.000	11997.000	1522.450	5.000	3.000	1.000	0.000	0.000
63.000	11988.000	1522.450	5.000	3.000	1.000	0.000	0.000
65.000	11988.000	1522.450	5.000	3.000	1.000	0.000	0.000
63.000	11985.000	1522.580	5.000	3.000	1.000	0.000	0.000
64.000	11983.000	1522.580	5.000	3.000	1.000	0.000	0.000
81.000	11981.000	1522.580	5.000	3.000	1.000	0.000	0.000
64.000	11980.000	1522.580	5.000	3.000	1.000	0.000	0.000
63.000	11971.000	1522.580	5.000	3.000	1.000	0.000	0.000
64.000	11973.000	1522.450	5.000	3.000	1.000	0.000	0.000
64.000	11962.000	1522.580	5.000	3.000	1.000	0.000	0.000
63.000	11963.000	1522.580	5.000	3.000	1.000	0.000	0.000
64.000	11967.000	1522.580	5.000	3.000	1.000	0.000	0.000
65.000	11963.000	1522.580	5.000	3.000	1.000	0.000	0.000
63.000	11956.000	1522.580	5.000	3.000	1.000	0.000	0.000
64.000	11949.000	1522.580	5.000	3.000	1.000	0.000	0.000
64.000	11952.000	1522.580	5.000	3.000	1.000	0.000	0.000
80.000	11950.000	1522.580	5.000	3.000	1.000	0.000	0.000
65.000	11951.000	1522.710	5.000	3.000	1.000	0.000	0.000
63.000	11949.000	1522.710	5.000	3.000	1.000	0.000	0.000
65.000	11949.000	1522.710	5.000	3.000	1.000	0.000	0.000
63.000	11949.000	1522.580	5.000	3.000	1.000	0.000	0.000
64.000	11948.000	1522.710	5.000	3.000	1.000	0.000	0.000
64.000	11937.000	1522.710	5.000	3.000	1.000	0.000	0.000
64.000	11940.000	1522.580	5.000	3.000	1.000	0.000	0.000
64.000	11936.000	1522.580	5.000	3.000	1.000	0.000	0.000
63.000	11934.000	1522.710	5.000	3.000	1.000	0.000	0.000
65.000	11937.000	1522.710	5.000	3.000	1.000	0.000	0.000
63.000	11938.000	1522.710	5.000	3.000	1.000	0.000	0.000
80.000	11935.000	1522.710	5.000	3.000	1.000	0.000	0.000
65.000	11940.000	1522.710	5.000	3.000	1.000	0.000	0.000
64.000	11934.000	1522.710	5.000	3.000	1.000	0.000	0.000
63.000	11937.000	1522.710	5.000	3.000	1.000	0.000	0.000
64.000	11933.000	1522.710	5.000	3.000	1.000	0.000	0.000
64.000	11926.000	1522.710	5.000	3.000	1.000	0.000	0.000
64.000	11930.000	1522.710	5.000	3.000	1.000	0.000	0.000
64.000	11926.000	1522.710	5.000	3.000	1.000	0.000	0.000
64.000	11938.000	1522.840	5.000	3.000	1.000	0.000	0.000
64.000	11948.000	1522.840	5.000	3.000	1.000	0.000	0.000
64.000	12030.000	1522.710	5.000	3.000	1.000	0.000	0.000
64.000	12117.000	1522.710	5.000	3.000	1.000	0.000	0.000
80.000	12202.000	1522.840	5.000	3.000	1.000	0.000	0.000
63.000	12290.000	1522.840	5.000	3.000	1.000	0.000	0.000
64.000	12376.000	1522.710	5.000	3.000	1.000	0.000	0.000
65.000	12478.000	1522.710	5.000	3.000	1.000	0.000	0.000
63.000	12573.000	1522.840	5.000	3.000	1.000	0.000	0.000
64.000	12675.000	1522.840	5.000	3.000	1.000	0.000	0.000
64.000	12777.000	1522.840	5.000	3.000	1.000	0.000	0.000
64.000	12889.000	1522.710	5.000	3.000	1.000	0.000	0.000
64.000	13002.000	1522.710	5.000	3.000	1.000	0.000	0.000
64.000	13104.000	1522.840	5.000	3.000	1.000	0.000	0.000
64.000	13224.000	1522.710	5.000	3.000	1.000	0.000	0.000
80.000	13349.000	1522.710	5.000	3.000	1.000	0.000	0.000
63.000	13471.000	1522.840	5.000	3.000	1.000	0.000	0.000
64.000	13612.000	1522.840	5.000	3.000	1.000	0.000	0.000
64.000	13748.000	1522.840	5.000	3.000	1.000	0.000	0.000
64.000	13888.000	1522.840	5.000	3.000	1.000	0.000	0.000
64.000	14043.000	1522.840	5.000	3.000	1.000	0.000	0.000
64.000	14202.000	1522.840	5.000	3.000	1.000	0.000	0.000
64.000	14358.000	1522.840	5.000	3.000	1.000	0.000	0.000
63.000	14531.000	1522.960	5.000	3.000	1.000	0.000	0.000
65.000	14712.000	1522.840	5.000	3.000	1.000	0.000	0.000
64.000	14891.000	1522.840	5.000	3.000	1.000	0.000	0.000
64.000	15087.000	1522.840	5.000	3.000	1.000	0.000	0.000
80.000	15303.000	1523.220	5.000	3.000	1.000	0.000	0.000
63.000	15525.000	1523.480	5.000	3.000	1.000	0.000	0.000
64.000	15826.000	1523.990	5.000	3.000	1.000	0.000	0.000
64.000	16438.000	1524.880	5.000	3.000	1.000	0.000	0.000
65.000	17248.000	1526.030	5.000	3.000	1.000	0.000	0.000
64.000	17731.000	1527.310	5.000	3.000	1.000	0.000	0.000
63.000	18139.000	1528.590	5.000	3.000	1.000	0.000	0.000
64.000	18570.000	1529.990	5.000	3.000	1.000	0.000	0.000
64.000	19023.000	1530.890	5.000	3.000	1.000	0.000	0.000
63.000	19385.000	1531.530	5.000	3.000	1.000	0.000	0.000
64.000	19680.000	1531.910	5.000	3.000	1.000	0.000	0.000
65.000	19982.000	1532.300	5.000	3.000	1.000	0.000	0.000
79.000	20287.000	1532.420	5.000	3.000	1.000	0.000	0.000
65.000	20593.000	1532.300	5.000	3.000	1.000	0.000	0.000
63.000	20896.000	1532.170	5.000	3.000	1.000	0.000	0.000
64.000	21208.000	1532.170	5.000	3.000	1.000	0.000	0.000
64.000	21528.000	1531.910	5.000	3.000	1.000	0.000	0.000
65.000	21875.000	1531.780	5.000	3.000	1.000	0.000	0.000
63.000	22165.000	1531.400	5.000	3.000	1.000	0.000	0.000
64.000	21994.000	1530.120	5.000	3.000	1.000	0.000	0.000
64.000	21698.000	1529.100	5.000	3.000	1.000	0.000	0.000
64.000	21387.000	1528.330	5.000	3.000	1.000	0.000	0.000
64.000	21076.000	1527.570	5.000	3.000	1.000	0.000	0.000
80.000	20749.000	1527.180	5.000	3.000	1.000	0.000	0.000
64.000	20422.000	1527.180	5.000	3.000	1.000	0.000	0.000
64.000	20105.000	1527.180	5.000	3.000	1.000	0.000	0.000
63.000	19799.000	1527.310	5.000	3.000	1.000	0.000	0.000
65.000	19493.000	1527.570	5.000	3.000	1.000	0.000	0.000
63.000	19185.000	1527.950	5.000	3.000	1.000	0.000	0.000
64.000	18853.000	1528.210	5.000	3.000	1.000	0.000	0.000
65.000	18480.000	1528.720	5.000	3.000	1.000	0.000	0.000
63.000	17957.000	1528.970	5.000	3.000	1.000	0.000	0.000
64.000	17538.000	1529.360	5.000	3.000	1.000	0.000	0.000
64.000	17180.000	1529.740	5.000	3.000	1.000	0.000	0.000
64.000	16842.000	1529.990	5.000	3.000	1.000	0.000	0.000
80.000	16507.000	1530.120	5.000	3.000	1.000	0.000	0.000
64.000	16198.000	1529.990	5.000	3.000	1.000	0.000	0.000
64.000	15917.000	1529.870	5.000	3.000	1.000	0.000	0.000
64.000	15647.000	1529.610	5.000	3.000	1.000	0.000	0.000
63.000	15397.000	1529.360	5.000	3.000	1.000	0.000	0.000
65.000	15172.000	1524.880	5.000	3.000	1.000	0.000	0.000
63.000	14968.000	1524.370	5.000	3.000	1.000	0.000	0.000
64.000	14779.000	1524.370	5.000	3.000	1.000	0.000	0.000
64.000	14602.000	1524.120	5.000	3.000	1.000	0.000	0.000
64.000	14437.000	1524.120	5.000	3.000	1.000	0.000	0.000
64.000	14277.000	1524.120	5.000	3.000	1.000	0.000	0.000
64.000	14123.000	1524.240	5.000	3.000	1.000	0.000	0.000
80.000	13974.000	1523.990	5.000	3.000	1.000	0.000	0.000
63.000	13833.000	1524.120	5.000	3.000	1.000	0.000	0.000
65.000	13698.000	1524.120	5.000	3.000	1.000	0.000	0.000
64.000	13558.000	1523.990	5.000	3.000	1.000	0.000	0.000
64.000	13440.000	1523.990	5.000	3.000	1.000	0.000	0.000
63.000	13315.000	1524.120	5.000	3.000	1.000	0.000	0.000
64.000	13189.000	1523.990	5.000	3.000	1.000	0.000	0.000
64.000	13075.000	1523.860	5.000	3.000	1.000	0.000	0.000
64.000	12960.000	1523.730	5.000	3.000	1.000	0.000	0.000
65.000	12844.000	1523.600	5.000	3.000	1.000	0.000	0.000
63.000	12732.000	1523.480	5.000	3.000	1.000	0.000	0.000
80.000	12627.000	1523.480	5.000	3.000	1.000	0.000	0.000
64.000	12526.000	1523.350	5.000	3.000	1.000	0.000	0.000
64.000	12423.000	1523.350	5.000	3.000	1.000	0.000	0.000
63.000	12332.000	1523.350	5.000	3.000	1.000	0.000	0.000
65.000	12244.000	1523.350	5.000	3.000	1.000	0.000	0.000
63.000	12158.000	1523.350	5.000	3.000	1.000	0.000	0.000
65.000	12150.000	1523.350	5.000	3.000	1.000	0.000	0.000
63.000	12201.000	1523.350	5.000	3.000	1.000	0.000	0.000
64.000	12189.000	1523.350	5.000	3.000	1.000	0.000	0.000
64.000	12184.000	1523.350	5.000	3.000	1.000	0.000	0.000
64.000	12176.000	1523.350	5.000	3.000	1.000	0.000	0.000
64.000	12167.000	1523.220	5.000	3.000	1.000	0.000	0.000
80.000	12162.000	1523.350	5.000	3.000	1.000	0.000	0.000
65.000	12148.000	1523.090	5.000	3.000	1.000	0.000	0.000
63.000	12149.000	1523.350	5.000	3.000	1.000	0.000	0.000
64.000	12135.000	1523.350	5.000	3.000	1.000	0.000	0.000
64.000	12126.000	1523.350	5.000	3.000	1.000	0.000	0.000
63.000	12120.000	1523.350	5.000	3.000	1.000	0.000	0.000
64.000	12108.000	1523.350	5.000	3.000	1.000	0.000	0.000
65.000	12098.000	1523.350	5.000	3.000	1.000	0.000	0.000
63.000	12100.000	1523.350	5.000	3.000	1.000	0.000	0.000
65.000	12101.000	1523.350	5.000	3.000	1.000	0.000	0.000
64.000	12096.000	1523.480	5.000	3.000	1.000	0.000	0.000
64.000	12091.000	1523.350	5.000	3.000	1.000	0.000	0.000
79.000	12087.000	1523.350	5.000	3.000	1.000	0.000	0.000
65.000	12085.000	1523.350	5.000	3.000	1.000	0.000	0.000
63.000	12084.000	1523.350	5.000	3.000	1.000	0.000	0.000
64.000	12081.000	1523.480	5.000	3.000	1.000	0.000	0.000
64.000	12078.000	1523.480	5.000	3.000	1.000	0.000	0.000
64.000	12069.000	1523.480	5.000	3.000	1.000	0.000	0.000
64.000	12069.000	1523.480	5.000	3.000	1.000	0.000	0.000
64.000	12057.000	1523.350	5.000	3.000	1.000	0.000	0.000
64.000	12053.000	1523.480	5.000	3.000	1.000	0.000	0.000
64.000	12054.000	1523.350	5.000	3.000	1.000	0.000	0.000
63.000	12050.000	1523.480	5.000	3.000	1.000	0.000	0.000
80.000	12051.000	1523.480	5.000	3.000	1.000	0.000	0.000
64.000	12046.000	1523.480	5.000	3.000	1.000	0.000	0.000
64.000	12034.000	1523.480	5.000	3.000	1.000	0.000	0.000
64.000	12032.000	1523.480	5.000	3.000	1.000	0.000	0.000
64.000	12032.000	1523.480	5.000	3.000	1.000	0.000	0.000
64.000	12027.000	1523.600	5.000	3.000	1.000	0.000	0.000
64.000	12024.000	1523.600	5.000	3.000	1.000	0.000	0.000
63.000	12020.000	1523.480	5.000	3.000	1.000	0.000	0.000
64.000	12021.000	1523.480	5.000	3.000	1.000	0.000	0.000
64.000	12019.000	1523.350	5.000	3.000	1.000	0.000	0.000
64.000	12012.000	1523.480	5.000	3.000	1.000	0.000	0.000
64.000	12012.000	1523.480	5.000	3.000	1.000	0.000	0.000
80.000	12007.000	1523.480	5.000	3.000	1.000	0.000	0.000
65.000	12005.000	1523.480	5.000	3.000	1.000	0.000	0.000
63.000	12007.000	1523.480	5.000	3.000	1.000	0.000	0.000
64.000	12011.000	1523.480	5.000	3.000	1.000	0.000	0.000
64.000	11999.000	1523.480	5.000	3.000	1.000	0.000	0.000
64.000	12003.000	1523.600	5.000	3.000	1.000	0.000	0.000
64.000	12000.000	1523.600	5.000	3.000	1.000	0.000	0.000
64.000	12000.000	1523.480	5.000	3.000	1.000	0.000	0.000
64.000	12003.000	1523.480	5.000	3.000	1.000	0.000	0.000
63.000	12000.000	1523.600	5.000	3.000	1.000	0.000	0.000
64.000	11993.000	1523.600	5.000	3.000	1.000	0.000	0.000
65.000	11997.000	1523.600	5.000	3.000	1.000	0.000	0.000
79.000	11993.000	1523.480	5.000	3.000	1.000	0.000	0.000
64.000	11989.000	1523.480	5.000	3.000	1.000	0.000	0.000
64.000	11992.000	1523.600	5.000	3.000	1.000	0.000	0.000
64.000	11990.000	1523.600	5.000	3.000	1.000	0.000	0.000
64.000	11988.000	1523.600	5.000	3.000	1.000	0.000	0.000
64.000	11989.000	1523.600	5.000	3.000	1.000	0.000	0.000
64.000	11988.000	1523.600	5.000	3.000	1.000	0.000	0.000
63.000	11981.000	1523.600	5.000	3.000	1.000	0.000	0.000
64.000	11989.000	1523.600	5.000	3.000	1.000	0.000	0.000
65.000	11984.000	1523.600	5.000	3.000	1.000	0.000	0.000
63.000	11984.000	1523.600	5.000	3.000	1.000	0.000	0.000
80.000	11991.000	1523.600	5.000	3.000	1.000	0.000	0.000
64.000	12074.000	1523.600	5.000	3.000	1.000	0.000	0.000
64.000	12155.000	1523.600	5.000	3.000	1.000	0.000	0.000
64.000	12242.000	1523.600	5.000	3.000	1.000	0.000	0.000
64.000	12325.000	1523.600	5.000	3.000	1.000	0.000	0.000
64.000	12415.000	1523.600	5.000	3.000	1.000	0.000	0.000
64.000	12517.000	1523.730	5.000	3.000	1.000	0.000	0.000
64.000	12610.000	1523.600	5.000	3.000	1.000	0.000	0.000
64.000	12711.000	1523.600	5.000	3.000	1.000	0.000	0.000
63.000	12818.000	1523.600	5.000	3.000	1.000	0.000	0.000
65.000	12916.000	1523.730	5.000	3.000	1.000	0.000	0.000
63.000	13024.000	1523.730	5.000	3.000	1.000	0.000	0.000
81.000	13138.000	1523.600	5.000	3.000	1.000	0.000	0.000
63.000	13262.000	1523.600	5.000	3.000	1.000	0.000	0.000
64.000	13387.000	1523.600	5.000	3.000	1.000	0.000	0.000
64.000	13512.000	1523.730	5.000	3.000	1.000	0.000	0.000
64.000	13647.000	1523.600	5.000	3.000	1.000	0.000	0.000
64.000	13786.000	1523.730	5.000	3.000	1.000	0.000	0.000
64.000	13932.000	1523.730	5.000	3.000	1.000	0.000	0.000
63.000	14074.000	1523.730	5.000	3.000	1.000	0.000	0.000
65.000	14234.000	1523.730	5.000	3.000	1.000	0.000	0.000
63.000	14396.000	1523.730	5.000	3.000	1.000	0.000	0.000
65.000	14561.000	1523.600	5.000	3.000	1.000	0.000	0.000
64.000	14744.000	1523.730	5.000	3.000	1.000	0.000	0.000
79.000	14926.000	1523.730	5.000	3.000	1.000	0.000	0.000
65.000	15128.000	1523.730	5.000	3.000	1.000	0.000	0.000
63.000	15342.000	1523.860	5.000	3.000	1.000	0.000	0.000
64.000	15553.000	1524.240	5.000	3.000	1.000	0.000	0.000
64.000	15814.000	1524.750	5.000	3.000	1.000	0.000	0.000
64.000	16348.000	1525.520	5.000	3.000	1.000	0.000	0.000
64.000	17122.000	1526.670	5.000	3.000	1.000	0.000	0.000
64.000	17714.000	1527.950	5.000	3.000	1.000	0.000	0.000
64.000	18135.000	1529.360	5.000	3.000	1.000	0.000	0.000
64.000	18565.000	1530.630	5.000	3.000	1.000	0.000	0.000
63.000	19021.000	1531.530	5.000	3.000	1.000	0.000	0.000
81.000	19404.000	1532.170	5.000	3.000	1.000	0.000	0.000
64.000	19706.000	1532.550	5.000	3.000	1.000	0.000	0.000
63.000	20005.000	1533.060	5.000	3.000	1.000	0.000	0.000
64.000	20310.000	1533.060	5.000	3.000	1.000	0.000	0.000
65.000	20618.000	1533.060	5.000	3.000	1.000	0.000	0.000
63.000	20913.000	1532.930	5.000	3.000	1.000	0.000	0.000
64.000	21234.000	1532.810	5.000	3.000	1.000	0.000	0.000
64.000	21558.000	1532.680	5.000	3.000	1.000	0.000	0.000
64.000	21894.000	1532.680	5.000	3.000	1.000	0.000	0.000
64.000	22234.000	1532.170	5.000	3.000	1.000	0.000	0.000
64.000	22150.000	1531.140	5.000	3.000	1.000	0.000	0.000
64.000	21860.000	1529.990	5.000	3.000	1.000	0.000	0.000
80.000	21560.000	1529.100	5.000	3.000	1.000	0.000	0.000
64.000	21246.000	1528.460	5.000	3.000	1.000	0.000	0.000
64.000	20923.000	1528.080	5.000	3.000	1.000	0.000	0.000
63.000	20601.000	1527.820	5.000	3.000	1.000	0.000	0.000
64.000	20273.000	1527.690	5.000	3.000	1.000	0.000	0.000
64.000	19965.000	1527.820	5.000	3.000	1.000	0.000	0.000
64.000	19662.000	1528.080	5.000	3.000	1.000	0.000	0.000
64.000	19355.000	1528.460	5.000	3.000	1.000	0.000	0.000
65.000	19031.000	1528.840	5.000	3.000	1.000	0.000	0.000
63.000	18659.000	1529.100	5.000	3.000	1.000	0.000	0.000
63.000	18186.000	1529.610	5.000	3.000	1.000	0.000	0.000
65.000	17707.000	1529.990	5.000	3.000	1.000	0.000	0.000
80.000	17342.000	1530.250	5.000	3.000	1.000	0.000	0.000
64.000	17001.000	1530.510	5.000	3.000	1.000	0.000	0.000
63.000	16659.000	1530.760	5.000	3.000	1.000	0.000	0.000
65.000	16323.000	1530.760	5.000	3.000	1.000	0.000	0.000
64.000	16038.000	1530.760	5.000	3.000	1.000	0.000	0.000
63.000	15758.000	1530.630	5.000	3.000	1.000	0.000	0.000
64.000	15498.000	1529.990	5.000	3.000	1.000	0.000	0.000
64.000	15256.000	1525.520	5.000	3.000	1.000	0.000	0.000
64.000	15040.000	1525.140	5.000	3.000	1.000	0.000	0.000
64.000	14852.000	1525.140	5.000	3.000	1.000	0.000	0.000
64.000	14681.000	1525.010	5.000	3.000	1.000	0.000	0.000
80.000	14497.000	1525.010	5.000	3.000	1.000	0.000	0.000
63.000	14337.000	1525.010	5.000	3.000	1.000	0.000	0.000
64.000	14185.000	1524.880	5.000	3.000	1.000	0.000	0.000
64.000	14031.000	1524.880	5.000	3.000	1.000	0.000	0.000
64.000	13884.000	1524.880	5.000	3.000	1.000	0.000	0.000
65.000	13749.000	1524.880	5.000	3.000	1.000	0.000	0.000
63.000	13617.000	1524.880	5.000	3.000	1.000	0.000	0.000
64.000	13492.000	1524.750	5.000	3.000	1.000	0.000	0.000
65.000	13370.000	1524.630	5.000	3.000	1.000	0.000	0.000
63.000	13243.000	1524.630	5.000	3.000	1.000	0.000	0.000
64.000	13107.000	1524.630	5.000	3.000	1.000	0.000	0.000
64.000	12986.000	1524.370	5.000	3.000	1.000	0.000	0.000
80.000	12869.000	1524.240	5.000	3.000	1.000	0.000	0.000
64.000	12762.000	1524.120	5.000	3.000	1.000	0.000	0.000
64.000	12659.000	1524.120	5.000	3.000	1.000	0.000	0.000
64.000	12552.000	1523.990	5.000	3.000	1.000	0.000	0.000
64.000	12458.000	1523.990	5.000	3.000	1.000	0.000	0.000
64.000	12364.000	1523.990	5.000	3.000	1.000	0.000	0.000
64.000	12276.000	1524.120	5.000	3.000	1.000	0.000	0.000
63.000	12194.000	1524.120	5.000	3.000	1.000	0.000	0.000
64.000	12170.000	1524.120	5.000	3.000	1.000	0.000	0.000
64.000	12220.000	1524.120	5.000	3.000	1.000	0.000	0.000
64.000	12213.000	1523.990	5.000	3.000	1.000	0.000	0.000
64.000	12204.000	1523.990	5.000	3.000	1.000	0.000	0.000
80.000	12200.000	1524.120	5.000	3.000	1.000	0.000	0.000
63.000	12187.000	1524.120	5.000	3.000	1.000	0.000	0.000
64.000	12186.000	1524.120	5.000	3.000	1.000	0.000	0.000
65.000	12173.000	1524.120	5.000	3.000	1.000	0.000	0.000
63.000	12172.000	1524.120	5.000	3.000	1.000	0.000	0.000
65.000	12165.000	1523.990	5.000	3.000	1.000	0.000	0.000
63.000	12151.000	1524.120	5.000	3.000	1.000	0.000	0.000
64.000	12148.000	1523.990	5.000	3.000	1.000	0.000	0.000
65.000	12134.000	1523.990	5.000	3.000	1.000	0.000	0.000
63.000	12132.000	1523.990	5.000	3.000	1.000	0.000	0.000
64.000	12129.000	1524.120	5.000	3.000	1.000	0.000	0.000
80.000	12126.000	1524.120	5.000	3.000	1.000	0.000	0.000
64.000	12122.000	1524.120	5.000	3.000	1.000	0.000	0.000
64.000	12113.000	1524.240	5.000	3.000	1.000	0.000	0.000
64.000	12112.000	1524.240	5.000	3.000	1.000	0.000	0.000
64.000	12110.000	1524.120	5.000	3.000	1.000	0.000	0.000
64.000	12100.000	1524.240	5.000	3.000	1.000	0.000	0.000
64.000	12093.000	1524.120	5.000	3.000	1.000	0.000	0.000
63.000	12095.000	1524.120	5.000	3.000	1.000	0.000	0.000
64.000	12085.000	1524.120	5.000	3.000	1.000	0.000	0.000
65.000	12084.000	1524.120	5.000	3.000	1.000	0.000	0.000
63.000	12080.000	1524.120	5.000	3.000	1.000	0.000	0.000
65.000	12073.000	1524.240	5.000	3.000	1.000	0.000	0.000
79.000	12065.000	1524.240	5.000	3.000	1.000	0.000	0.000
64.000	12064.000	1524.120	5.000	3.000	1.000	0.000	0.000
64.000	12064.000	1524.240	5.000	3.000	1.000	0.000	0.000
64.000	12061.000	1524.240	5.000	3.000	1.000	0.000	0.000
64.000	12057.000	1524.240	5.000	3.000	1.000	0.000	0.000
64.000	12056.000	1524.240	5.000	3.000	1.000	0.000	0.000
64.000	12051.000	1524.240	5.000	3.000	1.000	0.000	0.000
64.000	12048.000	1524.240	5.000	3.000	1.000	0.000	0.000
63.000	12044.000	1524.240	5.000	3.000	1.000	0.000	0.000
65.000	12042.000	1524.240	5.000	3.000	1.000	0.000	0.000
63.000	12044.000	1524.240	5.000	3.000	1.000	0.000	0.000
64.000	12034.000	1524.120	5.000	3.000	1.000	0.000	0.000
80.000	12034.000	1524.240	5.000	3.000	1.000	0.000	0.000
64.000	12032.000	1524.120	5.000	3.000	1.000	0.000	0.000
64.000	12035.000	1524.120	5.000	3.000	1.000	0.000	0.000
64.000	12027.000	1524.240	5.000	3.000	1.000	0.000	0.000
64.000	12025.000	1524.120	5.000	3.000	1.000	0.000	0.000
64.000	12029.000	1524.120	5.000	3.000	1.000	0.000	0.000
64.000	12025.000	1524.240	5.000	3.000	1.000	0.000	0.000
64.000	12021.000	1524.240	5.000	3.000	1.000	0.000	0.000
64.000	12021.000	1524.240	5.000	3.000	1.000	0.000	0.000
64.000	12020.000	1524.120	5.000	3.000	1.000	0.000	0.000
63.000	12019.000	1524.240	5.000	3.000	1.000	0.000	0.000
81.000	12015.000	1524.240	5.000	3.000	1.000	0.000	0.000
64.000	12020.000	1524.370	5.000	3.000	1.000	0.000	0.000
63.000	12015.000	1524.240	5.000	3.000	1.000	0.000	0.000
64.000	12017.000	1524.240	5.000	3.000	1.000	0.000	0.000
64.000	12008.000	1524.240	5.000	3.000	1.000	0.000	0.000
64.000	12014.000	1524.240	5.000	3.000	1.000	0.000	0.000
64.000	12008.000	1524.370	5.000	3.000	1.000	0.000	0.000
64.000	12013.000	1524.370	5.000	3.000	1.000	0.000	0.000
64.000	12008.000	1524.240	5.000	3.000	1.000	0.000	0.000
64.000	12007.000	1524.240	5.000	3.000	1.000	0.000	0.000
63.000	12011.000	1524.370	5.000	3.000	1.000	0.000	0.000
64.000	12010.000	1524.240	5.000	3.000	1.000	0.000	0.000
80.000	12008.000	1524.240	5.000	3.000	1.000	0.000	0.000
64.000	12005.000	1524.370	5.000	3.000	1.000	0.000	0.000
65.000	12006.000	1524.240	5.000	3.000	1.000	0.000	0.000
63.000	12057.000	1524.370	5.000	3.000	1.000	0.000	0.000
64.000	12145.000	1524.370	5.000	3.000	1.000	0.000	0.000
64.000	12226.000	1524.240	5.000	3.000	1.000	0.000	0.000
64.000	12306.000	1524.370	5.000	3.000	1.000	0.000	0.000
64.000	12394.000	1524.370	5.000	3.000	1.000	0.000	0.000
64.000	12489.000	1524.370	5.000	3.000	1.000	0.000	0.000
64.000	12581.000	1524.240	5.000	3.000	1.000	0.000	0.000
64.000	12680.000	1524.240	5.000	3.000	1.000	0.000	0.000
64.000	12783.000	1524.240	5.000	3.000	1.000	0.000	0.000
79.000	12890.000	1524.370	5.000	3.000	1.000	0.000	0.000
64.000	13000.000	1524.370	5.000	3.000	1.000	0.000	0.000
64.000	13118.000	1524.370	5.000	3.000	1.000	0.000	0.000
64.000	13243.000	1524.370	5.000	3.000	1.000	0.000	0.000
64.000	13362.000	1524.500	5.000	3.000	1.000	0.000	0.000
64.000	13490.000	1524.370	5.000	3.000	1.000	0.000	0.000
64.000	13617.000	1524.370	5.000	3.000	1.000	0.000	0.000
64.000	13759.000	1524.370	5.000	3.000	1.000	0.000	0.000
64.000	13900.000	1524.240	5.000	3.000	1.000	0.000	0.000
63.000	14048.000	1524.370	5.000	3.000	1.000	0.000	0.000
64.000	14208.000	1524.370	5.000	3.000	1.000	0.000	0.000
81.000	14366.000	1524.370	5.000	3.000	1.000	0.000	0.000
63.000	14539.000	1524.370	5.000	3.000	1.000	0.000	0.000
64.000	14710.000	1524.370	5.000	3.000	1.000	0.000	0.000
64.000	14892.000	1524.370	5.000	3.000	1.000	0.000	0.000
65.000	15091.000	1524.500	5.000	3.000	1.000	0.000	0.000
63.000	15297.000	1524.630	5.000	3.000	1.000	0.000	0.000
64.000	15521.000	1524.750	5.000	3.000	1.000	0.000	0.000
64.000	15760.000	1525.140	5.000	3.000	1.000	0.000	0.000
64.000	16170.000	1525.780	5.000	3.000	1.000	0.000	0.000
64.000	16875.000	1526.930	5.000	3.000	1.000	0.000	0.000
64.000	17599.000	1528.080	5.000	3.000	1.000	0.000	0.000
63.000	18041.000	1529.480	5.000	3.000	1.000	0.000	0.000
80.000	18459.000	1530.890	5.000	3.000	1.000	0.000	0.000
64.000	18920.000	1531.910	5.000	3.000	1.000	0.000	0.000
64.000	19352.000	1532.680	5.000	3.000	1.000	0.000	0.000
64.000	19673.000	1533.190	5.000	3.000	1.000	0.000	0.000
64.000	19962.000	1533.570	5.000	3.000	1.000	0.000	0.000
65.000	20268.000	1533.570	5.000	3.000	1.000	0.000	0.000
63.000	20581.000	1533.830	5.000	3.000	1.000	0.000	0.000
64.000	20879.000	1533.570	5.000	3.000	1.000	0.000	0.000
64.000	21201.000	1533.450	5.000	3.000	1.000	0.000	0.000
64.000	21523.000	1533.320	5.000	3.000	1.000	0.000	0.000
64.000	21846.000	1533.190	5.000	3.000	1.000	0.000	0.000
64.000	22202.000	1532.810	5.000	3.000	1.000	0.000	0.000
80.000	22237.000	1532.040	5.000	3.000	1.000	0.000	0.000
64.000	21948.000	1530.760	5.000	3.000	1.000	0.000	0.000
64.000	21643.000	1529.990	5.000	3.000	1.000	0.000	0.000
63.000	21324.000	1529.100	5.000	3.000	1.000	0.000	0.000
64.000	21008.000	1528.720	5.000	3.000	1.000	0.000	0.000
65.000	20689.000	1528.460	5.000	3.000	1.000	0.000	0.000
64.000	20348.000	1528.460	5.000	3.000	1.000	0.000	0.000
63.000	20052.000	1528.460	5.000	3.000	1.000	0.000	0.000
64.000	19745.000	1528.840	5.000	3.000	1.000	0.000	0.000
64.000	19438.000	1529.100	5.000	3.000	1.000	0.000	0.000
63.000	19113.000	1529.480	5.000	3.000	1.000	0.000	0.000
81.000	18755.000	1529.870	5.000	3.000	1.000	0.000	0.000
64.000	18286.000	1530.250	5.000	3.000	1.000	0.000	0.000
64.000	17804.000	1530.510	5.000	3.000	1.000	0.000	0.000
64.000	17425.000	1530.760	5.000	3.000	1.000	0.000	0.000
64.000	17081.000	1531.270	5.000	3.000	1.000	0.000	0.000
64.000	16731.000	1531.400	5.000	3.000	1.000	0.000	0.000
63.000	16406.000	1531.400	5.000	3.000	1.000	0.000	0.000
64.000	16113.000	1531.400	5.000	3.000	1.000	0.000	0.000
65.000	15830.000	1531.400	5.000	3.000	1.000	0.000	0.000
63.000	15568.000	1527.050	5.000	3.000	1.000	0.000	0.000
64.000	15329.000	1525.900	5.000	3.000	1.000	0.000	0.000
64.000	15124.000	1525.780	5.000	3.000	1.000	0.000	0.000
80.000	14930.000	1525.650	5.000	3.000	1.000	0.000	0.000
64.000	14745.000	1525.650	5.000	3.000	1.000	0.000	0.000
64.000	14582.000	1525.520	5.000	3.000	1.000	0.000	0.000
64.000	14415.000	1525.390	5.000	3.000	1.000	0.000	0.000
64.000	14260.000	1525.520	5.000	3.000	1.000	0.000	0.000
64.000	14113.000	1525.520	5.000	3.000	1.000	0.000	0.000
63.000	13963.000	1525.520	5.000	3.000	1.000	0.000	0.000
64.000	13818.000	1525.390	5.000	3.000	1.000	0.000	0.000
64.000	13677.000	1525.390	5.000	3.000	1.000	0.000	0.000
64.000	13535.000	1525.270	5.000	3.000	1.000	0.000	0.000
64.000	13413.000	1525.140	5.000	3.000	1.000	0.000	0.000
64.000	13282.000	1525.010	5.000	3.000	1.000	0.000	0.000
80.000	13147.000	1524.880	5.000	3.000	1.000	0.000	0.000
64.000	13029.000	1524.750	5.000	3.000	1.000	0.000	0.000
64.000	12915.000	1524.750	5.000	3.000	1.000	0.000	0.000
63.000	12807.000	1524.750	5.000	3.000	1.000	0.000	0.000
65.000	12701.000	1524.630	5.000	3.000	1.000	0.000	0.000
63.000	12604.000	1524.750	5.000	3.000	1.000	0.000	0.000
65.000	12509.000	1524.630	5.000	3.000	1.000	0.000	0.000
63.000	12414.000	1524.630	5.000	3.000	1.000	0.000	0.000
64.000	12322.000	1524.630	5.000	3.000	1.000	0.000	0.000
64.000	12230.000	1524.630	5.000	3.000	1.000	0.000	0.000
64.000	12227.000	1524.630	5.000	3.000	1.000	0.000	0.000
80.000	12253.000	1524.750	5.000	3.000	1.000	0.000	0.000
64.000	12242.000	1524.630	5.000	3.000	1.000	0.000	0.000
64.000	12238.000	1524.630	5.000	3.000	1.000	0.000	0.000
64.000	12228.000	1524.500	5.000	3.000	1.000	0.000	0.000
64.000	12225.000	1524.630	5.000	3.000	1.000	0.000	0.000
63.000	12212.000	1524.630	5.000	3.000	1.000	0.000	0.000
64.000	12209.000	1524.630	5.000	3.000	1.000	0.000	0.000
65.000	12199.000	1524.630	5.000	3.000	1.000	0.000	0.000
63.000	12198.000	1524.630	5.000	3.000	1.000	0.000	0.000
64.000	12192.000	1524.630	5.000	3.000	1.000	0.000	0.000
64.000	12187.000	1524.630	5.000	3.000	1.000	0.000	0.000
64.000	12187.000	1524.630	5.000	3.000	1.000	0.000	0.000
80.000	12181.000	1524.630	5.000	3.000	1.000	0.000	0.000
64.000	12173.000	1524.630	5.000	3.000	1.000	0.000	0.000
64.000	12170.000	1524.750	5.000	3.000	1.000	0.000	0.000
63.000	12164.000	1524.750	5.000	3.000	1.000	0.000	0.000
65.000	12165.000	1524.750	5.000	3.000	1.000	0.000	0.000
63.000	12151.000	1524.750	5.000	3.000	1.000	0.000	0.000
65.000	12149.000	1524.750	5.000	3.000	1.000	0.000	0.000
64.000	12146.000	1524.750	5.000	3.000	1.000	0.000	0.000
63.000	12143.000	1524.630	5.000	3.000	1.000	0.000	0.000
64.000	12132.000	1524.750	5.000	3.000	1.000	0.000	0.000
65.000	12133.000	1524.750	5.000	3.000	1.000	0.000	0.000
79.000	12126.000	1524.750	5.000	3.000	1.000	0.000	0.000
64.000	12125.000	1524.630	5.000	3.000	1.000	0.000	0.000
64.000	12116.000	1524.880	5.000	3.000	1.000	0.000	0.000
64.000	12117.000	1524.750	5.000	3.000	1.000	0.000	0.000
64.000	12109.000	1524.750	5.000	3.000	1.000	0.000	0.000
63.000	12108.000	1524.750	5.000	3.000	1.000	0.000	0.000
64.000	12107.000	1524.750	5.000	3.000	1.000	0.000	0.000
64.000	12109.000	1524.750	5.000	3.000	1.000	0.000	0.000
65.000	12099.000	1524.750	5.000	3.000	1.000	0.000	0.000
63.000	12098.000	1524.750	5.000	3.000	1.000	0.000	0.000
64.000	12094.000	1524.750	5.000	3.000	1.000	0.000	0.000
64.000	12097.000	1524.750	5.000	3.000	1.000	0.000	0.000
80.000	12089.000	1524.750	5.000	3.000	1.000	0.000	0.000
64.000	12093.000	1524.750	5.000	3.000	1.000	0.000	0.000
64.000	12088.000	1524.880	5.000	3.000	1.000	0.000	0.000
64.000	12086.000	1524.750	5.000	3.000	1.000	0.000	0.000
64.000	12085.000	1524.750	5.000	3.000	1.000	0.000	0.000
64.000	12081.000	1524.880	5.000	3.000	1.000	0.000	0.000
63.000	12080.000	1524.880	5.000	3.000	1.000	0.000	0.000
65.000	12081.000	1524.880	5.000	3.000	1.000	0.000	0.000
64.000	12080.000	1524.750	5.000	3.000	1.000	0.000	0.000
63.000	12071.000	1524.750	5.000	3.000	1.000	0.000	0.000
65.000	12076.000	1524.880	5.000	3.000	1.000	0.000	0.000
63.000	12073.000	1524.880	5.000	3.000	1.000	0.000	0.000
80.000	12074.000	1524.880	5.000	3.000	1.000	0.000	0.000
64.000	12071.000	1524.750	5.000	3.000	1.000	0.000	0.000
64.000	12073.000	1524.880	5.000	3.000	1.000	0.000	0.000
63.000	12071.000	1524.750	5.000	3.000	1.000	0.000	0.000
65.000	12072.000	1524.750	5.000	3.000	1.000	0.000	0.000
64.000	12070.000	1524.880	5.000	3.000	1.000	0.000	0.000
64.000	12070.000	1524.750	5.000	3.000	1.000	0.000	0.000
63.000	12064.000	1524.750	5.000	3.000	1.000	0.000	0.000
64.000	12059.000	1524.750	5.000	3.000	1.000	0.000	0.000
64.000	12066.000	1524.750	5.000	3.000	1.000	0.000	0.000
64.000	12067.000	1524.750	5.000	3.000	1.000	0.000	0.000
80.000	12067.000	1524.750	5.000	3.000	1.000	0.000	0.000
64.000	12067.000	1524.880	5.000	3.000	1.000	0.000	0.000
64.000	12060.000	1524.880	5.000	3.000	1.000	0.000	0.000
64.000	12049.000	1524.880	5.000	3.000	1.000	0.000	0.000
64.000	12047.000	1524.750	5.000	3.000	1.000	0.000	0.000
64.000	12057.000	1524.880	5.000	3.000	1.000	0.000	0.000
64.000	12144.000	1524.880	5.000	3.000	1.000	0.000	0.000
63.000	12229.000	1525.010	5.000	3.000	1.000	0.000	0.000
65.000	12312.000	1524.750	5.000	3.000	1.000	0.000	0.000
63.000	12402.000	1525.010	5.000	3.000	1.000	0.000	0.000
65.000	12495.000	1524.750	5.000	3.000	1.000	0.000	0.000
63.000	12584.000	1525.010	5.000	3.000	1.000	0.000	0.000
81.000	12687.000	1524.880	5.000	3.000	1.000	0.000	0.000
63.000	12792.000	1524.750	5.000	3.000	1.000	0.000	0.000
65.000	12893.000	1524.880	5.000	3.000	1.000	0.000	0.000
63.000	13004.000	1524.880	5.000	3.000	1.000	0.000	0.000
64.000	13118.000	1524.880	5.000	3.000	1.000	0.000	0.000
64.000	13240.000	1524.880	5.000	3.000	1.000	0.000	0.000
63.000	13360.000	1525.010	5.000	3.000	1.000	0.000	0.000
64.000	13491.000	1525.010	5.000	3.000	1.000	0.000	0.000
64.000	13626.000	1525.010	5.000	3.000	1.000	0.000	0.000
64.000	13748.000	1524.880	5.000	3.000	1.000	0.000	0.000
64.000	13880.000	1524.880	5.000	3.000	1.000	0.000	0.000
65.000	14010.000	1525.010	5.000	3.000	1.000	0.000	0.000
79.000	14146.000	1525.010	5.000	3.000	1.000	0.000	0.000
64.000	14287.000	1525.010	5.000	3.000	1.000	0.000	0.000
65.000	14420.000	1525.010	5.000	3.000	1.000	0.000	0.000
63.000	14579.000	1524.880	5.000	3.000	1.000	0.000	0.000
64.000	14744.000	1525.010	5.000	3.000	1.000	0.000	0.000
64.000	14918.000	1525.010	5.000	3.000	1.000	0.000	0.000
64.000	15105.000	1525.140	5.000	3.000	1.000	0.000	0.000
64.000	15318.000	1525.270	5.000	3.000	1.000	0.000	0.000
63.000	15530.000	1525.520	5.000	3.000	1.000	0.000	0.000
64.000	15826.000	1526.030	5.000	3.000	1.000	0.000	0.000
65.000	16387.000	1527.050	5.000	3.000	1.000	0.000	0.000
80.000	17183.000	1528.080	5.000	3.000	1.000	0.000	0.000
64.000	17857.000	1529.610	5.000	3.000	1.000	0.000	0.000
71.000	18301.000	1530.760	5.000	3.000	1.000	0.000	0.000
56.000	18738.000	1532.170	5.000	3.000	1.000	0.000	0.000
64.000	19205.000	1533.060	5.000	3.000	1.000	0.000	0.000
64.000	19583.000	1533.570	5.000	3.000	1.000	0.000	0.000
64.000	19884.000	1533.830	5.000	3.000	1.000	0.000	0.000
64.000	20192.000	1534.080	5.000	3.000	1.000	0.000	0.000
63.000	20504.000	1534.340	5.000	3.000	1.000	0.000	0.000
65.000	20807.000	1534.340	5.000	3.000	1.000	0.000	0.000
63.000	21114.000	1534.080	5.000	3.000	1.000	0.000	0.000
64.000	21441.000	1533.960	5.000	3.000	1.000	0.000	0.000
81.000	21762.000	1533.700	5.000	3.000	1.000	0.000	0.000
63.000	22117.000	1533.700	5.000	3.000	1.000	0.000	0.000
65.000	22359.000	1533.320	5.000	3.000	1.000	0.000	0.000
63.000	22153.000	1531.780	5.000	3.000	1.000	0.000	0.000
64.000	21848.000	1530.760	5.000	3.000	1.000	0.000	0.000
64.000	21545.000	1530.120	5.000	3.000	1.000	0.000	0.000
64.000	21225.000	1529.480	5.000	3.000	1.000	0.000	0.000
64.000	20908.000	1529.100	5.000	3.000	1.000	0.000	0.000
64.000	20583.000	1528.970	5.000	3.000	1.000	0.000	0.000
63.000	20259.000	1529.100	5.000	3.000	1.000	0.000	0.000
65.000	19955.000	1529.100	5.000	3.000	1.000	0.000	0.000
63.000	19647.000	1529.610	5.000	3.000	1.000	0.000	0.000
81.000	19336.000	1529.740	5.000	3.000	1.000	0.000	0.000
63.000	18983.000	1530.120	5.000	3.000	1.000	0.000	0.000
65.000	18573.000	1530.510	5.000	3.000	1.000	0.000	0.000
63.000	18027.000	1530.890	5.000	3.000	1.000	0.000	0.000
64.000	17625.000	1531.140	5.000	3.000	1.000	0.000	0.000
64.000	17257.000	1531.530	5.000	3.000	1.000	0.000	0.000
64.000	16879.000	1531.780	5.000	3.000	1.000	0.000	0.000
64.000	16513.000	1531.910	5.000	3.000	1.000	0.000	0.000
64.000	16134.000	1531.910	5.000	3.000	1.000	0.000	0.000
64.000	15803.000	1531.910	5.000	3.000	1.000	0.000	0.000
63.000	15561.000	1529.990	5.000	3.000	1.000	0.000	0.000
81.000	15329.000	1526.540	5.000	3.000	1.000	0.000	0.000
63.000	15106.000	1526.290	5.000	3.000	1.000	0.000	0.000
64.000	14885.000	1526.160	5.000	3.000	1.000	0.000	0.000
64.000	14669.000	1526.030	5.000	3.000	1.000	0.000	0.000
64.000	14456.000	1526.030	5.000	3.000	1.000	0.000	0.000
65.000	14266.000	1526.160	5.000	3.000	1.000	0.000	0.000
63.000	14089.000	1526.030	5.000	3.000	1.000	0.000	0.000
64.000	13922.000	1525.900	5.000	3.000	1.000	0.000	0.000
64.000	13760.000	1526.030	5.000	3.000	1.000	0.000	0.000
63.000	13604.000	1525.780	5.000	3.000	1.000	0.000	0.000
65.000	13464.000	1525.780	5.000	3.000	1.000	0.000	0.000
64.000	13332.000	1525.650	5.000	3.000	1.000	0.000	0.000
80.000	13192.000	1525.520	5.000	3.000	1.000	0.000	0.000
63.000	13072.000	1525.390	5.000	3.000	1.000	0.000	0.000
65.000	12953.000	1525.270	5.000	3.000	1.000	0.000	0.000
63.000	12835.000	1525.270	5.000	3.000	1.000	0.000	0.000
64.000	12729.000	1525.140	5.000	3.000	1.000	0.000	0.000
64.000	12626.000	1525.140	5.000	3.000	1.000	0.000	0.000
64.000	12523.000	1525.140	5.000	3.000	1.000	0.000	0.000
64.000	12413.000	1525.140	5.000	3.000	1.000	0.000	0.000
64.000	12312.000	1525.140	5.000	3.000	1.000	0.000	0.000
64.000	12211.000	1525.140	5.000	3.000	1.000	0.000	0.000
64.000	12115.000	1525.010	5.000	3.000	1.000	0.000	0.000
64.000	12019.000	1525.140	5.000	3.000	1.000	0.000	0.000
80.000	11953.000	1525.010	5.000	3.000	1.000	0.000	0.000
64.000	11992.000	1525.010	5.000	3.000	1.000	0.000	0.000
63.000	12001.000	1525.140	5.000	3.000	1.000	0.000	0.000
65.000	11979.000	1525.270	5.000	3.000	1.000	0.000	0.000
63.000	11975.000	1525.140	5.000	3.000	1.000	0.000	0.000
64.000	11974.000	1525.140	5.000	3.000	1.000	0.000	0.000
64.000	11971.000	1525.270	5.000	3.000	1.000	0.000	0.000
64.000	11965.000	1525.140	5.000	3.000	1.000	0.000	0.000
64.000	11963.000	1525.140	5.000	3.000	1.000	0.000	0.000
64.000	11959.000	1525.140	5.000	3.000	1.000	0.000	0.000
64.000	11956.000	1525.140	5.000	3.000	1.000	0.000	0.000
80.000	11952.000	1525.140	5.000	3.000	1.000	0.000	0.000
63.000	11944.000	1525.140	5.000	3.000	1.000	0.000	0.000
65.000	11951.000	1525.140	5.000	3.000	1.000	0.000	0.000
63.000	11941.000	1525.140	5.000	3.000	1.000	0.000	0.000
65.000	11939.000	1525.140	5.000	3.000	1.000	0.000	0.000
64.000	11932.000	1525.010	5.000	3.000	1.000	0.000	0.000
63.000	11935.000	1525.270	5.000	3.000	1.000	0.000	0.000
64.000	11922.000	1525.140	5.000	3.000	1.000	0.000	0.000
64.000	11923.000	1525.140	5.000	3.000	1.000	0.000	0.000
64.000	11922.000	1525.140	5.000	3.000	1.000	0.000	0.000
64.000	11918.000	1525.140	5.000	3.000	1.000	0.000	0.000
64.000	11914.000	1525.140	5.000	3.000	1.000	0.000	0.000
80.000	11905.000	1525.270	5.000	3.000	1.000	0.000	0.000
64.000	11906.000	1525.270	5.000	3.000	1.000	0.000	0.000
64.000	11905.000	1525.270	5.000	3.000	1.000	0.000	0.000
63.000	11902.000	1525.140	5.000	3.000	1.000	0.000	0.000
65.000	11896.000	1525.140	5.000	3.000	1.000	0.000	0.000
64.000	11895.000	1525.270	5.000	3.000	1.000	0.000	0.000
64.000	11893.000	1525.140	5.000	3.000	1.000	0.000	0.000
63.000	11887.000	1525.270	5.000	3.000	1.000	0.000	0.000
64.000	11887.000	1525.140	5.000	3.000	1.000	0.000	0.000
64.000	11885.000	1525.270	5.000	3.000	1.000	0.000	0.000
64.000	11884.000	1525.270	5.000	3.000	1.000	0.000	0.000
64.000	11881.000	1525.270	5.000	3.000	1.000	0.000	0.000
80.000	11881.000	1525.270	5.000	3.000	1.000	0.000	0.000
63.000	11881.000	1525.270	5.000	3.000	1.000	0.000	0.000
65.000	11874.000	1525.140	5.000	3.000	1.000	0.000	0.000
63.000	11878.000	1525.270	5.000	3.000	1.000	0.000	0.000
64.000	11873.000	1525.270	5.000	3.000	1.000	0.000	0.000
64.000	11871.000	1525.270	5.000	3.000	1.000	0.000	0.000
64.000	11872.000	1525.270	5.000	3.000	1.000	0.000	0.000
65.000	11865.000	1525.270	5.000	3.000	1.000	0.000	0.000
64.000	11870.000	1525.270	5.000	3.000	1.000	0.000	0.000
64.000	11870.000	1525.390	5.000	3.000	1.000	0.000	0.000
63.000	11861.000	1525.270	5.000	3.000	1.000	0.000	0.000
80.000	11863.000	1525.270	5.000	3.000	1.000	0.000	0.000
64.000	11857.000	1525.390	5.000	3.000	1.000	0.000	0.000
64.000	11861.000	1525.270	5.000	3.000	1.000	0.000	0.000
64.000	11861.000	1525.270	5.000	3.000	1.000	0.000	0.000
63.000	11860.000	1525.270	5.000	3.000	1.000	0.000	0.000
65.000	11854.000	1525.390	5.000	3.000	1.000	0.000	0.000
63.000	11855.000	1525.270	5.000	3.000	1.000	0.000	0.000
64.000	11861.000	1525.390	5.000	3.000	1.000	0.000	0.000
64.000	11855.000	1525.390	5.000	3.000	1.000	0.000	0.000
64.000	11853.000	1525.390	5.000	3.000	1.000	0.000	0.000
65.000	11853.000	1525.390	5.000	3.000	1.000	0.000	0.000
63.000	11854.000	1525.270	5.000	3.000	1.000	0.000	0.000
80.000	11858.000	1525.390	5.000	3.000	1.000	0.000	0.000
64.000	11856.000	1525.270	5.000	3.000	1.000	0.000	0.000
64.000	11854.000	1525.270	5.000	3.000	1.000	0.000	0.000
64.000	11849.000	1525.390	5.000	3.000	1.000	0.000	0.000
64.000	11848.000	1525.270	5.000	3.000	1.000	0.000	0.000
64.000	11843.000	1525.270	5.000	3.000	1.000	0.000	0.000
63.000	11852.000	1525.270	5.000	3.000	1.000	0.000	0.000
64.000	11933.000	1525.390	5.000	3.000	1.000	0.000	0.000
64.000	12014.000	1525.390	5.000	3.000	1.000	0.000	0.000
65.000	12102.000	1525.270	5.000	3.000	1.000	0.000	0.000
63.000	12192.000	1525.390	5.000	3.000	1.000	0.000	0.000
64.000	12282.000	1525.390	5.000	3.000	1.000	0.000	0.000
80.000	12371.000	1525.270	5.000	3.000	1.000	0.000	0.000
64.000	12470.000	1525.270	5.000	3.000	1.000	0.000	0.000
64.000	12569.000	1525.270	5.000	3.000	1.000	0.000	0.000
64.000	12666.000	1525.390	5.000	3.000	1.000	0.000	0.000
64.000	12770.000	1525.390	5.000	3.000	1.000	0.000	0.000
64.000	12881.000	1525.270	5.000	3.000	1.000	0.000	0.000
64.000	12988.000	1525.390	5.000	3.000	1.000	0.000	0.000
64.000	13112.000	1525.520	5.000	3.000	1.000	0.000	0.000
63.000	13234.000	1525.390	5.000	3.000	1.000	0.000	0.000
65.000	13368.000	1525.390	5.000	3.000	1.000	0.000	0.000
64.000	13499.000	1525.390	5.000	3.000	1.000	0.000	0.000
79.000	13637.000	1525.270	5.000	3.000	1.000	0.000	0.000
64.000	13780.000	1525.520	5.000	3.000	1.000	0.000	0.000
64.000	13925.000	1525.270	5.000	3.000	1.000	0.000	0.000
63.000	14081.000	1525.390	5.000	3.000	1.000	0.000	0.000
65.000	14249.000	1525.390	5.000	3.000	1.000	0.000	0.000
64.000	14410.000	1525.270	5.000	3.000	1.000	0.000	0.000
64.000	14589.000	1525.390	5.000	3.000	1.000	0.000	0.000
63.000	14774.000	1525.390	5.000	3.000	1.000	0.000	0.000
65.000	14971.000	1525.520	5.000	3.000	1.000	0.000	0.000
63.000	15182.000	1525.650	5.000	3.000	1.000	0.000	0.000
65.000	15406.000	1525.900	5.000	3.000	1.000	0.000	0.000
63.000	15737.000	1526.540	5.000	3.000	1.000	0.000	0.000
80.000	16308.000	1527.310	5.000	3.000	1.000	0.000	0.000
64.000	17108.000	1528.460	5.000	3.000	1.000	0.000	0.000
64.000	17842.000	1529.610	5.000	3.000	1.000	0.000	0.000
64.000	18294.000	1531.140	5.000	3.000	1.000	0.000	0.000
64.000	18730.000	1532.300	5.000	3.000	1.000	0.000	0.000
63.000	19199.000	1533.450	5.000	3.000	1.000	0.000	0.000
65.000	19591.000	1533.960	5.000	3.000	1.000	0.000	0.000
64.000	19896.000	1534.340	5.000	3.000	1.000	0.000	0.000
64.000	20203.000	1534.720	5.000	3.000	1.000	0.000	0.000
64.000	20516.000	1534.720	5.000	3.000	1.000	0.000	0.000
64.000	20826.000	1534.600	5.000	3.000	1.000	0.000	0.000
64.000	21141.000	1534.600	5.000	3.000	1.000	0.000	0.000
80.000	21464.000	1534.340	5.000	3.000	1.000	0.000	0.000
63.000	21792.000	1534.210	5.000	3.000	1.000	0.000	0.000
64.000	22129.000	1533.960	5.000	3.000	1.000	0.000	0.000
64.000	22428.000	1533.700	5.000	3.000	1.000	0.000	0.000
64.000	22265.000	1532.420	5.000	3.000	1.000	0.000	0.000
64.000	21965.000	1531.400	5.000	3.000	1.000	0.000	0.000
63.000	21655.000	1530.510	5.000	3.000	1.000	0.000	0.000
64.000	21333.000	1529.990	5.000	3.000	1.000	0.000	0.000
64.000	21017.000	1529.610	5.000	3.000	1.000	0.000	0.000
65.000	20695.000	1529.360	5.000	3.000	1.000	0.000	0.000
64.000	20377.000	1529.360	5.000	3.000	1.000	0.000	0.000
79.000	20061.000	1529.610	5.000	3.000	1.000	0.000	0.000
65.000	19752.000	1529.740	5.000	3.000	1.000	0.000	0.000
63.000	19442.000	1529.990	5.000	3.000	1.000	0.000	0.000
64.000	19098.000	1530.380	5.000	3.000	1.000	0.000	0.000
64.000	18719.000	1530.760	5.000	3.000	1.000	0.000	0.000
64.000	18184.000	1531.270	5.000	3.000	1.000	0.000	0.000
64.000	17748.000	1531.530	5.000	3.000	1.000	0.000	0.000
64.000	17368.000	1531.910	5.000	3.000	1.000	0.000	0.000
64.000	16985.000	1532.040	5.000	3.000	1.000	0.000	0.000
64.000	16611.000	1532.300	5.000	3.000	1.000	0.000	0.000
64.000	16243.000	1532.300	5.000	3.000	1.000	0.000	0.000
64.000	15903.000	1532.300	5.000	3.000	1.000	0.000	0.000
80.000	15633.000	1531.910	5.000	3.000	1.000	0.000	0.000
64.000	15409.000	1526.930	5.000	3.000	1.000	0.000	0.000
64.000	15183.000	1526.800	5.000	3.000	1.000	0.000	0.000
63.000	14963.000	1526.540	5.000	3.000	1.000	0.000	0.000
64.000	14745.000	1526.420	5.000	3.000	1.000	0.000	0.000
64.000	14528.000	1526.540	5.000	3.000	1.000	0.000	0.000
65.000	14336.000	1526.540	5.000	3.000	1.000	0.000	0.000
63.000	14156.000	1526.420	5.000	3.000	1.000	0.000	0.000
64.000	13983.000	1526.420	5.000	3.000	1.000	0.000	0.000
64.000	13827.000	1526.290	5.000	3.000	1.000	0.000	0.000
63.000	13674.000	1526.290	5.000	3.000	1.000	0.000	0.000
65.000	13537.000	1526.160	5.000	3.000	1.000	0.000	0.000
79.000	13400.000	1526.030	5.000	3.000	1.000	0.000	0.000
65.000	13274.000	1525.900	5.000	3.000	1.000	0.000	0.000
63.000	13147.000	1525.650	5.000	3.000	1.000	0.000	0.000
65.000	13028.000	1525.650	5.000	3.000	1.000	0.000	0.000
63.000	12916.000	1525.780	5.000	3.000	1.000	0.000	0.000
64.000	12808.000	1525.650	5.000	3.000	1.000	0.000	0.000
65.000	12698.000	1525.520	5.000	3.000	1.000	0.000	0.000
63.000	12599.000	1525.520	5.000	3.000	1.000	0.000	0.000
64.000	12498.000	1525.520	5.000	3.000	1.000	0.000	0.000
64.000	12399.000	1525.650	5.000	3.000	1.000	0.000	0.000
64.000	12292.000	1525.650	5.000	3.000	1.000	0.000	0.000
79.000	12198.000	1525.390	5.000	3.000	1.000	0.000	0.000
64.000	12103.000	1525.520	5.000	3.000	1.000	0.000	0.000
64.000	12013.000	1525.650	5.000	3.000	1.000	0.000	0.000
64.000	12004.000	1525.520	5.000	3.000	1.000	0.000	0.000
65.000	12051.000	1525.520	5.000	3.000	1.000	0.000	0.000
63.000	12045.000	1525.390	5.000	3.000	1.000	0.000	0.000
64.000	12040.000	1525.520	5.000	3.000	1.000	0.000	0.000
64.000	12037.000	1525.520	5.000	3.000	1.000	0.000	0.000
64.000	12029.000	1525.520	5.000	3.000	1.000	0.000	0.000
64.000	12021.000	1525.520	5.000	3.000	1.000	0.000	0.000
64.000	12016.000	1525.390	5.000	3.000	1.000	0.000	0.000
64.000	12008.000	1525.520	5.000	3.000	1.000	0.000	0.000
79.000	12002.000	1525.520	5.000	3.000	1.000	0.000	0.000
64.000	12000.000	1525.520	5.000	3.000	1.000	0.000	0.000
65.000	11996.000	1525.520	5.000	3.000	1.000	0.000	0.000
64.000	11988.000	1525.520	5.000	3.000	1.000	0.000	0.000
64.000	11991.000	1525.520	5.000	3.000	1.000	0.000	0.000
64.000	11981.000	1525.520	5.000	3.000	1.000	0.000	0.000
63.000	11980.000	1525.520	5.000	3.000	1.000	0.000	0.000
64.000	11969.000	1525.520	5.000	3.000	1.000	0.000	0.000
64.000	11961.000	1525.520	5.000	3.000	1.000	0.000	0.000
64.000	11967.000	1525.390	5.000	3.000	1.000	0.000	0.000
64.000	11960.000	1525.650	5.000	3.000	1.000	0.000	0.000
80.000	11956.000	1525.520	5.000	3.000	1.000	0.000	0.000
63.000	11952.000	1525.650	5.000	3.000	1.000	0.000	0.000
65.000	11957.000	1525.650	5.000	3.000	1.000	0.000	0.000
63.000	11947.000	1525.650	5.000	3.000	1.000	0.000	0.000
64.000	11942.000	1525.650	5.000	3.000	1.000	0.000	0.000
64.000	11944.000	1525.520	5.000	3.000	1.000	0.000	0.000
64.000	11939.000	1525.520	5.000	3.000	1.000	0.000	0.000
64.000	11939.000	1525.520	5.000	3.000	1.000	0.000	0.000
64.000	11938.000	1525.780	5.000	3.000	1.000	0.000	0.000
64.000	11932.000	1525.650	5.000	3.000	1.000	0.000	0.000
64.000	11934.000	1525.650	5.000	3.000	1.000	0.000	0.000
64.000	11928.000	1525.650	5.000	3.000	1.000	0.000	0.000
80.000	11929.000	1525.520	5.000	3.000	1.000	0.000	0.000
64.000	11931.000	1525.650	5.000	3.000	1.000	0.000	0.000
64.000	11928.000	1525.520	5.000	3.000	1.000	0.000	0.000
64.000	11922.000	1525.650	5.000	3.000	1.000	0.000	0.000
63.000	11923.000	1525.520	5.000	3.000	1.000	0.000	0.000
64.000	11919.000	1525.780	5.000	3.000	1.000	0.000	0.000
64.000	11919.000	1525.780	5.000	3.000	1.000	0.000	0.000
64.000	11918.000	1525.650	5.000	3.000	1.000	0.000	0.000
64.000	11917.000	1525.650	5.000	3.000	1.000	0.000	0.000
65.000	11915.000	1525.650	5.000	3.000	1.000	0.000	0.000
63.000	11912.000	1525.650	5.000	3.000	1.000	0.000	0.000
64.000	11912.000	1525.650	5.000	3.000	1.000	0.000	0.000
80.000	11907.000	1525.650	5.000	3.000	1.000	0.000	0.000
64.000	11910.000	1525.650	5.000	3.000	1.000	0.000	0.000
64.000	11910.000	1525.650	5.000	3.000	1.000	0.000	0.000
63.000	11906.000	1525.650	5.000	3.000	1.000	0.000	0.000
65.000	11902.000	1525.780	5.000	3.000	1.000	0.000	0.000
64.000	11901.000	1525.780	5.000	3.000	1.000	0.000	0.000
64.000	11904.000	1525.780	5.000	3.000	1.000	0.000	0.000
63.000	11902.000	1525.650	5.000	3.000	1.000	0.000	0.000
64.000	11905.000	1525.650	5.000	3.000	1.000	0.000	0.000
64.000	11889.000	1525.780	5.000	3.000	1.000	0.000	0.000
64.000	11896.000	1525.780	5.000	3.000	1.000	0.000	0.000
79.000	11899.000	1525.780	5.000	3.000	1.000	0.000	0.000
65.000	11892.000	1525.780	5.000	3.000	1.000	0.000	0.000
64.000	11890.000	1525.780	5.000	3.000	1.000	0.000	0.000
64.000	11891.000	1525.650	5.000	3.000	1.000	0.000	0.000
64.000	11888.000	1525.780	5.000	3.000	1.000	0.000	0.000
63.000	11880.000	1525.650	5.000	3.000	1.000	0.000	0.000
64.000	11878.000	1525.650	5.000	3.000	1.000	0.000	0.000
65.000	11871.000	1525.650	5.000	3.000	1.000	0.000	0.000
64.000	11872.000	1525.780	5.000	3.000	1.000	0.000	0.000
71.000	11869.000	1525.780	5.000	3.000	1.000	0.000	0.000
56.000	11945.000	1525.650	5.000	3.000	1.000	0.000	0.000
64.000	12026.000	1525.780	5.000	3.000	1.000	0.000	0.000
80.000	12118.000	1525.780	5.000	3.000	1.000	0.000	0.000
64.000	12204.000	1525.780	5.000	3.000	1.000	0.000	0.000
64.000	12290.000	1525.650	5.000	3.000	1.000	0.000	0.000
64.000	12384.000	1525.780	5.000	3.000	1.000	0.000	0.000
64.000	12478.000	1525.780	5.000	3.000	1.000	0.000	0.000
64.000	12577.000	1525.780	5.000	3.000	1.000	0.000	0.000
64.000	12680.000	1525.780	5.000	3.000	1.000	0.000	0.000
63.000	12789.000	1525.900	5.000	3.000	1.000	0.000	0.000
64.000	12901.000	1525.780	5.000	3.000	1.000	0.000	0.000
64.000	13011.000	1525.780	5.000	3.000	1.000	0.000	0.000
64.000	13127.000	1525.780	5.000	3.000	1.000	0.000	0.000
64.000	13260.000	1525.780	5.000	3.000	1.000	0.000	0.000
80.000	13388.000	1525.780	5.000	3.000	1.000	0.000	0.000
63.000	13522.000	1525.780	5.000	3.000	1.000	0.000	0.000
65.000	13663.000	1525.780	5.000	3.000	1.000	0.000	0.000
64.000	13804.000	1525.780	5.000	3.000	1.000	0.000	0.000
63.000	13947.000	1525.780	5.000	3.000	1.000	0.000	0.000
64.000	14105.000	1525.650	5.000	3.000	1.000	0.000	0.000
65.000	14272.000	1525.650	5.000	3.000	1.000	0.000	0.000
63.000	14433.000	1525.780	5.000	3.000	1.000	0.000	0.000
64.000	14619.000	1525.900	5.000	3.000	1.000	0.000	0.000
64.000	14800.000	1525.780	5.000	3.000	1.000	0.000	0.000
64.000	14997.000	1525.900	5.000	3.000	1.000	0.000	0.000
80.000	15207.000	1526.030	5.000	3.000	1.000	0.000	0.000
64.000	15424.000	1526.420	5.000	3.000	1.000	0.000	0.000
64.000	15750.000	1526.670	5.000	3.000	1.000	0.000	0.000
64.000	16279.000	1527.570	5.000	3.000	1.000	0.000	0.000
64.000	17079.000	1528.720	5.000	3.000	1.000	0.000	0.000
64.000	17847.000	1530.120	5.000	3.000	1.000	0.000	0.000
64.000	18309.000	1531.660	5.000	3.000	1.000	0.000	0.000
63.000	18756.000	1532.680	5.000	3.000	1.000	0.000	0.000
65.000	19244.000	1533.700	5.000	3.000	1.000	0.000	0.000
63.000	19629.000	1534.340	5.000	3.000	1.000	0.000	0.000
65.000	19945.000	1534.720	5.000	3.000	1.000	0.000	0.000
63.000	20249.000	1534.980	5.000	3.000	1.000	0.000	0.000
80.000	20561.000	1535.110	5.000	3.000	1.000	0.000	0.000
64.000	20870.000	1535.110	5.000	3.000	1.000	0.000	0.000
64.000	21190.000	1534.980	5.000	3.000	1.000	0.000	0.000
64.000	21520.000	1534.720	5.000	3.000	1.000	0.000	0.000
63.000	21849.000	1534.470	5.000	3.000	1.000	0.000	0.000
65.000	22199.000	1534.340	5.000	3.000	1.000	0.000	0.000
64.000	22510.000	1534.080	5.000	3.000	1.000	0.000	0.000
64.000	22375.000	1532.930	5.000	3.000	1.000	0.000	0.000
64.000	22075.000	1531.910	5.000	3.000	1.000	0.000	0.000
63.000	21760.000	1531.020	5.000	3.000	1.000	0.000	0.000
64.000	21439.000	1530.380	5.000	3.000	1.000	0.000	0.000
65.000	21120.000	1529.990	5.000	3.000	1.000	0.000	0.000
79.000	20789.000	1529.610	5.000	3.000	1.000	0.000	0.000
65.000	20470.000	1529.610	5.000	3.000	1.000	0.000	0.000
63.000	20161.000	1529.740	5.000	3.000	1.000	0.000	0.000
64.000	19850.000	1529.870	5.000	3.000	1.000	0.000	0.000
64.000	19537.000	1530.380	5.000	3.000	1.000	0.000	0.000
64.000	19192.000	1530.630	5.000	3.000	1.000	0.000	0.000
63.000	18815.000	1531.020	5.000	3.000	1.000	0.000	0.000
65.000	18282.000	1531.530	5.000	3.000	1.000	0.000	0.000
63.000	17831.000	1531.910	5.000	3.000	1.000	0.000	0.000
64.000	17448.000	1532.040	5.000	3.000	1.000	0.000	0.000
64.000	17072.000	1532.550	5.000	3.000	1.000	0.000	0.000
81.000	16687.000	1532.680	5.000	3.000	1.000	0.000	0.000
63.000	16303.000	1532.680	5.000	3.000	1.000	0.000	0.000
65.000	15966.000	1532.680	5.000	3.000	1.000	0.000	0.000
63.000	15686.000	1528.970	5.000	3.000	1.000	0.000	0.000
64.000	15442.000	1527.180	5.000	3.000	1.000	0.000	0.000
64.000	15213.000	1527.050	5.000	3.000	1.000	0.000	0.000
64.000	14983.000	1527.050	5.000	3.000	1.000	0.000	0.000
64.000	14765.000	1526.930	5.000	3.000	1.000	0.000	0.000
64.000	14551.000	1526.800	5.000	3.000	1.000	0.000	0.000
64.000	14356.000	1526.930	5.000	3.000	1.000	0.000	0.000
63.000	14171.000	1526.800	5.000	3.000	1.000	0.000	0.000
64.000	14003.000	1526.540	5.000	3.000	1.000	0.000	0.000
80.000	13842.000	1526.800	5.000	3.000	1.000	0.000	0.000
64.000	13701.000	1526.670	5.000	3.000	1.000	0.000	0.000
64.000	13552.000	1526.540	5.000	3.000	1.000	0.000	0.000
64.000	13414.000	1526.290	5.000	3.000	1.000	0.000	0.000
64.000	13296.000	1526.160	5.000	3.000	1.000	0.000	0.000
64.000	13161.000	1526.160	5.000	3.000	1.000	0.000	0.000
64.000	13040.000	1526.030	5.000	3.000	1.000	0.000	0.000
64.000	12930.000	1525.900	5.000	3.000	1.000	0.000	0.000
64.000	12817.000	1525.900	5.000	3.000	1.000	0.000	0.000
64.000	12716.000	1526.030	5.000	3.000	1.000	0.000	0.000
64.000	12609.000	1526.030	5.000	3.000	1.000	0.000	0.000
64.000	12512.000	1525.780	5.000	3.000	1.000	0.000	0.000
80.000	12404.000	1525.900	5.000	3.000	1.000	0.000	0.000
64.000	12300.000	1525.900	5.000	3.000	1.000	0.000	0.000
63.000	12209.000	1525.900	5.000	3.000	1.000	0.000	0.000
64.000	12115.000	1525.780	5.000	3.000	1.000	0.000	0.000
64.000	12022.000	1525.900	5.000	3.000	1.000	0.000	0.000
64.000	12011.000	1525.900	5.000	3.000	1.000	0.000	0.000
64.000	12062.000	1525.780	5.000	3.000	1.000	0.000	0.000
64.000	12052.000	1525.900	5.000	3.000	1.000	0.000	0.000
64.000	12039.000	1525.900	5.000	3.000	1.000	0.000	0.000
64.000	12032.000	1525.780	5.000	3.000	1.000	0.000	0.000
64.000	12028.000	1525.900	5.000	3.000	1.000	0.000	0.000
80.000	12028.000	1525.900	5.000	3.000	1.000	0.000	0.000
64.000	12016.000	1525.900	5.000	3.000	1.000	0.000	0.000
63.000	12011.000	1525.900	5.000	3.000	1.000	0.000	0.000
64.000	12000.000	1525.780	5.000	3.000	1.000	0.000	0.000
64.000	11999.000	1525.900	5.000	3.000	1.000	0.000	0.000
64.000	11990.000	1525.780	5.000	3.000	1.000	0.000	0.000
64.000	11986.000	1525.900	5.000	3.000	1.000	0.000	0.000
64.000	11980.000	1525.900	5.000	3.000	1.000	0.000	0.000
64.000	11973.000	1525.900	5.000	3.000	1.000	0.000	0.000
63.000	11959.000	1525.900	5.000	3.000	1.000	0.000	0.000
64.000	11964.000	1525.900	5.000	3.000	1.000	0.000	0.000
65.000	11958.000	1526.030	5.000	3.000	1.000	0.000	0.000
80.000	11961.000	1525.780	5.000	3.000	1.000	0.000	0.000
63.000	11956.000	1526.030	5.000	3.000	1.000	0.000	0.000
65.000	11949.000	1525.900	5.000	3.000	1.000	0.000	0.000
64.000	11948.000	1525.900	5.000	3.000	1.000	0.000	0.000
63.000	11945.000	1525.900	5.000	3.000	1.000	0.000	0.000
64.000	11944.000	1526.030	5.000	3.000	1.000	0.000	0.000
64.000	11943.000	1526.030	5.000	3.000	1.000	0.000	0.000
65.000	11939.000	1526.030	5.000	3.000	1.000	0.000	0.000
63.000	11941.000	1525.900	5.000	3.000	1.000	0.000	0.000
64.000	11939.000	1526.030	5.000	3.000	1.000	0.000	0.000
64.000	11938.000	1526.030	5.000	3.000	1.000	0.000	0.000
64.000	11936.000	1525.900	5.000	3.000	1.000	0.000	0.000
80.000	11927.000	1526.030	5.000	3.000	1.000	0.000	0.000
64.000	11930.000	1525.900	5.000	3.000	1.000	0.000	0.000
63.000	11937.000	1526.030	5.000	3.000	1.000	0.000	0.000
64.000	11925.000	1526.030	5.000	3.000	1.000	0.000	0.000
64.000	11925.000	1526.030	5.000	3.000	1.000	0.000	0.000
65.000	11916.000	1525.900	5.000	3.000	1.000	0.000	0.000
63.000	11917.000	1525.900	5.000	3.000	1.000	0.000	0.000
64.000	11916.000	1525.900	5.000	3.000	1.000	0.000	0.000
64.000	11913.000	1526.030	5.000	3.000	1.000	0.000	0.000
64.000	11909.000	1526.030	5.000	3.000	1.000	0.000	0.000
64.000	11912.000	1526.030	5.000	3.000	1.000	0.000	0.000
80.000	11907.000	1526.030	5.000	3.000	1.000	0.000	0.000
64.000	11913.000	1526.030	5.000	3.000	1.000	0.000	0.000
64.000	11908.000	1525.900	5.000	3.000	1.000	0.000	0.000
64.000	11901.000	1526.030	5.000	3.000	1.000	0.000	0.000
64.000	11906.000	1526.030	5.000	3.000	1.000	0.000	0.000
64.000	11897.000	1526.030	5.000	3.000	1.000	0.000	0.000
64.000	11897.000	1526.030	5.000	3.000	1.000	0.000	0.000
63.000	11895.000	1526.030	5.000	3.000	1.000	0.000	0.000
64.000	11897.000	1526.030	5.000	3.000	1.000	0.000	0.000
64.000	11894.000	1526.030	5.000	3.000	1.000	0.000	0.000
63.000	11893.000	1526.030	5.000	3.000	1.000	0.000	0.000
65.000	11879.000	1526.160	5.000	3.000	1.000	0.000	0.000
80.000	11884.000	1526.160	5.000	3.000	1.000	0.000	0.000
64.000	11875.000	1526.030	5.000	3.000	1.000	0.000	0.000
64.000	11875.000	1526.030	5.000	3.000	1.000	0.000	0.000
63.000	11874.000	1526.030	5.000	3.000	1.000	0.000	0.000
65.000	11876.000	1526.030	5.000	3.000	1.000	0.000	0.000
63.000	11871.000	1525.900	5.000	3.000	1.000	0.000	0.000
64.000	11867.000	1526.030	5.000	3.000	1.000	0.000	0.000
64.000	11868.000	1526.030	5.000	3.000	1.000	0.000	0.000
64.000	11867.000	1526.160	5.000	3.000	1.000	0.000	0.000
64.000	11863.000	1526.290	5.000	3.000	1.000	0.000	0.000
64.000	11866.000	1526.030	5.000	3.000	1.000	0.000	0.000
64.000	11875.000	1526.160	5.000	3.000	1.000	0.000	0.000
80.000	11953.000	1526.160	5.000	3.000	1.000	0.000	0.000
64.000	12040.000	1526.160	5.000	3.000	1.000	0.000	0.000
64.000	12127.000	1526.030	5.000	3.000	1.000	0.000	0.000
64.000	12216.000	1526.030	5.000	3.000	1.000	0.000	0.000
64.000	12309.000	1526.030	5.000	3.000	1.000	0.000	0.000
63.000	12398.000	1526.030	5.000	3.000	1.000	0.000	0.000
64.000	12498.000	1526.160	5.000	3.000	1.000	0.000	0.000
64.000	12598.000	1526.030	5.000	3.000	1.000	0.000	0.000
65.000	12702.000	1526.160	5.000	3.000	1.000	0.000	0.000
63.000	12813.000	1526.160	5.000	3.000	1.000	0.000	0.000
64.000	12923.000	1526.160	5.000	3.000	1.000	0.000	0.000
80.000	13043.000	1526.030	5.000	3.000	1.000	0.000	0.000
64.000	13161.000	1526.160	5.000	3.000	1.000	0.000	0.000
64.000	13292.000	1526.030	5.000	3.000	1.000	0.000	0.000
64.000	13414.000	1526.030	5.000	3.000	1.000	0.000	0.000
64.000	13560.000	1526.160	5.000	3.000	1.000	0.000	0.000
64.000	13697.000	1526.030	5.000	3.000	1.000	0.000	0.000
64.000	13842.000	1526.160	5.000	3.000	1.000	0.000	0.000
63.000	13992.000	1526.030	5.000	3.000	1.000	0.000	0.000
64.000	14152.000	1526.160	5.000	3.000	1.000	0.000	0.000
64.000	14316.000	1526.160	5.000	3.000	1.000	0.000	0.000
64.000	14492.000	1526.160	5.000	3.000	1.000	0.000	0.000
64.000	14669.000	1526.030	5.000	3.000	1.000	0.000	0.000
80.000	14853.000	1526.160	5.000	3.000	1.000	0.000	0.000
64.000	15055.000	1526.290	5.000	3.000	1.000	0.000	0.000
64.000	15268.000	1526.420	5.000	3.000	1.000	0.000	0.000
63.000	15500.000	1526.670	5.000	3.000	1.000	0.000	0.000
65.000	15877.000	1527.310	5.000	3.000	1.000	0.000	0.000
63.000	16461.000	1528.330	5.000	3.000	1.000	0.000	0.000
64.000	17303.000	1529.360	5.000	3.000	1.000	0.000	0.000
64.000	18002.000	1530.760	5.000	3.000	1.000	0.000	0.000
64.000	18457.000	1532.170	5.000	3.000	1.000	0.000	0.000
64.000	18915.000	1533.450	5.000	3.000	1.000	0.000	0.000
64.000	19382.000	1534.340	5.000	3.000	1.000	0.000	0.000
63.000	19751.000	1534.850	5.000	3.000	1.000	0.000	0.000
81.000	20071.000	1535.110	5.000	3.000	1.000	0.000	0.000
63.000	20381.000	1535.360	5.000	3.000	1.000	0.000	0.000
65.000	20698.000	1535.490	5.000	3.000	1.000	0.000	0.000
64.000	21014.000	1535.360	5.000	3.000	1.000	0.000	0.000
64.000	21329.000	1535.110	5.000	3.000	1.000	0.000	0.000
64.000	21670.000	1534.980	5.000	3.000	1.000	0.000	0.000
63.000	22003.000	1534.720	5.000	3.000	1.000	0.000	0.000
64.000	22361.000	1534.600	5.000	3.000	1.000	0.000	0.000
64.000	22597.000	1534.080	5.000	3.000	1.000	0.000	0.000
64.000	22381.000	1532.810	5.000	3.000	1.000	0.000	0.000
65.000	22067.000	1531.910	5.000	3.000	1.000	0.000	0.000
79.000	21760.000	1531.020	5.000	3.000	1.000	0.000	0.000
64.000	21434.000	1530.510	5.000	3.000	1.000	0.000	0.000
64.000	21113.000	1530.120	5.000	3.000	1.000	0.000	0.000
63.000	20773.000	1529.870	5.000	3.000	1.000	0.000	0.000
65.000	20456.000	1529.870	5.000	3.000	1.000	0.000	0.000
64.000	20147.000	1530.120	5.000	3.000	1.000	0.000	0.000
63.000	19832.000	1530.380	5.000	3.000	1.000	0.000	0.000
64.000	19518.000	1530.890	5.000	3.000	1.000	0.000	0.000
65.000	19169.000	1531.140	5.000	3.000	1.000	0.000	0.000
63.000	18764.000	1531.530	5.000	3.000	1.000	0.000	0.000
64.000	18223.000	1531.910	5.000	3.000	1.000	0.000	0.000
64.000	17793.000	1532.300	5.000	3.000	1.000	0.000	0.000
80.000	17416.000	1532.550	5.000	3.000	1.000	0.000	0.000
64.000	17025.000	1532.810	5.000	3.000	1.000	0.000	0.000
64.000	16646.000	1533.060	5.000	3.000	1.000	0.000	0.000
64.000	16256.000	1533.060	5.000	3.000	1.000	0.000	0.000
63.000	15946.000	1532.930	5.000	3.000	1.000	0.000	0.000
65.000	15679.000	1528.460	5.000	3.000	1.000	0.000	0.000
64.000	15423.000	1527.570	5.000	3.000	1.000	0.000	0.000
63.000	15187.000	1527.440	5.000	3.000	1.000	0.000	0.000
65.000	14957.000	1527.310	5.000	3.000	1.000	0.000	0.000
63.000	14742.000	1527.180	5.000	3.000	1.000	0.000	0.000
65.000	14539.000	1527.180	5.000	3.000	1.000	0.000	0.000
63.000	14367.000	1527.180	5.000	3.000	1.000	0.000	0.000
80.000	14177.000	1527.180	5.000	3.000	1.000	0.000	0.000
64.000	14007.000	1527.050	5.000	3.000	1.000	0.000	0.000
64.000	13850.000	1527.050	5.000	3.000	1.000	0.000	0.000
64.000	13698.000	1526.930	5.000	3.000	1.000	0.000	0.000
64.000	13559.000	1526.800	5.000	3.000	1.000	0.000	0.000
64.000	13428.000	1526.540	5.000	3.000	1.000	0.000	0.000
64.000	13304.000	1526.540	5.000	3.000	1.000	0.000	0.000
64.000	13174.000	1526.420	5.000	3.000	1.000	0.000	0.000
64.000	13056.000	1526.420	5.000	3.000	1.000	0.000	0.000
64.000	12943.000	1526.420	5.000	3.000	1.000	0.000	0.000
64.000	12831.000	1526.160	5.000	3.000	1.000	0.000	0.000
80.000	12727.000	1526.290	5.000	3.000	1.000	0.000	0.000
63.000	12617.000	1526.290	5.000	3.000	1.000	0.000	0.000
65.000	12513.000	1526.160	5.000	3.000	1.000	0.000	0.000
63.000	12408.000	1526.290	5.000	3.000	1.000	0.000	0.000
64.000	12313.000	1526.160	5.000	3.000	1.000	0.000	0.000
64.000	12220.000	1526.290	5.000	3.000	1.000	0.000	0.000
64.000	12134.000	1526.290	5.000	3.000	1.000	0.000	0.000
63.000	12038.000	1526.290	5.000	3.000	1.000	0.000	0.000
65.000	12046.000	1526.160	5.000	3.000	1.000	0.000	0.000
64.000	12098.000	1526.160	5.000	3.000	1.000	0.000	0.000
64.000	12095.000	1526.160	5.000	3.000	1.000	0.000	0.000
64.000	12087.000	1526.290	5.000	3.000	1.000	0.000	0.000
79.000	12079.000	1526.160	5.000	3.000	1.000	0.000	0.000
64.000	12076.000	1526.290	5.000	3.000	1.000	0.000	0.000
64.000	12066.000	1526.160	5.000	3.000	1.000	0.000	0.000
65.000	12056.000	1526.290	5.000	3.000	1.000	0.000	0.000
63.000	12049.000	1526.160	5.000	3.000	1.000	0.000	0.000
64.000	12048.000	1526.290	5.000	3.000	1.000	0.000	0.000
64.000	12036.000	1526.290	5.000	3.000	1.000	0.000	0.000
63.000	12031.000	1526.290	5.000	3.000	1.000	0.000	0.000
64.000	12027.000	1526.160	5.000	3.000	1.000	0.000	0.000
65.000	12022.000	1526.160	5.000	3.000	1.000	0.000	0.000
64.000	12021.000	1526.290	5.000	3.000	1.000	0.000	0.000
63.000	12011.000	1526.290	5.000	3.000	1.000	0.000	0.000
80.000	12011.000	1526.160	5.000	3.000	1.000	0.000	0.000
64.000	12008.000	1526.290	5.000	3.000	1.000	0.000	0.000
64.000	12004.000	1526.290	5.000	3.000	1.000	0.000	0.000
64.000	12000.000	1526.290	5.000	3.000	1.000	0.000	0.000
63.000	11992.000	1526.290	5.000	3.000	1.000	0.000	0.000
65.000	11998.000	1526.420	5.000	3.000	1.000	0.000	0.000
64.000	11990.000	1526.290	5.000	3.000	1.000	0.000	0.000
64.000	11993.000	1526.290	5.000	3.000	1.000	0.000	0.000
64.000	11987.000	1526.420	5.000	3.000	1.000	0.000	0.000
63.000	11986.000	1526.290	5.000	3.000	1.000	0.000	0.000
65.000	11986.000	1526.290	5.000	3.000	1.000	0.000	0.000
79.000	11983.000	1526.160	5.000	3.000	1.000	0.000	0.000
64.000	11980.000	1526.290	5.000	3.000	1.000	0.000	0.000
64.000	11982.000	1526.290	5.000	3.000	1.000	0.000	0.000
65.000	11971.000	1526.420	5.000	3.000	1.000	0.000	0.000
63.000	11974.000	1526.290	5.000	3.000	1.000	0.000	0.000
64.000	11975.000	1526.290	5.000	3.000	1.000	0.000	0.000
64.000	11965.000	1526.290	5.000	3.000	1.000	0.000	0.000
64.000	11973.000	1526.420	5.000	3.000	1.000	0.000	0.000
63.000	11963.000	1526.420	5.000	3.000	1.000	0.000	0.000
65.000	11962.000	1526.290	5.000	3.000	1.000	0.000	0.000
64.000	11965.000	1526.290	5.000	3.000	1.000	0.000	0.000
64.000	11950.000	1526.290	5.000	3.000	1.000	0.000	0.000
79.000	11965.000	1526.290	5.000	3.000	1.000	0.000	0.000
65.000	11955.000	1526.420	5.000	3.000	1.000	0.000	0.000
63.000	11955.000	1526.290	5.000	3.000	1.000	0.000	0.000
64.000	11954.000	1526.420	5.000	3.000	1.000	0.000	0.000
64.000	11951.000	1526.290	5.000	3.000	1.000	0.000	0.000
64.000	11941.000	1526.420	5.000	3.000	1.000	0.000	0.000
64.000	11942.000	1526.420	5.000	3.000	1.000	0.000	0.000
64.000	11938.000	1526.290	5.000	3.000	1.000	0.000	0.000
64.000	11934.000	1526.420	5.000	3.000	1.000	0.000	0.000
64.000	11931.000	1526.420	5.000	3.000	1.000	0.000	0.000
63.000	11928.000	1526.420	5.000	3.000	1.000	0.000	0.000
65.000	11928.000	1526.420	5.000	3.000	1.000	0.000	0.000
80.000	11929.000	1526.420	5.000	3.000	1.000	0.000	0.000
63.000	11923.000	1526.290	5.000	3.000	1.000	0.000	0.000
65.000	11923.000	1526.420	5.000	3.000	1.000	0.000	0.000
64.000	11921.000	1526.420	5.000	3.000	1.000	0.000	0.000
64.000	11917.000	1526.420	5.000	3.000	1.000	0.000	0.000
63.000	11913.000	1526.420	5.000	3.000	1.000	0.000	0.000
64.000	11916.000	1526.420	5.000	3.000	1.000	0.000	0.000
64.000	11913.000	1526.420	5.000	3.000	1.000	0.000	0.000
63.000	11911.000	1526.420	5.000	3.000	1.000	0.000	0.000
64.000	11914.000	1526.420	5.000	3.000	1.000	0.000	0.000
65.000	11910.000	1526.420	5.000	3.000	1.000	0.000	0.000
80.000	11911.000	1526.420	5.000	3.000	1.000	0.000	0.000
64.000	11904.000	1526.420	5.000	3.000	1.000	0.000	0.000
64.000	11956.000	1526.420	5.000	3.000	1.000	0.000	0.000
63.000	12033.000	1526.540	5.000	3.000	1.000	0.000	0.000
64.000	12121.000	1526.540	5.000	3.000	1.000	0.000	0.000
64.000	12207.000	1526.420	5.000	3.000	1.000	0.000	0.000
64.000	12295.000	1526.420	5.000	3.000	1.000	0.000	0.000
64.000	12389.000	1526.420	5.000	3.000	1.000	0.000	0.000
64.000	12486.000	1526.420	5.000	3.000	1.000	0.000	0.000
64.000	12583.000	1526.420	5.000	3.000	1.000	0.000	0.000
63.000	12684.000	1526.540	5.000	3.000	1.000	0.000	0.000
65.000	12791.000	1526.420	5.000	3.000	1.000	0.000	0.000
80.000	12904.000	1526.420	5.000	3.000	1.000	0.000	0.000
63.000	13016.000	1526.540	5.000	3.000	1.000	0.000	0.000
64.000	13132.000	1526.420	5.000	3.000	1.000	0.000	0.000
64.000	13263.000	1526.420	5.000	3.000	1.000	0.000	0.000
64.000	13394.000	1526.420	5.000	3.000	1.000	0.000	0.000
64.000	13515.000	1526.540	5.000	3.000	1.000	0.000	0.000
63.000	13656.000	1526.420	5.000	3.000	1.000	0.000	0.000
65.000	13801.000	1526.290	5.000	3.000	1.000	0.000	0.000
64.000	13937.000	1526.420	5.000	3.000	1.000	0.000	0.000
64.000	14099.000	1526.420	5.000	3.000	1.000	0.000	0.000
64.000	14262.000	1526.420	5.000	3.000	1.000	0.000	0.000
80.000	14421.000	1526.420	5.000	3.000	1.000	0.000	0.000
63.000	14594.000	1526.420	5.000	3.000	1.000	0.000	0.000
64.000	14780.000	1526.420	5.000	3.000	1.000	0.000	0.000
64.000	14969.000	1526.420	5.000	3.000	1.000	0.000	0.000
64.000	15182.000	1526.670	5.000	3.000	1.000	0.000	0.000
64.000	15391.000	1526.930	5.000	3.000	1.000	0.000	0.000
64.000	15635.000	1527.310	5.000	3.000	1.000	0.000	0.000
64.000	16118.000	1527.950	5.000	3.000	1.000	0.000	0.000
64.000	16768.000	1529.230	5.000	3.000	1.000	0.000	0.000
64.000	17702.000	1530.380	5.000	3.000	1.000	0.000	0.000
64.000	18223.000	1531.780	5.000	3.000	1.000	0.000	0.000
64.000	18675.000	1532.930	5.000	3.000	1.000	0.000	0.000
79.000	19159.000	1534.210	5.000	3.000	1.000	0.000	0.000
65.000	19598.000	1534.850	5.000	3.000	1.000	0.000	0.000
63.000	19940.000	1535.360	5.000	3.000	1.000	0.000	0.000
65.000	20243.000	1535.750	5.000	3.000	1.000	0.000	0.000
64.000	20565.000	1535.870	5.000	3.000	1.000	0.000	0.000
63.000	20885.000	1535.750	5.000	3.000	1.000	0.000	0.000
65.000	21200.000	1535.620	5.000	3.000	1.000	0.000	0.000
63.000	21531.000	1535.490	5.000	3.000	1.000	0.000	0.000
64.000	21853.000	1535.230	5.000	3.000	1.000	0.000	0.000
64.000	22198.000	1534.980	5.000	3.000	1.000	0.000	0.000
64.000	22558.000	1534.850	5.000	3.000	1.000	0.000	0.000
64.000	22621.000	1533.960	5.000	3.000	1.000	0.000	0.000
80.000	22323.000	1532.810	5.000	3.000	1.000	0.000	0.000
63.000	22013.000	1531.910	5.000	3.000	1.000	0.000	0.000
65.000	21697.000	1531.140	5.000	3.000	1.000	0.000	0.000
64.000	21372.000	1530.630	5.000	3.000	1.000	0.000	0.000
63.000	21047.000	1530.380	5.000	3.000	1.000	0.000	0.000
64.000	20716.000	1530.380	5.000	3.000	1.000	0.000	0.000
65.000	20412.000	1530.250	5.000	3.000	1.000	0.000	0.000
63.000	20091.000	1530.510	5.000	3.000	1.000	0.000	0.000
64.000	19772.000	1530.890	5.000	3.000	1.000	0.000	0.000
64.000	19451.000	1531.140	5.000	3.000	1.000	0.000	0.000
64.000	19075.000	1531.660	5.000	3.000	1.000	0.000	0.000
80.000	18616.000	1531.910	5.000	3.000	1.000	0.000	0.000
64.000	18093.000	1532.300	5.000	3.000	1.000	0.000	0.000
63.000	17689.000	1532.680	5.000	3.000	1.000	0.000	0.000
64.000	17316.000	1532.930	5.000	3.000	1.000	0.000	0.000
64.000	16919.000	1533.060	5.000	3.000	1.000	0.000	0.000
64.000	16530.000	1533.320	5.000	3.000	1.000	0.000	0.000
65.000	16159.000	1533.320	5.000	3.000	1.000	0.000	0.000
63.000	15874.000	1533.060	5.000	3.000	1.000	0.000	0.000
65.000	15612.000	1528.210	5.000	3.000	1.000	0.000	0.000
63.000	15356.000	1527.820	5.000	3.000	1.000	0.000	0.000
64.000	15120.000	1527.820	5.000	3.000	1.000	0.000	0.000
64.000	14885.000	1527.690	5.000	3.000	1.000	0.000	0.000
80.000	14679.000	1527.440	5.000	3.000	1.000	0.000	0.000
64.000	14494.000	1527.570	5.000	3.000	1.000	0.000	0.000
64.000	14311.000	1527.440	5.000	3.000	1.000	0.000	0.000
64.000	14126.000	1527.440	5.000	3.000	1.000	0.000	0.000
64.000	13966.000	1527.440	5.000	3.000	1.000	0.000	0.000
63.000	13810.000	1527.180	5.000	3.000	1.000	0.000	0.000
65.000	13663.000	1527.180	5.000	3.000	1.000	0.000	0.000
64.000	13524.000	1526.800	5.000	3.000	1.000	0.000	0.000
64.000	13392.000	1526.800	5.000	3.000	1.000	0.000	0.000
63.000	13261.000	1526.800	5.000	3.000	1.000	0.000	0.000
64.000	13132.000	1526.670	5.000	3.000	1.000	0.000	0.000
64.000	13018.000	1526.670	5.000	3.000	1.000	0.000	0.000
80.000	12905.000	1526.670	5.000	3.000	1.000	0.000	0.000
64.000	12795.000	1526.670	5.000	3.000	1.000	0.000	0.000
64.000	12681.000	1526.540	5.000	3.000	1.000	0.000	0.000
64.000	12573.000	1526.540	5.000	3.000	1.000	0.000	0.000
64.000	12469.000	1526.540	5.000	3.000	1.000	0.000	0.000
64.000	12367.000	1526.420	5.000	3.000	1.000	0.000	0.000
64.000	12274.000	1526.670	5.000	3.000	1.000	0.000	0.000
64.000	12170.000	1526.420	5.000	3.000	1.000	0.000	0.000
63.000	12081.000	1526.420	5.000	3.000	1.000	0.000	0.000
64.000	12019.000	1526.540	5.000	3.000	1.000	0.000	0.000
65.000	12078.000	1526.540	5.000	3.000	1.000	0.000	0.000
79.000	12086.000	1526.540	5.000	3.000	1.000	0.000	0.000
64.000	12077.000	1526.540	5.000	3.000	1.000	0.000	0.000
64.000	12064.000	1526.420	5.000	3.000	1.000	0.000	0.000
64.000	12067.000	1526.540	5.000	3.000	1.000	0.000	0.000
64.000	12057.000	1526.540	5.000	3.000	1.000	0.000	0.000
64.000	12054.000	1526.540	5.000	3.000	1.000	0.000	0.000
64.000	12046.000	1526.540	5.000	3.000	1.000	0.000	0.000
63.000	12044.000	1526.540	5.000	3.000	1.000	0.000	0.000
64.000	12034.000	1526.420	5.000	3.000	1.000	0.000	0.000
64.000	12029.000	1526.540	5.000	3.000	1.000	0.000	0.000
65.000	12024.000	1526.540	5.000	3.000	1.000	0.000	0.000
63.000	12016.000	1526.420	5.000	3.000	1.000	0.000	0.000
80.000	12021.000	1526.540	5.000	3.000	1.000	0.000	0.000
64.000	12009.000	1526.540	5.000	3.000	1.000	0.000	0.000
69.000	12004.000	1526.540	5.000	3.000	1.000	0.000	0.000
59.000	11999.000	1526.540	5.000	3.000	1.000	0.000	0.000
64.000	12000.000	1526.540	5.000	3.000	1.000	0.000	0.000
64.000	11994.000	1526.540	5.000	3.000	1.000	0.000	0.000
63.000	11992.000	1526.670	5.000	3.000	1.000	0.000	0.000
64.000	11994.000	1526.670	5.000	3.000	1.000	0.000	0.000
64.000	11989.000	1526.670	5.000	3.000	1.000	0.000	0.000
65.000	11989.000	1526.670	5.000	3.000	1.000	0.000	0.000
64.000	11982.000	1526.670	5.000	3.000	1.000	0.000	0.000
63.000	11982.000	1526.540	5.000	3.000	1.000	0.000	0.000
80.000	11984.000	1526.540	5.000	3.000	1.000	0.000	0.000
65.000	11979.000	1526.670	5.000	3.000	1.000	0.000	0.000
63.000	11976.000	1526.540	5.000	3.000	1.000	0.000	0.000
64.000	11979.000	1526.540	5.000	3.000	1.000	0.000	0.000
64.000	11973.000	1526.540	5.000	3.000	1.000	0.000	0.000
64.000	11974.000	1526.670	5.000	3.000	1.000	0.000	0.000
64.000	11968.000	1526.670	5.000	3.000	1.000	0.000	0.000
64.000	11966.000	1526.670	5.000	3.000	1.000	0.000	0.000
64.000	11969.000	1526.670	5.000	3.000	1.000	0.000	0.000
63.000	11963.000	1526.800	5.000	3.000	1.000	0.000	0.000
65.000	11955.000	1526.800	5.000	3.000	1.000	0.000	0.000
80.000	11961.000	1526.670	5.000	3.000	1.000	0.000	0.000
63.000	11955.000	1526.540	5.000	3.000	1.000	0.000	0.000
64.000	11958.000	1526.670	5.000	3.000	1.000	0.000	0.000
65.000	11946.000	1526.670	5.000	3.000	1.000	0.000	0.000
63.000	11947.000	1526.540	5.000	3.000	1.000	0.000	0.000
64.000	11945.000	1526.800	5.000	3.000	1.000	0.000	0.000
64.000	11931.000	1526.670	5.000	3.000	1.000	0.000	0.000
64.000	11935.000	1526.670	5.000	3.000	1.000	0.000	0.000
64.000	11934.000	1526.670	5.000	3.000	1.000	0.000	0.000
64.000	11930.000	1526.540	5.000	3.000	1.000	0.000	0.000
64.000	11926.000	1526.670	5.000	3.000	1.000	0.000	0.000
64.000	11922.000	1526.670	5.000	3.000	1.000	0.000	0.000
79.000	11913.000	1526.670	5.000	3.000	1.000	0.000	0.000
65.000	11917.000	1526.670	5.000	3.000	1.000	0.000	0.000
63.000	11916.000	1526.670	5.000	3.000	1.000	0.000	0.000
64.000	11914.000	1526.670	5.000	3.000	1.000	0.000	0.000
64.000	11913.000	1526.670	5.000	3.000	1.000	0.000	0.000
64.000	11923.000	1526.670	5.000	3.000	1.000	0.000	0.000
64.000	11911.000	1526.670	5.000	3.000	1.000	0.000	0.000
64.000	11917.000	1526.800	5.000	3.000	1.000	0.000	0.000
64.000	11908.000	1526.540	5.000	3.000	1.000	0.000	0.000
64.000	11905.000	1526.670	5.000	3.000	1.000	0.000	0.000
64.000	11910.000	1526.670	5.000	3.000	1.000	0.000	0.000
64.000	11904.000	1526.670	5.000	3.000	1.000	0.000	0.000
79.000	11905.000	1526.670	5.000	3.000	1.000	0.000	0.000
64.000	11906.000	1526.800	5.000	3.000	1.000	0.000	0.000
64.000	11904.000	1526.800	5.000	3.000	1.000	0.000	0.000
64.000	11900.000	1526.670	5.000	3.000	1.000	0.000	0.000
64.000	11902.000	1526.670	5.000	3.000	1.000	0.000	0.000
64.000	11905.000	1526.800	5.000	3.000	1.000	0.000	0.000
64.000	11895.000	1526.800	5.000	3.000	1.000	0.000	0.000
64.000	11898.000	1526.800	5.000	3.000	1.000	0.000	0.000
63.000	11897.000	1526.670	5.000	3.000	1.000	0.000	0.000
65.000	11889.000	1526.930	5.000	3.000	1.000	0.000	0.000
63.000	11894.000	1526.800	5.000	3.000	1.000	0.000	0.000
81.000	11895.000	1526.800	5.000	3.000	1.000	0.000	0.000
64.000	11894.000	1526.670	5.000	3.000	1.000	0.000	0.000
64.000	11895.000	1526.670	5.000	3.000	1.000	0.000	0.000
63.000	11891.000	1526.800	5.000	3.000	1.000	0.000	0.000
65.000	11892.000	1526.800	5.000	3.000	1.000	0.000	0.000
63.000	11879.000	1526.670	5.000	3.000	1.000	0.000	0.000
64.000	11880.000	1526.800	5.000	3.000	1.000	0.000	0.000
64.000	11883.000	1526.800	5.000	3.000	1.000	0.000	0.000
64.000	11878.000	1526.800	5.000	3.000	1.000	0.000	0.000
64.000	11880.000	1526.670	5.000	3.000	1.000	0.000	0.000
64.000	11875.000	1526.670	5.000	3.000	1.000	0.000	0.000
64.000	11879.000	1526.670	5.000	3.000	1.000	0.000	0.000
80.000	11877.000	1526.670	5.000	3.000	1.000	0.000	0.000
64.000	11877.000	1526.670	5.000	3.000	1.000	0.000	0.000
63.000	11873.000	1526.800	5.000	3.000	1.000	0.000	0.000
65.000	11870.000	1526.670	5.000	3.000	1.000	0.000	0.000
63.000	11872.000	1526.670	5.000	3.000	1.000	0.000	0.000
64.000	11871.000	1526.800	5.000	3.000	1.000	0.000	0.000
64.000	11872.000	1526.670	5.000	3.000	1.000	0.000	0.000
64.000	11871.000	1526.670	5.000	3.000	1.000	0.000	0.000
64.000	11869.000	1526.800	5.000	3.000	1.000	0.000	0.000
64.000	11874.000	1526.800	5.000	3.000	1.000	0.000	0.000
64.000	11868.000	1526.800	5.000	3.000	1.000	0.000	0.000
64.000	11867.000	1526.800	5.000	3.000	1.000	0.000	0.000
80.000	11866.000	1526.670	5.000	3.000	1.000	0.000	0.000
63.000	11864.000	1526.670	5.000	3.000	1.000	0.000	0.000
64.000	11857.000	1526.930	5.000	3.000	1.000	0.000	0.000
64.000	11862.000	1526.800	5.000	3.000	1.000	0.000	0.000
64.000	11857.000	1526.930	5.000	3.000	1.000	0.000	0.000
64.000	11854.000	1526.800	5.000	3.000	1.000	0.000	0.000
64.000	11855.000	1526.800	5.000	3.000	1.000	0.000	0.000
64.000	11855.000	1526.800	5.000	3.000	1.000	0.000	0.000
64.000	11857.000	1526.800	5.000	3.000	1.000	0.000	0.000
64.000	11852.000	1526.800	5.000	3.000	1.000	0.000	0.000
64.000	11852.000	1526.930	5.000	3.000	1.000	0.000	0.000
80.000	11845.000	1526.670	5.000	3.000	1.000	0.000	0.000
64.000	11848.000	1526.670	5.000	3.000	1.000	0.000	0.000
63.000	11852.000	1526.800	5.000	3.000	1.000	0.000	0.000
65.000	11839.000	1526.800	5.000	3.000	1.000	0.000	0.000
64.000	11845.000	1526.930	5.000	3.000	1.000	0.000	0.000
63.000	11842.000	1526.800	5.000	3.000	1.000	0.000	0.000
64.000	11845.000	1526.800	5.000	3.000	1.000	0.000	0.000
64.000	11839.000	1526.930	5.000	3.000	1.000	0.000	0.000
64.000	11837.000	1526.930	5.000	3.000	1.000	0.000	0.000
64.000	11836.000	1526.800	5.000	3.000	1.000	0.000	0.000
64.000	11825.000	1526.800	5.000	3.000	1.000	0.000	0.000
64.000	11827.000	1526.930	5.000	3.000	1.000	0.000	0.000
80.000	11822.000	1526.800	5.000	3.000	1.000	0.000	0.000
64.000	11826.000	1526.800	5.000	3.000	1.000	0.000	0.000
64.000	11809.000	1526.800	5.000	3.000	1.000	0.000	0.000
64.000	11811.000	1526.930	5.000	3.000	1.000	0.000	0.000
64.000	11812.000	1526.800	5.000	3.000	1.000	0.000	0.000
63.000	11811.000	1526.930	5.000	3.000	1.000	0.000	0.000
65.000	11810.000	1526.800	5.000	3.000	1.000	0.000	0.000
64.000	11804.000	1526.930	5.000	3.000	1.000	0.000	0.000
64.000	11801.000	1526.930	5.000	3.000	1.000	0.000	0.000
63.000	11795.000	1526.800	5.000	3.000	1.000	0.000	0.000
64.000	11797.000	1526.800	5.000	3.000	1.000	0.000	0.000
64.000	11797.000	1526.670	5.000	3.000	1.000	0.000	0.000
79.000	11792.000	1526.800	5.000	3.000	1.000	0.000	0.000
65.000	11790.000	1526.930	5.000	3.000	1.000	0.000	0.000
64.000	11792.000	1526.930	5.000	3.000	1.000	0.000	0.000
64.000	11788.000	1526.800	5.000	3.000	1.000	0.000	0.000
64.000	11788.000	1526.930	5.000	3.000	1.000	0.000	0.000
63.000	11786.000	1526.930	5.000	3.000	1.000	0.000	0.000
64.000	11783.000	1526.800	5.000	3.000	1.000	0.000	0.000
67.000	11780.000	1526.930	5.000	3.000	1.000	0.000	0.000
62.000	11776.000	1526.930	5.000	3.000	1.000	0.000	0.000
63.000	11778.000	1526.800	5.000	3.000	1.000	0.000	0.000
64.000	11770.000	1526.930	5.000	3.000	1.000	0.000	0.000
80.000	11773.000	1526.930	5.000	3.000	1.000	0.000	0.000
64.000	11770.000	1526.800	5.000	3.000	1.000	0.000	0.000
66.000	11766.000	1526.930	5.000	3.000	1.000	0.000	0.000
62.000	11768.000	1526.800	5.000	3.000	1.000	0.000	0.000
64.000	11766.000	1526.930	5.000	3.000	1.000	0.000	0.000
84.000	11763.000	1526.930	5.000	3.000	1.000	0.000	0.000
44.000	11759.000	1526.930	5.000	3.000	1.000	0.000	0.000
64.000	11760.000	1526.930	5.000	3.000	1.000	0.000	0.000
64.000	11761.000	1527.050	5.000	3.000	1.000	0.000	0.000
64.000	11755.000	1526.930	5.000	3.000	1.000	0.000	0.000
63.000	11757.000	1526.930	5.000	3.000	1.000	0.000	0.000
64.000	11756.000	1526.930	5.000	3.000	1.000	0.000	0.000
80.000	11758.000	1526.930	5.000	3.000	1.000	0.000	0.000
64.000	11756.000	1527.050	5.000	3.000	1.000	0.000	0.000
65.000	11752.000	1526.930	5.000	3.000	1.000	0.000	0.000
63.000	11743.000	1526.930	5.000	3.000	1.000	0.000	0.000
64.000	11746.000	1526.930	5.000	3.000	1.000	0.000	0.000
64.000	11747.000	1526.930	5.000	3.000	1.000	0.000	0.000
69.000	11741.000	1526.930	5.000	3.000	1.000	0.000	0.000
