Loop Time (ms)	IR (16 bit)	Force (N)	Force (N)	Color	Speed (mm/s)	Spatial (mm)	Angle (deg)
273.000	10670.000	1527.570	1.000	3.000	1.000	0.000	0.000
3282.000	10671.000	1527.570	1.000	3.000	1.000	0.000	0.000
64.000	10672.000	1527.570	1.000	3.000	1.000	0.000	0.000
64.000	10671.000	1527.570	1.000	3.000	1.000	0.000	0.000
80.000	10671.000	1527.440	1.000	3.000	1.000	0.000	0.000
64.000	10672.000	1527.570	1.000	3.000	1.000	0.000	0.000
64.000	10673.000	1527.570	1.000	3.000	1.000	0.000	0.000
64.000	10677.000	1527.570	1.000	3.000	1.000	0.000	0.000
64.000	10671.000	1527.570	1.000	3.000	1.000	0.000	0.000
64.000	10673.000	1527.570	1.000	3.000	1.000	0.000	0.000
64.000	10677.000	1527.570	1.000	3.000	1.000	0.000	0.000
64.000	10670.000	1527.570	1.000	3.000	1.000	0.000	0.000
64.000	10670.000	1527.570	1.000	3.000	1.000	0.000	0.000
63.000	10669.000	1527.570	1.000	3.000	1.000	0.000	0.000
64.000	10670.000	1527.690	1.000	3.000	1.000	0.000	0.000
64.000	10666.000	1527.570	1.000	3.000	1.000	0.000	0.000
80.000	10670.000	1527.570	1.000	3.000	1.000	0.000	0.000
64.000	10665.000	1527.570	1.000	3.000	1.000	0.000	0.000
64.000	10670.000	1527.570	1.000	3.000	1.000	0.000	0.000
64.000	10670.000	1527.570	1.000	3.000	1.000	0.000	0.000
64.000	10669.000	1527.570	1.000	3.000	1.000	0.000	0.000
63.000	10668.000	1527.570	1.000	3.000	1.000	0.000	0.000
65.000	10667.000	1527.570	1.000	3.000	1.000	0.000	0.000
64.000	10670.000	1527.570	1.000	3.000	1.000	0.000	0.000
64.000	10664.000	1527.570	1.000	3.000	1.000	0.000	0.000
64.000	10667.000	1527.570	1.000	3.000	1.000	0.000	0.000
63.000	10667.000	1527.570	1.000	3.000	1.000	0.000	0.000
80.000	10669.000	1527.570	1.000	3.000	1.000	0.000	0.000
64.000	10669.000	1527.570	1.000	3.000	1.000	0.000	0.000
64.000	10670.000	1527.570	1.000	3.000	1.000	0.000	0.000
64.000	10669.000	1527.690	1.000	3.000	1.000	0.000	0.000
64.000	10668.000	1527.570	1.000	3.000	1.000	0.000	0.000
64.000	10666.000	1527.570	1.000	3.000	1.000	0.000	0.000
64.000	10667.000	1527.570	1.000	3.000	1.000	0.000	0.000
64.000	10670.000	1527.570	1.000	3.000	1.000	0.000	0.000
63.000	10669.000	1527.570	1.000	3.000	1.000	0.000	0.000
65.000	10668.000	1527.570	1.000	3.000	1.000	0.000	0.000
63.000	10667.000	1527.690	1.000	3.000	1.000	0.000	0.000
65.000	10665.000	1527.570	1.000	3.000	1.000	0.000	0.000
79.000	10663.000	1527.570	1.000	3.000	1.000	0.000	0.000
64.000	10665.000	1527.570	1.000	3.000	1.000	0.000	0.000
64.000	10667.000	1527.570	1.000	3.000	1.000	0.000	0.000
64.000	10666.000	1527.570	1.000	3.000	1.000	0.000	0.000
64.000	10667.000	1527.690	1.000	3.000	1.000	0.000	0.000
64.000	10667.000	1527.570	1.000	3.000	1.000	0.000	0.000
64.000	10662.000	1527.570	1.000	3.000	1.000	0.000	0.000
64.000	10668.000	1527.690	1.000	3.000	1.000	0.000	0.000
63.000	10664.000	1527.570	1.000	3.000	1.000	0.000	0.000
64.000	10666.000	1527.690	1.000	3.000	1.000	0.000	0.000
64.000	10662.000	1527.570	1.000	3.000	1.000	0.000	0.000
64.000	10661.000	1527.570	1.000	3.000	1.000	0.000	0.000
80.000	10663.000	1527.570	1.000	3.000	1.000	0.000	0.000
64.000	10667.000	1527.570	1.000	3.000	1.000	0.000	0.000
64.000	10665.000	1527.570	1.000	3.000	1.000	0.000	0.000
64.000	10663.000	1527.690	1.000	3.000	1.000	0.000	0.000
64.000	10663.000	1527.690	1.000	3.000	1.000	0.000	0.000
64.000	10668.000	1527.570	1.000	3.000	1.000	0.000	0.000
64.000	10664.000	1527.690	1.000	3.000	1.000	0.000	0.000
64.000	10661.000	1527.570	1.000	3.000	1.000	0.000	0.000
64.000	10664.000	1527.570	1.000	3.000	1.000	0.000	0.000
63.000	10663.000	1527.440	1.000	3.000	1.000	0.000	0.000
64.000	10663.000	1527.690	1.000	3.000	1.000	0.000	0.000
80.000	10662.000	1527.570	1.000	3.000	1.000	0.000	0.000
64.000	10662.000	1527.690	1.000	3.000	1.000	0.000	0.000
64.000	10661.000	1527.690	1.000	3.000	1.000	0.000	0.000
64.000	10661.000	1527.570	1.000	3.000	1.000	0.000	0.000
64.000	10663.000	1527.570	1.000	3.000	1.000	0.000	0.000
64.000	10661.000	1527.690	1.000	3.000	1.000	0.000	0.000
64.000	10663.000	1527.690	1.000	3.000	1.000	0.000	0.000
64.000	10656.000	1527.570	1.000	3.000	1.000	0.000	0.000
64.000	10662.000	1527.690	1.000	3.000	1.000	0.000	0.000
64.000	10662.000	1527.570	1.000	3.000	1.000	0.000	0.000
63.000	10664.000	1527.570	1.000	3.000	1.000	0.000	0.000
65.000	10662.000	1527.570	1.000	3.000	1.000	0.000	0.000
79.000	10660.000	1527.570	1.000	3.000	1.000	0.000	0.000
64.000	10661.000	1527.570	1.000	3.000	1.000	0.000	0.000
64.000	10659.000	1527.690	1.000	3.000	1.000	0.000	0.000
64.000	10664.000	1527.570	1.000	3.000	1.000	0.000	0.000
64.000	10663.000	1527.690	1.000	3.000	1.000	0.000	0.000
63.000	10661.000	1527.570	1.000	3.000	1.000	0.000	0.000
65.000	10658.000	1527.570	1.000	3.000	1.000	0.000	0.000
63.000	10655.000	1527.570	1.000	3.000	1.000	0.000	0.000
65.000	10659.000	1527.690	1.000	3.000	1.000	0.000	0.000
63.000	10658.000	1527.690	1.000	3.000	1.000	0.000	0.000
64.000	10658.000	1527.570	1.000	3.000	1.000	0.000	0.000
81.000	10660.000	1527.570	1.000	3.000	1.000	0.000	0.000
64.000	10660.000	1527.820	1.000	3.000	1.000	0.000	0.000
63.000	10660.000	1527.690	1.000	3.000	1.000	0.000	0.000
64.000	10658.000	1527.690	1.000	3.000	1.000	0.000	0.000
64.000	10657.000	1527.690	1.000	3.000	1.000	0.000	0.000
64.000	10659.000	1527.690	1.000	3.000	1.000	0.000	0.000
64.000	10659.000	1527.690	1.000	3.000	1.000	0.000	0.000
64.000	10660.000	1527.690	1.000	3.000	1.000	0.000	0.000
64.000	10659.000	1527.690	1.000	3.000	1.000	0.000	0.000
64.000	10654.000	1527.570	1.000	3.000	1.000	0.000	0.000
63.000	10655.000	1527.690	1.000	3.000	1.000	0.000	0.000
65.000	10658.000	1527.570	1.000	3.000	1.000	0.000	0.000
79.000	10658.000	1527.570	1.000	3.000	1.000	0.000	0.000
65.000	10655.000	1527.570	1.000	3.000	1.000	0.000	0.000
63.000	10652.000	1527.690	1.000	3.000	1.000	0.000	0.000
64.000	10654.000	1527.690	1.000	3.000	1.000	0.000	0.000
64.000	10654.000	1527.690	1.000	3.000	1.000	0.000	0.000
64.000	10654.000	1527.570	1.000	3.000	1.000	0.000	0.000
64.000	10656.000	1527.690	1.000	3.000	1.000	0.000	0.000
64.000	10658.000	1527.690	1.000	3.000	1.000	0.000	0.000
64.000	10653.000	1527.570	1.000	3.000	1.000	0.000	0.000
64.000	10654.000	1527.690	1.000	3.000	1.000	0.000	0.000
64.000	10656.000	1527.690	1.000	3.000	1.000	0.000	0.000
63.000	10656.000	1527.820	1.000	3.000	1.000	0.000	0.000
81.000	10656.000	1527.690	1.000	3.000	1.000	0.000	0.000
64.000	10656.000	1527.690	1.000	3.000	1.000	0.000	0.000
63.000	10655.000	1527.690	1.000	3.000	1.000	0.000	0.000
64.000	10654.000	1527.690	1.000	3.000	1.000	0.000	0.000
64.000	10654.000	1527.690	1.000	3.000	1.000	0.000	0.000
64.000	10660.000	1527.690	1.000	3.000	1.000	0.000	0.000
65.000	10651.000	1527.570	1.000	3.000	1.000	0.000	0.000
63.000	10655.000	1527.690	1.000	3.000	1.000	0.000	0.000
64.000	10654.000	1527.690	1.000	3.000	1.000	0.000	0.000
63.000	10653.000	1527.820	1.000	3.000	1.000	0.000	0.000
64.000	10652.000	1527.820	1.000	3.000	1.000	0.000	0.000
80.000	10655.000	1527.820	1.000	3.000	1.000	0.000	0.000
64.000	10650.000	1527.690	1.000	3.000	1.000	0.000	0.000
64.000	10654.000	1527.690	1.000	3.000	1.000	0.000	0.000
64.000	10653.000	1527.690	1.000	3.000	1.000	0.000	0.000
64.000	10655.000	1527.690	1.000	3.000	1.000	0.000	0.000
64.000	10654.000	1527.690	1.000	3.000	1.000	0.000	0.000
64.000	10655.000	1527.820	1.000	3.000	1.000	0.000	0.000
64.000	10653.000	1527.690	1.000	3.000	1.000	0.000	0.000
64.000	10649.000	1527.820	1.000	3.000	1.000	0.000	0.000
64.000	10663.000	1527.690	1.000	3.000	1.000	0.000	0.000
64.000	10740.000	1527.820	1.000	3.000	1.000	0.000	0.000
64.000	10823.000	1527.820	1.000	3.000	1.000	0.000	0.000
79.000	10905.000	1527.690	1.000	3.000	1.000	0.000	0.000
64.000	10992.000	1527.820	1.000	3.000	1.000	0.000	0.000
64.000	11075.000	1527.690	1.000	3.000	1.000	0.000	0.000
65.000	11171.000	1527.690	1.000	3.000	1.000	0.000	0.000
63.000	11263.000	1527.820	1.000	3.000	1.000	0.000	0.000
64.000	11359.000	1527.690	1.000	3.000	1.000	0.000	0.000
64.000	11460.000	1527.820	1.000	3.000	1.000	0.000	0.000
65.000	11554.000	1527.820	1.000	3.000	1.000	0.000	0.000
63.000	11671.000	1527.690	1.000	3.000	1.000	0.000	0.000
64.000	11779.000	1527.690	1.000	3.000	1.000	0.000	0.000
64.000	11890.000	1527.690	1.000	3.000	1.000	0.000	0.000
63.000	12016.000	1527.820	1.000	3.000	1.000	0.000	0.000
80.000	12140.000	1527.820	1.000	3.000	1.000	0.000	0.000
65.000	12263.000	1527.690	1.000	3.000	1.000	0.000	0.000
64.000	12390.000	1527.690	1.000	3.000	1.000	0.000	0.000
63.000	12526.000	1527.690	1.000	3.000	1.000	0.000	0.000
64.000	12670.000	1527.820	1.000	3.000	1.000	0.000	0.000
64.000	12816.000	1527.820	1.000	3.000	1.000	0.000	0.000
64.000	12973.000	1527.820	1.000	3.000	1.000	0.000	0.000
64.000	13130.000	1527.820	1.000	3.000	1.000	0.000	0.000
63.000	13304.000	1527.820	1.000	3.000	1.000	0.000	0.000
65.000	13483.000	1527.690	1.000	3.000	1.000	0.000	0.000
64.000	13674.000	1527.950	1.000	3.000	1.000	0.000	0.000
79.000	13875.000	1528.210	1.000	3.000	1.000	0.000	0.000
65.000	14091.000	1528.720	1.000	3.000	1.000	0.000	0.000
63.000	14443.000	1529.480	1.000	3.000	1.000	0.000	0.000
64.000	16228.000	1530.630	1.000	3.000	1.000	0.000	0.000
65.000	17219.000	1532.040	1.000	3.000	1.000	0.000	0.000
63.000	18059.000	1533.320	1.000	3.000	1.000	0.000	0.000
77.000	18566.000	1534.720	1.000	3.000	1.000	0.000	0.000
51.000	19075.000	1536.000	1.000	3.000	1.000	0.000	0.000
64.000	19520.000	1536.770	1.000	3.000	1.000	0.000	0.000
64.000	19428.000	1536.640	1.000	3.000	1.000	0.000	0.000
64.000	19129.000	1536.000	1.000	3.000	1.000	0.000	0.000
64.000	18754.000	1534.470	1.000	3.000	1.000	0.000	0.000
80.000	18341.000	1533.320	1.000	3.000	1.000	0.000	0.000
64.000	17948.000	1532.300	1.000	3.000	1.000	0.000	0.000
64.000	17559.000	1531.270	1.000	3.000	1.000	0.000	0.000
64.000	17138.000	1530.250	1.000	3.000	1.000	0.000	0.000
64.000	16660.000	1529.360	1.000	3.000	1.000	0.000	0.000
63.000	16202.000	1528.840	1.000	3.000	1.000	0.000	0.000
65.000	15648.000	1528.330	1.000	3.000	1.000	0.000	0.000
63.000	15228.000	1528.330	1.000	3.000	1.000	0.000	0.000
64.000	14902.000	1528.210	1.000	3.000	1.000	0.000	0.000
64.000	14638.000	1528.080	1.000	3.000	1.000	0.000	0.000
64.000	14396.000	1528.080	1.000	3.000	1.000	0.000	0.000
64.000	14184.000	1527.950	1.000	3.000	1.000	0.000	0.000
80.000	13965.000	1527.950	1.000	3.000	1.000	0.000	0.000
63.000	13765.000	1527.950	1.000	3.000	1.000	0.000	0.000
65.000	13572.000	1527.950	1.000	3.000	1.000	0.000	0.000
64.000	13398.000	1527.950	1.000	3.000	1.000	0.000	0.000
64.000	13213.000	1527.820	1.000	3.000	1.000	0.000	0.000
63.000	13056.000	1527.950	1.000	3.000	1.000	0.000	0.000
65.000	12894.000	1527.950	1.000	3.000	1.000	0.000	0.000
63.000	12743.000	1528.080	1.000	3.000	1.000	0.000	0.000
64.000	12602.000	1527.950	1.000	3.000	1.000	0.000	0.000
65.000	12461.000	1527.950	1.000	3.000	1.000	0.000	0.000
63.000	12324.000	1527.820	1.000	3.000	1.000	0.000	0.000
80.000	12197.000	1527.950	1.000	3.000	1.000	0.000	0.000
64.000	12064.000	1527.820	1.000	3.000	1.000	0.000	0.000
64.000	11929.000	1527.950	1.000	3.000	1.000	0.000	0.000
64.000	11774.000	1527.950	1.000	3.000	1.000	0.000	0.000
64.000	11621.000	1527.950	1.000	3.000	1.000	0.000	0.000
63.000	11484.000	1527.820	1.000	3.000	1.000	0.000	0.000
65.000	11354.000	1527.950	1.000	3.000	1.000	0.000	0.000
64.000	11229.000	1527.820	1.000	3.000	1.000	0.000	0.000
64.000	11112.000	1527.820	1.000	3.000	1.000	0.000	0.000
64.000	11033.000	1527.950	1.000	3.000	1.000	0.000	0.000
63.000	11043.000	1527.950	1.000	3.000	1.000	0.000	0.000
64.000	11008.000	1527.950	1.000	3.000	1.000	0.000	0.000
80.000	10985.000	1527.950	1.000	3.000	1.000	0.000	0.000
64.000	10969.000	1527.820	1.000	3.000	1.000	0.000	0.000
64.000	10952.000	1527.950	1.000	3.000	1.000	0.000	0.000
64.000	10938.000	1527.950	1.000	3.000	1.000	0.000	0.000
64.000	10924.000	1527.950	1.000	3.000	1.000	0.000	0.000
64.000	10912.000	1527.950	1.000	3.000	1.000	0.000	0.000
64.000	10906.000	1527.820	1.000	3.000	1.000	0.000	0.000
64.000	10897.000	1527.820	1.000	3.000	1.000	0.000	0.000
64.000	10890.000	1527.950	1.000	3.000	1.000	0.000	0.000
63.000	10881.000	1527.820	1.000	3.000	1.000	0.000	0.000
65.000	10874.000	1527.950	1.000	3.000	1.000	0.000	0.000
63.000	10872.000	1527.820	1.000	3.000	1.000	0.000	0.000
80.000	10867.000	1527.950	1.000	3.000	1.000	0.000	0.000
64.000	10861.000	1527.950	1.000	3.000	1.000	0.000	0.000
64.000	10853.000	1527.950	1.000	3.000	1.000	0.000	0.000
64.000	10849.000	1527.820	1.000	3.000	1.000	0.000	0.000
63.000	10846.000	1527.950	1.000	3.000	1.000	0.000	0.000
65.000	10843.000	1528.080	1.000	3.000	1.000	0.000	0.000
63.000	10836.000	1527.950	1.000	3.000	1.000	0.000	0.000
64.000	10827.000	1527.820	1.000	3.000	1.000	0.000	0.000
64.000	10830.000	1527.950	1.000	3.000	1.000	0.000	0.000
65.000	10827.000	1527.950	1.000	3.000	1.000	0.000	0.000
63.000	10819.000	1527.950	1.000	3.000	1.000	0.000	0.000
80.000	10819.000	1527.950	1.000	3.000	1.000	0.000	0.000
64.000	10815.000	1527.950	1.000	3.000	1.000	0.000	0.000
65.000	10810.000	1527.950	1.000	3.000	1.000	0.000	0.000
64.000	10812.000	1527.950	1.000	3.000	1.000	0.000	0.000
63.000	10803.000	1527.950	1.000	3.000	1.000	0.000	0.000
64.000	10807.000	1527.950	1.000	3.000	1.000	0.000	0.000
64.000	10796.000	1527.950	1.000	3.000	1.000	0.000	0.000
64.000	10798.000	1527.950	1.000	3.000	1.000	0.000	0.000
64.000	10791.000	1527.950	1.000	3.000	1.000	0.000	0.000
63.000	10785.000	1527.820	1.000	3.000	1.000	0.000	0.000
64.000	10786.000	1527.820	1.000	3.000	1.000	0.000	0.000
65.000	10783.000	1527.820	1.000	3.000	1.000	0.000	0.000
79.000	10783.000	1527.820	1.000	3.000	1.000	0.000	0.000
64.000	10779.000	1527.950	1.000	3.000	1.000	0.000	0.000
64.000	10771.000	1527.950	1.000	3.000	1.000	0.000	0.000
64.000	10773.000	1527.950	1.000	3.000	1.000	0.000	0.000
64.000	10775.000	1528.080	1.000	3.000	1.000	0.000	0.000
64.000	10773.000	1527.950	1.000	3.000	1.000	0.000	0.000
63.000	10770.000	1527.950	1.000	3.000	1.000	0.000	0.000
64.000	10765.000	1528.080	1.000	3.000	1.000	0.000	0.000
64.000	10757.000	1527.950	1.000	3.000	1.000	0.000	0.000
65.000	10758.000	1527.820	1.000	3.000	1.000	0.000	0.000
64.000	10756.000	1528.080	1.000	3.000	1.000	0.000	0.000
64.000	10752.000	1527.820	1.000	3.000	1.000	0.000	0.000
80.000	10754.000	1527.950	1.000	3.000	1.000	0.000	0.000
63.000	10754.000	1527.950	1.000	3.000	1.000	0.000	0.000
64.000	10751.000	1528.080	1.000	3.000	1.000	0.000	0.000
64.000	10746.000	1527.950	1.000	3.000	1.000	0.000	0.000
64.000	10745.000	1527.950	1.000	3.000	1.000	0.000	0.000
64.000	10748.000	1527.820	1.000	3.000	1.000	0.000	0.000
64.000	10745.000	1527.820	1.000	3.000	1.000	0.000	0.000
63.000	10749.000	1527.950	1.000	3.000	1.000	0.000	0.000
65.000	10743.000	1527.820	1.000	3.000	1.000	0.000	0.000
64.000	10737.000	1528.080	1.000	3.000	1.000	0.000	0.000
63.000	10738.000	1527.950	1.000	3.000	1.000	0.000	0.000
81.000	10736.000	1527.950	1.000	3.000	1.000	0.000	0.000
63.000	10736.000	1527.950	1.000	3.000	1.000	0.000	0.000
65.000	10738.000	1527.950	1.000	3.000	1.000	0.000	0.000
63.000	10763.000	1528.080	1.000	3.000	1.000	0.000	0.000
64.000	10844.000	1528.080	1.000	3.000	1.000	0.000	0.000
64.000	10919.000	1527.950	1.000	3.000	1.000	0.000	0.000
64.000	11004.000	1527.950	1.000	3.000	1.000	0.000	0.000
64.000	11086.000	1527.950	1.000	3.000	1.000	0.000	0.000
64.000	11179.000	1527.950	1.000	3.000	1.000	0.000	0.000
64.000	11265.000	1528.080	1.000	3.000	1.000	0.000	0.000
63.000	11361.000	1528.080	1.000	3.000	1.000	0.000	0.000
64.000	11457.000	1527.950	1.000	3.000	1.000	0.000	0.000
80.000	11553.000	1527.950	1.000	3.000	1.000	0.000	0.000
64.000	11661.000	1527.950	1.000	3.000	1.000	0.000	0.000
65.000	11763.000	1527.950	1.000	3.000	1.000	0.000	0.000
63.000	11879.000	1528.080	1.000	3.000	1.000	0.000	0.000
64.000	11991.000	1527.950	1.000	3.000	1.000	0.000	0.000
64.000	12116.000	1527.950	1.000	3.000	1.000	0.000	0.000
64.000	12234.000	1527.950	1.000	3.000	1.000	0.000	0.000
64.000	12358.000	1527.950	1.000	3.000	1.000	0.000	0.000
64.000	12489.000	1528.080	1.000	3.000	1.000	0.000	0.000
64.000	12628.000	1527.950	1.000	3.000	1.000	0.000	0.000
64.000	12767.000	1528.080	1.000	3.000	1.000	0.000	0.000
64.000	12919.000	1527.950	1.000	3.000	1.000	0.000	0.000
80.000	13068.000	1528.080	1.000	3.000	1.000	0.000	0.000
64.000	13237.000	1527.950	1.000	3.000	1.000	0.000	0.000
63.000	13406.000	1528.080	1.000	3.000	1.000	0.000	0.000
65.000	13588.000	1528.080	1.000	3.000	1.000	0.000	0.000
63.000	13782.000	1528.210	1.000	3.000	1.000	0.000	0.000
65.000	13990.000	1528.590	1.000	3.000	1.000	0.000	0.000
63.000	14211.000	1528.970	1.000	3.000	1.000	0.000	0.000
64.000	14581.000	1529.870	1.000	3.000	1.000	0.000	0.000
64.000	16377.000	1531.140	1.000	3.000	1.000	0.000	0.000
64.000	17471.000	1532.420	1.000	3.000	1.000	0.000	0.000
64.000	18166.000	1533.830	1.000	3.000	1.000	0.000	0.000
80.000	18673.000	1535.110	1.000	3.000	1.000	0.000	0.000
64.000	19184.000	1536.390	1.000	3.000	1.000	0.000	0.000
63.000	19560.000	1537.020	1.000	3.000	1.000	0.000	0.000
65.000	19416.000	1536.770	1.000	3.000	1.000	0.000	0.000
64.000	19094.000	1536.000	1.000	3.000	1.000	0.000	0.000
63.000	18714.000	1534.470	1.000	3.000	1.000	0.000	0.000
64.000	18305.000	1533.320	1.000	3.000	1.000	0.000	0.000
65.000	17900.000	1532.300	1.000	3.000	1.000	0.000	0.000
63.000	17523.000	1531.270	1.000	3.000	1.000	0.000	0.000
64.000	17075.000	1530.250	1.000	3.000	1.000	0.000	0.000
65.000	16603.000	1529.360	1.000	3.000	1.000	0.000	0.000
63.000	16119.000	1528.970	1.000	3.000	1.000	0.000	0.000
80.000	15595.000	1528.590	1.000	3.000	1.000	0.000	0.000
64.000	15189.000	1528.460	1.000	3.000	1.000	0.000	0.000
64.000	14870.000	1528.330	1.000	3.000	1.000	0.000	0.000
63.000	14604.000	1528.330	1.000	3.000	1.000	0.000	0.000
65.000	14374.000	1528.210	1.000	3.000	1.000	0.000	0.000
64.000	14146.000	1528.330	1.000	3.000	1.000	0.000	0.000
63.000	13922.000	1528.330	1.000	3.000	1.000	0.000	0.000
64.000	13721.000	1528.210	1.000	3.000	1.000	0.000	0.000
64.000	13530.000	1528.210	1.000	3.000	1.000	0.000	0.000
64.000	13350.000	1528.080	1.000	3.000	1.000	0.000	0.000
65.000	13174.000	1528.210	1.000	3.000	1.000	0.000	0.000
63.000	13006.000	1528.330	1.000	3.000	1.000	0.000	0.000
80.000	12852.000	1528.210	1.000	3.000	1.000	0.000	0.000
64.000	12697.000	1528.210	1.000	3.000	1.000	0.000	0.000
64.000	12544.000	1528.080	1.000	3.000	1.000	0.000	0.000
64.000	12403.000	1528.210	1.000	3.000	1.000	0.000	0.000
64.000	12266.000	1528.210	1.000	3.000	1.000	0.000	0.000
64.000	12128.000	1528.210	1.000	3.000	1.000	0.000	0.000
64.000	11956.000	1528.210	1.000	3.000	1.000	0.000	0.000
64.000	11794.000	1528.080	1.000	3.000	1.000	0.000	0.000
63.000	11639.000	1528.210	1.000	3.000	1.000	0.000	0.000
64.000	11500.000	1528.210	1.000	3.000	1.000	0.000	0.000
64.000	11371.000	1528.080	1.000	3.000	1.000	0.000	0.000
80.000	11249.000	1528.210	1.000	3.000	1.000	0.000	0.000
64.000	11123.000	1528.210	1.000	3.000	1.000	0.000	0.000
64.000	10996.000	1528.080	1.000	3.000	1.000	0.000	0.000
64.000	10951.000	1528.210	1.000	3.000	1.000	0.000	0.000
65.000	10978.000	1528.210	1.000	3.000	1.000	0.000	0.000
63.000	10965.000	1528.080	1.000	3.000	1.000	0.000	0.000
64.000	10952.000	1528.210	1.000	3.000	1.000	0.000	0.000
63.000	10942.000	1528.080	1.000	3.000	1.000	0.000	0.000
66.000	10924.000	1528.080	1.000	3.000	1.000	0.000	0.000
62.000	10919.000	1528.210	1.000	3.000	1.000	0.000	0.000
64.000	10910.000	1528.080	1.000	3.000	1.000	0.000	0.000
64.000	10898.000	1528.080	1.000	3.000	1.000	0.000	0.000
80.000	10897.000	1528.210	1.000	3.000	1.000	0.000	0.000
64.000	10882.000	1527.950	1.000	3.000	1.000	0.000	0.000
64.000	10878.000	1528.080	1.000	3.000	1.000	0.000	0.000
64.000	10871.000	1528.080	1.000	3.000	1.000	0.000	0.000
64.000	10864.000	1528.080	1.000	3.000	1.000	0.000	0.000
63.000	10864.000	1528.080	1.000	3.000	1.000	0.000	0.000
108.000	10860.000	1528.080	1.000	3.000	1.000	0.000	0.000
21.000	10853.000	1528.210	1.000	3.000	1.000	0.000	0.000
64.000	10846.000	1528.080	1.000	3.000	1.000	0.000	0.000
63.000	10848.000	1528.210	1.000	3.000	1.000	0.000	0.000
64.000	10841.000	1528.080	1.000	3.000	1.000	0.000	0.000
64.000	10835.000	1528.210	1.000	3.000	1.000	0.000	0.000
80.000	10833.000	1528.080	1.000	3.000	1.000	0.000	0.000
64.000	10824.000	1528.210	1.000	3.000	1.000	0.000	0.000
63.000	10826.000	1528.080	1.000	3.000	1.000	0.000	0.000
65.000	10819.000	1528.210	1.000	3.000	1.000	0.000	0.000
64.000	10817.000	1528.080	1.000	3.000	1.000	0.000	0.000
64.000	10812.000	1528.080	1.000	3.000	1.000	0.000	0.000
64.000	10812.000	1528.080	1.000	3.000	1.000	0.000	0.000
64.000	10808.000	1528.210	1.000	3.000	1.000	0.000	0.000
64.000	10803.000	1528.080	1.000	3.000	1.000	0.000	0.000
64.000	10796.000	1528.210	1.000	3.000	1.000	0.000	0.000
64.000	10803.000	1528.080	1.000	3.000	1.000	0.000	0.000
79.000	10795.000	1528.080	1.000	3.000	1.000	0.000	0.000
64.000	10799.000	1528.210	1.000	3.000	1.000	0.000	0.000
65.000	10785.000	1528.210	1.000	3.000	1.000	0.000	0.000
63.000	10783.000	1528.210	1.000	3.000	1.000	0.000	0.000
64.000	10784.000	1528.080	1.000	3.000	1.000	0.000	0.000
64.000	10777.000	1528.080	1.000	3.000	1.000	0.000	0.000
64.000	10781.000	1528.080	1.000	3.000	1.000	0.000	0.000
64.000	10774.000	1528.080	1.000	3.000	1.000	0.000	0.000
64.000	10777.000	1528.210	1.000	3.000	1.000	0.000	0.000
64.000	10771.000	1528.210	1.000	3.000	1.000	0.000	0.000
63.000	10769.000	1528.210	1.000	3.000	1.000	0.000	0.000
64.000	10765.000	1528.210	1.000	3.000	1.000	0.000	0.000
81.000	10762.000	1528.210	1.000	3.000	1.000	0.000	0.000
72.000	10767.000	1528.080	1.000	3.000	1.000	0.000	0.000
55.000	10760.000	1528.080	1.000	3.000	1.000	0.000	0.000
64.000	10757.000	1528.210	1.000	3.000	1.000	0.000	0.000
65.000	10760.000	1528.210	1.000	3.000	1.000	0.000	0.000
64.000	10753.000	1528.210	1.000	3.000	1.000	0.000	0.000
63.000	10756.000	1528.210	1.000	3.000	1.000	0.000	0.000
64.000	10758.000	1528.080	1.000	3.000	1.000	0.000	0.000
64.000	10753.000	1528.080	1.000	3.000	1.000	0.000	0.000
63.000	10751.000	1528.210	1.000	3.000	1.000	0.000	0.000
64.000	10748.000	1528.210	1.000	3.000	1.000	0.000	0.000
64.000	10747.000	1528.210	1.000	3.000	1.000	0.000	0.000
81.000	10747.000	1528.210	1.000	3.000	1.000	0.000	0.000
63.000	10745.000	1528.210	1.000	3.000	1.000	0.000	0.000
64.000	10749.000	1528.330	1.000	3.000	1.000	0.000	0.000
64.000	10745.000	1528.210	1.000	3.000	1.000	0.000	0.000
64.000	10744.000	1528.080	1.000	3.000	1.000	0.000	0.000
64.000	10738.000	1528.210	1.000	3.000	1.000	0.000	0.000
64.000	10742.000	1528.210	1.000	3.000	1.000	0.000	0.000
64.000	10739.000	1528.210	1.000	3.000	1.000	0.000	0.000
65.000	10769.000	1528.210	1.000	3.000	1.000	0.000	0.000
63.000	10841.000	1528.210	1.000	3.000	1.000	0.000	0.000
64.000	10929.000	1528.330	1.000	3.000	1.000	0.000	0.000
80.000	11005.000	1528.210	1.000	3.000	1.000	0.000	0.000
64.000	11095.000	1528.210	1.000	3.000	1.000	0.000	0.000
63.000	11181.000	1528.080	1.000	3.000	1.000	0.000	0.000
117.000	11272.000	1528.080	1.000	3.000	1.000	0.000	0.000
67.000	11363.000	1528.210	1.000	3.000	1.000	0.000	0.000
70.000	11457.000	1528.080	1.000	3.000	1.000	0.000	0.000
63.000	11550.000	1528.210	1.000	3.000	1.000	0.000	0.000
69.000	11656.000	1528.330	1.000	3.000	1.000	0.000	0.000
26.000	11772.000	1528.210	1.000	3.000	1.000	0.000	0.000
77.000	11885.000	1528.210	1.000	3.000	1.000	0.000	0.000
58.000	12007.000	1528.210	1.000	3.000	1.000	0.000	0.000
30.000	12122.000	1528.210	1.000	3.000	1.000	0.000	0.000
78.000	12243.000	1528.330	1.000	3.000	1.000	0.000	0.000
65.000	12364.000	1528.210	1.000	3.000	1.000	0.000	0.000
64.000	12497.000	1528.210	1.000	3.000	1.000	0.000	0.000
64.000	12635.000	1528.210	1.000	3.000	1.000	0.000	0.000
64.000	12776.000	1528.330	1.000	3.000	1.000	0.000	0.000
64.000	12924.000	1528.330	1.000	3.000	1.000	0.000	0.000
63.000	13079.000	1528.080	1.000	3.000	1.000	0.000	0.000
64.000	13243.000	1528.210	1.000	3.000	1.000	0.000	0.000
65.000	13408.000	1528.210	1.000	3.000	1.000	0.000	0.000
63.000	13600.000	1528.210	1.000	3.000	1.000	0.000	0.000
64.000	13796.000	1528.460	1.000	3.000	1.000	0.000	0.000
64.000	13997.000	1528.720	1.000	3.000	1.000	0.000	0.000
80.000	14217.000	1529.360	1.000	3.000	1.000	0.000	0.000
64.000	14580.000	1530.120	1.000	3.000	1.000	0.000	0.000
65.000	16385.000	1531.270	1.000	3.000	1.000	0.000	0.000
62.000	17482.000	1532.550	1.000	3.000	1.000	0.000	0.000
64.000	18187.000	1533.960	1.000	3.000	1.000	0.000	0.000
64.000	18685.000	1535.360	1.000	3.000	1.000	0.000	0.000
65.000	19202.000	1536.510	1.000	3.000	1.000	0.000	0.000
64.000	19632.000	1537.410	1.000	3.000	1.000	0.000	0.000
63.000	19578.000	1537.280	1.000	3.000	1.000	0.000	0.000
64.000	19281.000	1536.770	1.000	3.000	1.000	0.000	0.000
64.000	18919.000	1535.230	1.000	3.000	1.000	0.000	0.000
80.000	18503.000	1534.080	1.000	3.000	1.000	0.000	0.000
64.000	18089.000	1532.810	1.000	3.000	1.000	0.000	0.000
64.000	17706.000	1531.910	1.000	3.000	1.000	0.000	0.000
97.000	17291.000	1530.890	1.000	3.000	1.000	0.000	0.000
30.000	16803.000	1529.870	1.000	3.000	1.000	0.000	0.000
64.000	16340.000	1529.360	1.000	3.000	1.000	0.000	0.000
64.000	15808.000	1528.840	1.000	3.000	1.000	0.000	0.000
64.000	15338.000	1528.590	1.000	3.000	1.000	0.000	0.000
64.000	14992.000	1528.590	1.000	3.000	1.000	0.000	0.000
64.000	14707.000	1528.590	1.000	3.000	1.000	0.000	0.000
64.000	14451.000	1528.460	1.000	3.000	1.000	0.000	0.000
65.000	14224.000	1528.460	1.000	3.000	1.000	0.000	0.000
79.000	13998.000	1528.460	1.000	3.000	1.000	0.000	0.000
64.000	13782.000	1528.460	1.000	3.000	1.000	0.000	0.000
64.000	13592.000	1528.590	1.000	3.000	1.000	0.000	0.000
64.000	13402.000	1528.330	1.000	3.000	1.000	0.000	0.000
64.000	13209.000	1528.460	1.000	3.000	1.000	0.000	0.000
63.000	13047.000	1528.330	1.000	3.000	1.000	0.000	0.000
65.000	12878.000	1528.330	1.000	3.000	1.000	0.000	0.000
64.000	12720.000	1528.460	1.000	3.000	1.000	0.000	0.000
63.000	12566.000	1528.460	1.000	3.000	1.000	0.000	0.000
64.000	12417.000	1528.210	1.000	3.000	1.000	0.000	0.000
64.000	12258.000	1528.460	1.000	3.000	1.000	0.000	0.000
64.000	12066.000	1528.460	1.000	3.000	1.000	0.000	0.000
80.000	11903.000	1528.330	1.000	3.000	1.000	0.000	0.000
64.000	11740.000	1528.330	1.000	3.000	1.000	0.000	0.000
64.000	11590.000	1528.330	1.000	3.000	1.000	0.000	0.000
64.000	11450.000	1528.330	1.000	3.000	1.000	0.000	0.000
63.000	11316.000	1528.330	1.000	3.000	1.000	0.000	0.000
64.000	11186.000	1528.330	1.000	3.000	1.000	0.000	0.000
65.000	11079.000	1528.330	1.000	3.000	1.000	0.000	0.000
63.000	10984.000	1528.330	1.000	3.000	1.000	0.000	0.000
65.000	10899.000	1528.330	1.000	3.000	1.000	0.000	0.000
63.000	10928.000	1528.330	1.000	3.000	1.000	0.000	0.000
64.000	10939.000	1528.330	1.000	3.000	1.000	0.000	0.000
80.000	10931.000	1528.330	1.000	3.000	1.000	0.000	0.000
64.000	10909.000	1528.330	1.000	3.000	1.000	0.000	0.000
64.000	10903.000	1528.460	1.000	3.000	1.000	0.000	0.000
64.000	10899.000	1528.330	1.000	3.000	1.000	0.000	0.000
63.000	10893.000	1528.330	1.000	3.000	1.000	0.000	0.000
65.000	10887.000	1528.330	1.000	3.000	1.000	0.000	0.000
64.000	10879.000	1528.330	1.000	3.000	1.000	0.000	0.000
64.000	10872.000	1528.330	1.000	3.000	1.000	0.000	0.000
63.000	10869.000	1528.330	1.000	3.000	1.000	0.000	0.000
64.000	10858.000	1528.210	1.000	3.000	1.000	0.000	0.000
65.000	10859.000	1528.330	1.000	3.000	1.000	0.000	0.000
64.000	10850.000	1528.460	1.000	3.000	1.000	0.000	0.000
79.000	10842.000	1528.330	1.000	3.000	1.000	0.000	0.000
64.000	10840.000	1528.330	1.000	3.000	1.000	0.000	0.000
64.000	10836.000	1528.330	1.000	3.000	1.000	0.000	0.000
64.000	10835.000	1528.330	1.000	3.000	1.000	0.000	0.000
64.000	10826.000	1528.330	1.000	3.000	1.000	0.000	0.000
63.000	10828.000	1528.330	1.000	3.000	1.000	0.000	0.000
64.000	10814.000	1528.330	1.000	3.000	1.000	0.000	0.000
65.000	10816.000	1528.330	1.000	3.000	1.000	0.000	0.000
64.000	10808.000	1528.210	1.000	3.000	1.000	0.000	0.000
63.000	10809.000	1528.330	1.000	3.000	1.000	0.000	0.000
64.000	10804.000	1528.330	1.000	3.000	1.000	0.000	0.000
64.000	10802.000	1528.460	1.000	3.000	1.000	0.000	0.000
80.000	10795.000	1528.330	1.000	3.000	1.000	0.000	0.000
64.000	10800.000	1528.460	1.000	3.000	1.000	0.000	0.000
64.000	10798.000	1528.330	1.000	3.000	1.000	0.000	0.000
64.000	10792.000	1528.330	1.000	3.000	1.000	0.000	0.000
64.000	10788.000	1528.330	1.000	3.000	1.000	0.000	0.000
64.000	10784.000	1528.330	1.000	3.000	1.000	0.000	0.000
63.000	10781.000	1528.330	1.000	3.000	1.000	0.000	0.000
65.000	10779.000	1528.210	1.000	3.000	1.000	0.000	0.000
63.000	10777.000	1528.330	1.000	3.000	1.000	0.000	0.000
64.000	10769.000	1528.210	1.000	3.000	1.000	0.000	0.000
65.000	10772.000	1528.460	1.000	3.000	1.000	0.000	0.000
79.000	10768.000	1528.330	1.000	3.000	1.000	0.000	0.000
64.000	10771.000	1528.330	1.000	3.000	1.000	0.000	0.000
65.000	10761.000	1528.210	1.000	3.000	1.000	0.000	0.000
63.000	10767.000	1528.330	1.000	3.000	1.000	0.000	0.000
64.000	10761.000	1528.460	1.000	3.000	1.000	0.000	0.000
64.000	10760.000	1528.330	1.000	3.000	1.000	0.000	0.000
63.000	10759.000	1528.330	1.000	3.000	1.000	0.000	0.000
65.000	10756.000	1528.460	1.000	3.000	1.000	0.000	0.000
64.000	10760.000	1528.460	1.000	3.000	1.000	0.000	0.000
63.000	10755.000	1528.210	1.000	3.000	1.000	0.000	0.000
65.000	10756.000	1528.330	1.000	3.000	1.000	0.000	0.000
63.000	10757.000	1528.460	1.000	3.000	1.000	0.000	0.000
81.000	10751.000	1528.330	1.000	3.000	1.000	0.000	0.000
63.000	10752.000	1528.330	1.000	3.000	1.000	0.000	0.000
64.000	10748.000	1528.460	1.000	3.000	1.000	0.000	0.000
64.000	10745.000	1528.330	1.000	3.000	1.000	0.000	0.000
64.000	10749.000	1528.330	1.000	3.000	1.000	0.000	0.000
64.000	10748.000	1528.210	1.000	3.000	1.000	0.000	0.000
64.000	10746.000	1528.460	1.000	3.000	1.000	0.000	0.000
64.000	10744.000	1528.330	1.000	3.000	1.000	0.000	0.000
63.000	10740.000	1528.330	1.000	3.000	1.000	0.000	0.000
64.000	10745.000	1528.330	1.000	3.000	1.000	0.000	0.000
64.000	10738.000	1528.330	1.000	3.000	1.000	0.000	0.000
64.000	10742.000	1528.330	1.000	3.000	1.000	0.000	0.000
80.000	10739.000	1528.330	1.000	3.000	1.000	0.000	0.000
64.000	10737.000	1528.330	1.000	3.000	1.000	0.000	0.000
64.000	10744.000	1528.330	1.000	3.000	1.000	0.000	0.000
63.000	10816.000	1528.330	1.000	3.000	1.000	0.000	0.000
65.000	10900.000	1528.330	1.000	3.000	1.000	0.000	0.000
64.000	10980.000	1528.330	1.000	3.000	1.000	0.000	0.000
64.000	11063.000	1528.460	1.000	3.000	1.000	0.000	0.000
64.000	11155.000	1528.460	1.000	3.000	1.000	0.000	0.000
64.000	11244.000	1528.330	1.000	3.000	1.000	0.000	0.000
64.000	11327.000	1528.330	1.000	3.000	1.000	0.000	0.000
63.000	11423.000	1528.330	1.000	3.000	1.000	0.000	0.000
81.000	11525.000	1528.330	1.000	3.000	1.000	0.000	0.000
64.000	11630.000	1528.460	1.000	3.000	1.000	0.000	0.000
63.000	11737.000	1528.460	1.000	3.000	1.000	0.000	0.000
64.000	11846.000	1528.460	1.000	3.000	1.000	0.000	0.000
64.000	11963.000	1528.330	1.000	3.000	1.000	0.000	0.000
64.000	12087.000	1528.590	1.000	3.000	1.000	0.000	0.000
64.000	12207.000	1528.330	1.000	3.000	1.000	0.000	0.000
64.000	12329.000	1528.330	1.000	3.000	1.000	0.000	0.000
64.000	12460.000	1528.330	1.000	3.000	1.000	0.000	0.000
63.000	12594.000	1528.330	1.000	3.000	1.000	0.000	0.000
65.000	12739.000	1528.330	1.000	3.000	1.000	0.000	0.000
64.000	12879.000	1528.460	1.000	3.000	1.000	0.000	0.000
80.000	13033.000	1528.460	1.000	3.000	1.000	0.000	0.000
64.000	13196.000	1528.330	1.000	3.000	1.000	0.000	0.000
63.000	13365.000	1528.460	1.000	3.000	1.000	0.000	0.000
64.000	13541.000	1528.330	1.000	3.000	1.000	0.000	0.000
64.000	13726.000	1528.590	1.000	3.000	1.000	0.000	0.000
64.000	13938.000	1528.840	1.000	3.000	1.000	0.000	0.000
63.000	14154.000	1529.360	1.000	3.000	1.000	0.000	0.000
65.000	14421.000	1529.870	1.000	3.000	1.000	0.000	0.000
64.000	15850.000	1531.140	1.000	3.000	1.000	0.000	0.000
64.000	17009.000	1532.420	1.000	3.000	1.000	0.000	0.000
64.000	18012.000	1533.830	1.000	3.000	1.000	0.000	0.000
64.000	18544.000	1535.230	1.000	3.000	1.000	0.000	0.000
79.000	19057.000	1536.390	1.000	3.000	1.000	0.000	0.000
65.000	19542.000	1537.280	1.000	3.000	1.000	0.000	0.000
63.000	19656.000	1537.540	1.000	3.000	1.000	0.000	0.000
65.000	19365.000	1537.020	1.000	3.000	1.000	0.000	0.000
64.000	19020.000	1535.620	1.000	3.000	1.000	0.000	0.000
64.000	18616.000	1534.470	1.000	3.000	1.000	0.000	0.000
63.000	18198.000	1533.320	1.000	3.000	1.000	0.000	0.000
64.000	17809.000	1532.300	1.000	3.000	1.000	0.000	0.000
64.000	17400.000	1531.140	1.000	3.000	1.000	0.000	0.000
64.000	16915.000	1530.250	1.000	3.000	1.000	0.000	0.000
64.000	16454.000	1529.610	1.000	3.000	1.000	0.000	0.000
79.000	15908.000	1529.230	1.000	3.000	1.000	0.000	0.000
64.000	15413.000	1528.840	1.000	3.000	1.000	0.000	0.000
64.000	15045.000	1528.840	1.000	3.000	1.000	0.000	0.000
65.000	14748.000	1528.720	1.000	3.000	1.000	0.000	0.000
63.000	14496.000	1528.720	1.000	3.000	1.000	0.000	0.000
65.000	14243.000	1528.590	1.000	3.000	1.000	0.000	0.000
63.000	14011.000	1528.590	1.000	3.000	1.000	0.000	0.000
64.000	13796.000	1528.460	1.000	3.000	1.000	0.000	0.000
64.000	13589.000	1528.590	1.000	3.000	1.000	0.000	0.000
64.000	13400.000	1528.460	1.000	3.000	1.000	0.000	0.000
64.000	13207.000	1528.590	1.000	3.000	1.000	0.000	0.000
64.000	13031.000	1528.590	1.000	3.000	1.000	0.000	0.000
79.000	12858.000	1528.460	1.000	3.000	1.000	0.000	0.000
65.000	12689.000	1528.460	1.000	3.000	1.000	0.000	0.000
64.000	12519.000	1528.460	1.000	3.000	1.000	0.000	0.000
64.000	12304.000	1528.460	1.000	3.000	1.000	0.000	0.000
64.000	12131.000	1528.460	1.000	3.000	1.000	0.000	0.000
64.000	11948.000	1528.460	1.000	3.000	1.000	0.000	0.000
64.000	11788.000	1528.460	1.000	3.000	1.000	0.000	0.000
64.000	11621.000	1528.460	1.000	3.000	1.000	0.000	0.000
64.000	11485.000	1528.460	1.000	3.000	1.000	0.000	0.000
63.000	11363.000	1528.460	1.000	3.000	1.000	0.000	0.000
64.000	11250.000	1528.460	1.000	3.000	1.000	0.000	0.000
64.000	11152.000	1528.330	1.000	3.000	1.000	0.000	0.000
80.000	11048.000	1528.460	1.000	3.000	1.000	0.000	0.000
64.000	10958.000	1528.460	1.000	3.000	1.000	0.000	0.000
63.000	10866.000	1528.460	1.000	3.000	1.000	0.000	0.000
65.000	10867.000	1528.460	1.000	3.000	1.000	0.000	0.000
64.000	10910.000	1528.590	1.000	3.000	1.000	0.000	0.000
64.000	10901.000	1528.590	1.000	3.000	1.000	0.000	0.000
63.000	10892.000	1528.590	1.000	3.000	1.000	0.000	0.000
64.000	10883.000	1528.590	1.000	3.000	1.000	0.000	0.000
64.000	10877.000	1528.460	1.000	3.000	1.000	0.000	0.000
64.000	10867.000	1528.460	1.000	3.000	1.000	0.000	0.000
64.000	10870.000	1528.460	1.000	3.000	1.000	0.000	0.000
80.000	10864.000	1528.590	1.000	3.000	1.000	0.000	0.000
63.000	10854.000	1528.460	1.000	3.000	1.000	0.000	0.000
65.000	10846.000	1528.460	1.000	3.000	1.000	0.000	0.000
64.000	10843.000	1528.460	1.000	3.000	1.000	0.000	0.000
64.000	10842.000	1528.590	1.000	3.000	1.000	0.000	0.000
63.000	10834.000	1528.590	1.000	3.000	1.000	0.000	0.000
65.000	10827.000	1528.590	1.000	3.000	1.000	0.000	0.000
63.000	10819.000	1528.460	1.000	3.000	1.000	0.000	0.000
64.000	10816.000	1528.330	1.000	3.000	1.000	0.000	0.000
64.000	10819.000	1528.460	1.000	3.000	1.000	0.000	0.000
64.000	10810.000	1528.590	1.000	3.000	1.000	0.000	0.000
64.000	10812.000	1528.460	1.000	3.000	1.000	0.000	0.000
80.000	10802.000	1528.460	1.000	3.000	1.000	0.000	0.000
64.000	10801.000	1528.460	1.000	3.000	1.000	0.000	0.000
64.000	10798.000	1528.590	1.000	3.000	1.000	0.000	0.000
64.000	10799.000	1528.460	1.000	3.000	1.000	0.000	0.000
63.000	10792.000	1528.460	1.000	3.000	1.000	0.000	0.000
64.000	10786.000	1528.460	1.000	3.000	1.000	0.000	0.000
65.000	10780.000	1528.460	1.000	3.000	1.000	0.000	0.000
63.000	10787.000	1528.460	1.000	3.000	1.000	0.000	0.000
65.000	10780.000	1528.590	1.000	3.000	1.000	0.000	0.000
63.000	10775.000	1528.460	1.000	3.000	1.000	0.000	0.000
64.000	10774.000	1528.460	1.000	3.000	1.000	0.000	0.000
65.000	10772.000	1528.590	1.000	3.000	1.000	0.000	0.000
79.000	10772.000	1528.460	1.000	3.000	1.000	0.000	0.000
64.000	10767.000	1528.460	1.000	3.000	1.000	0.000	0.000
64.000	10765.000	1528.460	1.000	3.000	1.000	0.000	0.000
64.000	10765.000	1528.590	1.000	3.000	1.000	0.000	0.000
64.000	10764.000	1528.460	1.000	3.000	1.000	0.000	0.000
64.000	10766.000	1528.460	1.000	3.000	1.000	0.000	0.000
64.000	10763.000	1528.590	1.000	3.000	1.000	0.000	0.000
63.000	10756.000	1528.460	1.000	3.000	1.000	0.000	0.000
65.000	10756.000	1528.460	1.000	3.000	1.000	0.000	0.000
64.000	10755.000	1528.590	1.000	3.000	1.000	0.000	0.000
64.000	10753.000	1528.460	1.000	3.000	1.000	0.000	0.000
79.000	10755.000	1528.460	1.000	3.000	1.000	0.000	0.000
64.000	10754.000	1528.590	1.000	3.000	1.000	0.000	0.000
64.000	10753.000	1528.460	1.000	3.000	1.000	0.000	0.000
64.000	10749.000	1528.460	1.000	3.000	1.000	0.000	0.000
63.000	10745.000	1528.590	1.000	3.000	1.000	0.000	0.000
65.000	10746.000	1528.460	1.000	3.000	1.000	0.000	0.000
64.000	10744.000	1528.460	1.000	3.000	1.000	0.000	0.000
63.000	10744.000	1528.590	1.000	3.000	1.000	0.000	0.000
64.000	10747.000	1528.590	1.000	3.000	1.000	0.000	0.000
64.000	10748.000	1528.460	1.000	3.000	1.000	0.000	0.000
65.000	10748.000	1528.590	1.000	3.000	1.000	0.000	0.000
63.000	10746.000	1528.590	1.000	3.000	1.000	0.000	0.000
80.000	10743.000	1528.460	1.000	3.000	1.000	0.000	0.000
64.000	10739.000	1528.590	1.000	3.000	1.000	0.000	0.000
64.000	10739.000	1528.590	1.000	3.000	1.000	0.000	0.000
64.000	10737.000	1528.590	1.000	3.000	1.000	0.000	0.000
64.000	10742.000	1528.590	1.000	3.000	1.000	0.000	0.000
64.000	10745.000	1528.590	1.000	3.000	1.000	0.000	0.000
64.000	10737.000	1528.590	1.000	3.000	1.000	0.000	0.000
63.000	10739.000	1528.590	1.000	3.000	1.000	0.000	0.000
65.000	10738.000	1528.590	1.000	3.000	1.000	0.000	0.000
64.000	10765.000	1528.590	1.000	3.000	1.000	0.000	0.000
63.000	10848.000	1528.460	1.000	3.000	1.000	0.000	0.000
64.000	10923.000	1528.590	1.000	3.000	1.000	0.000	0.000
80.000	11008.000	1528.590	1.000	3.000	1.000	0.000	0.000
64.000	11096.000	1528.590	1.000	3.000	1.000	0.000	0.000
64.000	11189.000	1528.590	1.000	3.000	1.000	0.000	0.000
64.000	11277.000	1528.460	1.000	3.000	1.000	0.000	0.000
64.000	11371.000	1528.590	1.000	3.000	1.000	0.000	0.000
64.000	11466.000	1528.590	1.000	3.000	1.000	0.000	0.000
64.000	11562.000	1528.590	1.000	3.000	1.000	0.000	0.000
64.000	11674.000	1528.460	1.000	3.000	1.000	0.000	0.000
64.000	11778.000	1528.720	1.000	3.000	1.000	0.000	0.000
63.000	11895.000	1528.590	1.000	3.000	1.000	0.000	0.000
65.000	12010.000	1528.590	1.000	3.000	1.000	0.000	0.000
79.000	12132.000	1528.590	1.000	3.000	1.000	0.000	0.000
64.000	12256.000	1528.590	1.000	3.000	1.000	0.000	0.000
64.000	12387.000	1528.590	1.000	3.000	1.000	0.000	0.000
64.000	12512.000	1528.590	1.000	3.000	1.000	0.000	0.000
64.000	12650.000	1528.590	1.000	3.000	1.000	0.000	0.000
64.000	12796.000	1528.460	1.000	3.000	1.000	0.000	0.000
64.000	12944.000	1528.590	1.000	3.000	1.000	0.000	0.000
63.000	13097.000	1528.590	1.000	3.000	1.000	0.000	0.000
65.000	13270.000	1528.590	1.000	3.000	1.000	0.000	0.000
64.000	13438.000	1528.590	1.000	3.000	1.000	0.000	0.000
65.000	13620.000	1528.590	1.000	3.000	1.000	0.000	0.000
63.000	13816.000	1528.720	1.000	3.000	1.000	0.000	0.000
80.000	14018.000	1529.100	1.000	3.000	1.000	0.000	0.000
63.000	14249.000	1529.610	1.000	3.000	1.000	0.000	0.000
65.000	14621.000	1530.510	1.000	3.000	1.000	0.000	0.000
64.000	16437.000	1531.660	1.000	3.000	1.000	0.000	0.000
63.000	17564.000	1533.060	1.000	3.000	1.000	0.000	0.000
64.000	18256.000	1534.600	1.000	3.000	1.000	0.000	0.000
63.000	18757.000	1535.870	1.000	3.000	1.000	0.000	0.000
65.000	19273.000	1536.900	1.000	3.000	1.000	0.000	0.000
64.000	19646.000	1537.540	1.000	3.000	1.000	0.000	0.000
64.000	19494.000	1537.410	1.000	3.000	1.000	0.000	0.000
63.000	19185.000	1536.770	1.000	3.000	1.000	0.000	0.000
81.000	18799.000	1535.230	1.000	3.000	1.000	0.000	0.000
64.000	18377.000	1533.960	1.000	3.000	1.000	0.000	0.000
63.000	17979.000	1532.930	1.000	3.000	1.000	0.000	0.000
64.000	17596.000	1531.780	1.000	3.000	1.000	0.000	0.000
64.000	17132.000	1530.890	1.000	3.000	1.000	0.000	0.000
64.000	16652.000	1529.990	1.000	3.000	1.000	0.000	0.000
64.000	16133.000	1529.610	1.000	3.000	1.000	0.000	0.000
64.000	15593.000	1529.100	1.000	3.000	1.000	0.000	0.000
64.000	15167.000	1528.970	1.000	3.000	1.000	0.000	0.000
64.000	14850.000	1528.970	1.000	3.000	1.000	0.000	0.000
64.000	14580.000	1528.970	1.000	3.000	1.000	0.000	0.000
64.000	14323.000	1528.840	1.000	3.000	1.000	0.000	0.000
79.000	14073.000	1528.720	1.000	3.000	1.000	0.000	0.000
65.000	13852.000	1528.720	1.000	3.000	1.000	0.000	0.000
63.000	13638.000	1528.720	1.000	3.000	1.000	0.000	0.000
64.000	13435.000	1528.720	1.000	3.000	1.000	0.000	0.000
64.000	13238.000	1528.720	1.000	3.000	1.000	0.000	0.000
65.000	13049.000	1528.720	1.000	3.000	1.000	0.000	0.000
64.000	12871.000	1528.840	1.000	3.000	1.000	0.000	0.000
63.000	12669.000	1528.840	1.000	3.000	1.000	0.000	0.000
64.000	12450.000	1528.720	1.000	3.000	1.000	0.000	0.000
64.000	12261.000	1528.590	1.000	3.000	1.000	0.000	0.000
65.000	12073.000	1528.720	1.000	3.000	1.000	0.000	0.000
63.000	11897.000	1528.590	1.000	3.000	1.000	0.000	0.000
80.000	11726.000	1528.720	1.000	3.000	1.000	0.000	0.000
64.000	11589.000	1528.720	1.000	3.000	1.000	0.000	0.000
64.000	11472.000	1528.720	1.000	3.000	1.000	0.000	0.000
63.000	11364.000	1528.720	1.000	3.000	1.000	0.000	0.000
65.000	11259.000	1528.720	1.000	3.000	1.000	0.000	0.000
64.000	11162.000	1528.720	1.000	3.000	1.000	0.000	0.000
63.000	11062.000	1528.720	1.000	3.000	1.000	0.000	0.000
64.000	10970.000	1528.590	1.000	3.000	1.000	0.000	0.000
64.000	10882.000	1528.720	1.000	3.000	1.000	0.000	0.000
64.000	10866.000	1528.590	1.000	3.000	1.000	0.000	0.000
64.000	10895.000	1528.720	1.000	3.000	1.000	0.000	0.000
80.000	10883.000	1528.720	1.000	3.000	1.000	0.000	0.000
64.000	10881.000	1528.590	1.000	3.000	1.000	0.000	0.000
63.000	10871.000	1528.590	1.000	3.000	1.000	0.000	0.000
64.000	10867.000	1528.590	1.000	3.000	1.000	0.000	0.000
65.000	10860.000	1528.720	1.000	3.000	1.000	0.000	0.000
64.000	10852.000	1528.720	1.000	3.000	1.000	0.000	0.000
63.000	10852.000	1528.590	1.000	3.000	1.000	0.000	0.000
64.000	10839.000	1528.720	1.000	3.000	1.000	0.000	0.000
64.000	10838.000	1528.720	1.000	3.000	1.000	0.000	0.000
64.000	10826.000	1528.720	1.000	3.000	1.000	0.000	0.000
64.000	10822.000	1528.590	1.000	3.000	1.000	0.000	0.000
64.000	10816.000	1528.720	1.000	3.000	1.000	0.000	0.000
79.000	10816.000	1528.590	1.000	3.000	1.000	0.000	0.000
65.000	10816.000	1528.590	1.000	3.000	1.000	0.000	0.000
64.000	10811.000	1528.840	1.000	3.000	1.000	0.000	0.000
63.000	10802.000	1528.720	1.000	3.000	1.000	0.000	0.000
64.000	10797.000	1528.590	1.000	3.000	1.000	0.000	0.000
64.000	10798.000	1528.590	1.000	3.000	1.000	0.000	0.000
64.000	10797.000	1528.720	1.000	3.000	1.000	0.000	0.000
65.000	10795.000	1528.720	1.000	3.000	1.000	0.000	0.000
63.000	10788.000	1528.720	1.000	3.000	1.000	0.000	0.000
64.000	10790.000	1528.720	1.000	3.000	1.000	0.000	0.000
64.000	10779.000	1528.590	1.000	3.000	1.000	0.000	0.000
64.000	10781.000	1528.590	1.000	3.000	1.000	0.000	0.000
79.000	10779.000	1528.720	1.000	3.000	1.000	0.000	0.000
65.000	10770.000	1528.720	1.000	3.000	1.000	0.000	0.000
63.000	10775.000	1528.720	1.000	3.000	1.000	0.000	0.000
64.000	10769.000	1528.720	1.000	3.000	1.000	0.000	0.000
64.000	10773.000	1528.590	1.000	3.000	1.000	0.000	0.000
64.000	10763.000	1528.720	1.000	3.000	1.000	0.000	0.000
64.000	10763.000	1528.720	1.000	3.000	1.000	0.000	0.000
64.000	10762.000	1528.590	1.000	3.000	1.000	0.000	0.000
64.000	10764.000	1528.720	1.000	3.000	1.000	0.000	0.000
64.000	10762.000	1528.590	1.000	3.000	1.000	0.000	0.000
64.000	10766.000	1528.590	1.000	3.000	1.000	0.000	0.000
80.000	10755.000	1528.720	1.000	3.000	1.000	0.000	0.000
64.000	10757.000	1528.590	1.000	3.000	1.000	0.000	0.000
64.000	10756.000	1528.720	1.000	3.000	1.000	0.000	0.000
64.000	10756.000	1528.590	1.000	3.000	1.000	0.000	0.000
64.000	10755.000	1528.720	1.000	3.000	1.000	0.000	0.000
64.000	10749.000	1528.590	1.000	3.000	1.000	0.000	0.000
63.000	10749.000	1528.720	1.000	3.000	1.000	0.000	0.000
64.000	10752.000	1528.590	1.000	3.000	1.000	0.000	0.000
64.000	10750.000	1528.720	1.000	3.000	1.000	0.000	0.000
65.000	10744.000	1528.720	1.000	3.000	1.000	0.000	0.000
63.000	10747.000	1528.720	1.000	3.000	1.000	0.000	0.000
64.000	10748.000	1528.720	1.000	3.000	1.000	0.000	0.000
80.000	10748.000	1528.590	1.000	3.000	1.000	0.000	0.000
64.000	10747.000	1528.720	1.000	3.000	1.000	0.000	0.000
63.000	10746.000	1528.720	1.000	3.000	1.000	0.000	0.000
65.000	10744.000	1528.720	1.000	3.000	1.000	0.000	0.000
63.000	10744.000	1528.590	1.000	3.000	1.000	0.000	0.000
65.000	10742.000	1528.720	1.000	3.000	1.000	0.000	0.000
63.000	10746.000	1528.720	1.000	3.000	1.000	0.000	0.000
65.000	10743.000	1528.720	1.000	3.000	1.000	0.000	0.000
64.000	10746.000	1528.720	1.000	3.000	1.000	0.000	0.000
64.000	10743.000	1528.720	1.000	3.000	1.000	0.000	0.000
63.000	10741.000	1528.590	1.000	3.000	1.000	0.000	0.000
64.000	10743.000	1528.720	1.000	3.000	1.000	0.000	0.000
80.000	10742.000	1528.720	1.000	3.000	1.000	0.000	0.000
64.000	10739.000	1528.590	1.000	3.000	1.000	0.000	0.000
63.000	10745.000	1528.720	1.000	3.000	1.000	0.000	0.000
65.000	10764.000	1528.590	1.000	3.000	1.000	0.000	0.000
64.000	10850.000	1528.590	1.000	3.000	1.000	0.000	0.000
64.000	10931.000	1528.720	1.000	3.000	1.000	0.000	0.000
63.000	11011.000	1528.590	1.000	3.000	1.000	0.000	0.000
65.000	11095.000	1528.720	1.000	3.000	1.000	0.000	0.000
64.000	11189.000	1528.840	1.000	3.000	1.000	0.000	0.000
63.000	11283.000	1528.720	1.000	3.000	1.000	0.000	0.000
64.000	11373.000	1528.720	1.000	3.000	1.000	0.000	0.000
80.000	11468.000	1528.720	1.000	3.000	1.000	0.000	0.000
64.000	11565.000	1528.840	1.000	3.000	1.000	0.000	0.000
64.000	11675.000	1528.720	1.000	3.000	1.000	0.000	0.000
64.000	11780.000	1528.720	1.000	3.000	1.000	0.000	0.000
64.000	11899.000	1528.840	1.000	3.000	1.000	0.000	0.000
63.000	12013.000	1528.720	1.000	3.000	1.000	0.000	0.000
65.000	12135.000	1528.720	1.000	3.000	1.000	0.000	0.000
63.000	12260.000	1528.720	1.000	3.000	1.000	0.000	0.000
64.000	12383.000	1528.720	1.000	3.000	1.000	0.000	0.000
64.000	12517.000	1528.840	1.000	3.000	1.000	0.000	0.000
64.000	12653.000	1528.720	1.000	3.000	1.000	0.000	0.000
65.000	12799.000	1528.720	1.000	3.000	1.000	0.000	0.000
79.000	12950.000	1528.840	1.000	3.000	1.000	0.000	0.000
64.000	13099.000	1528.720	1.000	3.000	1.000	0.000	0.000
64.000	13272.000	1528.720	1.000	3.000	1.000	0.000	0.000
64.000	13438.000	1528.720	1.000	3.000	1.000	0.000	0.000
64.000	13623.000	1528.720	1.000	3.000	1.000	0.000	0.000
64.000	13820.000	1528.840	1.000	3.000	1.000	0.000	0.000
64.000	14025.000	1529.100	1.000	3.000	1.000	0.000	0.000
63.000	14244.000	1529.740	1.000	3.000	1.000	0.000	0.000
64.000	14623.000	1530.630	1.000	3.000	1.000	0.000	0.000
65.000	16445.000	1531.910	1.000	3.000	1.000	0.000	0.000
63.000	17570.000	1533.190	1.000	3.000	1.000	0.000	0.000
64.000	18259.000	1534.720	1.000	3.000	1.000	0.000	0.000
80.000	18775.000	1536.000	1.000	3.000	1.000	0.000	0.000
64.000	19292.000	1537.280	1.000	3.000	1.000	0.000	0.000
63.000	19660.000	1537.790	1.000	3.000	1.000	0.000	0.000
64.000	19494.000	1537.540	1.000	3.000	1.000	0.000	0.000
64.000	19172.000	1536.390	1.000	3.000	1.000	0.000	0.000
64.000	18779.000	1535.110	1.000	3.000	1.000	0.000	0.000
64.000	18358.000	1534.080	1.000	3.000	1.000	0.000	0.000
65.000	17966.000	1533.060	1.000	3.000	1.000	0.000	0.000
64.000	17575.000	1531.910	1.000	3.000	1.000	0.000	0.000
63.000	17108.000	1530.890	1.000	3.000	1.000	0.000	0.000
65.000	16622.000	1529.990	1.000	3.000	1.000	0.000	0.000
79.000	16074.000	1529.480	1.000	3.000	1.000	0.000	0.000
64.000	15541.000	1529.230	1.000	3.000	1.000	0.000	0.000
64.000	15134.000	1529.100	1.000	3.000	1.000	0.000	0.000
64.000	14822.000	1528.970	1.000	3.000	1.000	0.000	0.000
64.000	14543.000	1529.100	1.000	3.000	1.000	0.000	0.000
64.000	14277.000	1528.970	1.000	3.000	1.000	0.000	0.000
64.000	14034.000	1528.970	1.000	3.000	1.000	0.000	0.000
64.000	13804.000	1528.840	1.000	3.000	1.000	0.000	0.000
64.000	13584.000	1528.840	1.000	3.000	1.000	0.000	0.000
63.000	13382.000	1528.840	1.000	3.000	1.000	0.000	0.000
64.000	13177.000	1528.840	1.000	3.000	1.000	0.000	0.000
65.000	12987.000	1528.970	1.000	3.000	1.000	0.000	0.000
79.000	12752.000	1528.720	1.000	3.000	1.000	0.000	0.000
64.000	12528.000	1528.840	1.000	3.000	1.000	0.000	0.000
64.000	12325.000	1528.840	1.000	3.000	1.000	0.000	0.000
64.000	12138.000	1528.840	1.000	3.000	1.000	0.000	0.000
64.000	11953.000	1528.840	1.000	3.000	1.000	0.000	0.000
64.000	11798.000	1528.720	1.000	3.000	1.000	0.000	0.000
64.000	11673.000	1528.840	1.000	3.000	1.000	0.000	0.000
64.000	11546.000	1528.840	1.000	3.000	1.000	0.000	0.000
64.000	11435.000	1528.840	1.000	3.000	1.000	0.000	0.000
63.000	11326.000	1528.840	1.000	3.000	1.000	0.000	0.000
64.000	11234.000	1528.840	1.000	3.000	1.000	0.000	0.000
64.000	11134.000	1528.840	1.000	3.000	1.000	0.000	0.000
80.000	11040.000	1528.840	1.000	3.000	1.000	0.000	0.000
64.000	10949.000	1528.840	1.000	3.000	1.000	0.000	0.000
64.000	10858.000	1528.840	1.000	3.000	1.000	0.000	0.000
64.000	10842.000	1528.720	1.000	3.000	1.000	0.000	0.000
64.000	10880.000	1528.840	1.000	3.000	1.000	0.000	0.000
64.000	10873.000	1528.970	1.000	3.000	1.000	0.000	0.000
64.000	10868.000	1528.840	1.000	3.000	1.000	0.000	0.000
64.000	10859.000	1528.840	1.000	3.000	1.000	0.000	0.000
64.000	10846.000	1528.840	1.000	3.000	1.000	0.000	0.000
64.000	10848.000	1528.840	1.000	3.000	1.000	0.000	0.000
64.000	10841.000	1528.840	1.000	3.000	1.000	0.000	0.000
80.000	10833.000	1528.720	1.000	3.000	1.000	0.000	0.000
63.000	10830.000	1528.720	1.000	3.000	1.000	0.000	0.000
65.000	10821.000	1528.970	1.000	3.000	1.000	0.000	0.000
64.000	10816.000	1528.720	1.000	3.000	1.000	0.000	0.000
63.000	10814.000	1528.970	1.000	3.000	1.000	0.000	0.000
64.000	10812.000	1528.840	1.000	3.000	1.000	0.000	0.000
64.000	10807.000	1528.840	1.000	3.000	1.000	0.000	0.000
64.000	10798.000	1528.970	1.000	3.000	1.000	0.000	0.000
64.000	10801.000	1528.840	1.000	3.000	1.000	0.000	0.000
64.000	10796.000	1528.720	1.000	3.000	1.000	0.000	0.000
64.000	10792.000	1528.840	1.000	3.000	1.000	0.000	0.000
64.000	10793.000	1528.840	1.000	3.000	1.000	0.000	0.000
80.000	10789.000	1528.720	1.000	3.000	1.000	0.000	0.000
63.000	10786.000	1528.840	1.000	3.000	1.000	0.000	0.000
65.000	10780.000	1528.720	1.000	3.000	1.000	0.000	0.000
64.000	10780.000	1528.840	1.000	3.000	1.000	0.000	0.000
63.000	10773.000	1528.840	1.000	3.000	1.000	0.000	0.000
64.000	10776.000	1528.840	1.000	3.000	1.000	0.000	0.000
64.000	10779.000	1528.840	1.000	3.000	1.000	0.000	0.000
64.000	10772.000	1528.840	1.000	3.000	1.000	0.000	0.000
64.000	10765.000	1528.840	1.000	3.000	1.000	0.000	0.000
63.000	10764.000	1528.970	1.000	3.000	1.000	0.000	0.000
64.000	10771.000	1528.720	1.000	3.000	1.000	0.000	0.000
64.000	10762.000	1528.720	1.000	3.000	1.000	0.000	0.000
80.000	10765.000	1528.840	1.000	3.000	1.000	0.000	0.000
64.000	10760.000	1528.840	1.000	3.000	1.000	0.000	0.000
65.000	10758.000	1528.840	1.000	3.000	1.000	0.000	0.000
64.000	10763.000	1528.840	1.000	3.000	1.000	0.000	0.000
64.000	10756.000	1528.840	1.000	3.000	1.000	0.000	0.000
63.000	10755.000	1528.840	1.000	3.000	1.000	0.000	0.000
64.000	10760.000	1528.840	1.000	3.000	1.000	0.000	0.000
64.000	10756.000	1528.840	1.000	3.000	1.000	0.000	0.000
64.000	10756.000	1528.840	1.000	3.000	1.000	0.000	0.000
64.000	10757.000	1528.840	1.000	3.000	1.000	0.000	0.000
64.000	10751.000	1528.720	1.000	3.000	1.000	0.000	0.000
80.000	10754.000	1528.840	1.000	3.000	1.000	0.000	0.000
63.000	10749.000	1528.840	1.000	3.000	1.000	0.000	0.000
65.000	10753.000	1528.840	1.000	3.000	1.000	0.000	0.000
64.000	10751.000	1528.970	1.000	3.000	1.000	0.000	0.000
63.000	10749.000	1528.840	1.000	3.000	1.000	0.000	0.000
64.000	10750.000	1528.840	1.000	3.000	1.000	0.000	0.000
64.000	10748.000	1528.720	1.000	3.000	1.000	0.000	0.000
64.000	10749.000	1528.840	1.000	3.000	1.000	0.000	0.000
64.000	10750.000	1528.840	1.000	3.000	1.000	0.000	0.000
64.000	10744.000	1528.840	1.000	3.000	1.000	0.000	0.000
63.000	10746.000	1528.840	1.000	3.000	1.000	0.000	0.000
65.000	10746.000	1528.840	1.000	3.000	1.000	0.000	0.000
80.000	10747.000	1528.970	1.000	3.000	1.000	0.000	0.000
63.000	10745.000	1528.970	1.000	3.000	1.000	0.000	0.000
65.000	10746.000	1528.840	1.000	3.000	1.000	0.000	0.000
63.000	10745.000	1528.840	1.000	3.000	1.000	0.000	0.000
64.000	10741.000	1528.840	1.000	3.000	1.000	0.000	0.000
65.000	10743.000	1528.840	1.000	3.000	1.000	0.000	0.000
64.000	10744.000	1528.840	1.000	3.000	1.000	0.000	0.000
63.000	10743.000	1528.840	1.000	3.000	1.000	0.000	0.000
64.000	10744.000	1528.970	1.000	3.000	1.000	0.000	0.000
64.000	10770.000	1528.840	1.000	3.000	1.000	0.000	0.000
64.000	10848.000	1528.840	1.000	3.000	1.000	0.000	0.000
64.000	10934.000	1528.840	1.000	3.000	1.000	0.000	0.000
80.000	11015.000	1528.840	1.000	3.000	1.000	0.000	0.000
64.000	11105.000	1528.720	1.000	3.000	1.000	0.000	0.000
63.000	11189.000	1528.840	1.000	3.000	1.000	0.000	0.000
64.000	11283.000	1528.840	1.000	3.000	1.000	0.000	0.000
65.000	11379.000	1528.970	1.000	3.000	1.000	0.000	0.000
63.000	11473.000	1528.840	1.000	3.000	1.000	0.000	0.000
64.000	11570.000	1528.970	1.000	3.000	1.000	0.000	0.000
64.000	11675.000	1528.840	1.000	3.000	1.000	0.000	0.000
64.000	11789.000	1528.840	1.000	3.000	1.000	0.000	0.000
64.000	11899.000	1528.840	1.000	3.000	1.000	0.000	0.000
64.000	12018.000	1528.840	1.000	3.000	1.000	0.000	0.000
79.000	12144.000	1528.840	1.000	3.000	1.000	0.000	0.000
64.000	12262.000	1528.970	1.000	3.000	1.000	0.000	0.000
65.000	12387.000	1528.840	1.000	3.000	1.000	0.000	0.000
63.000	12521.000	1528.840	1.000	3.000	1.000	0.000	0.000
65.000	12661.000	1528.840	1.000	3.000	1.000	0.000	0.000
63.000	12804.000	1528.840	1.000	3.000	1.000	0.000	0.000
65.000	12949.000	1528.840	1.000	3.000	1.000	0.000	0.000
63.000	13106.000	1528.840	1.000	3.000	1.000	0.000	0.000
64.000	13275.000	1528.840	1.000	3.000	1.000	0.000	0.000
64.000	13445.000	1528.720	1.000	3.000	1.000	0.000	0.000
64.000	13623.000	1528.970	1.000	3.000	1.000	0.000	0.000
64.000	13825.000	1529.100	1.000	3.000	1.000	0.000	0.000
80.000	14032.000	1529.360	1.000	3.000	1.000	0.000	0.000
64.000	14250.000	1529.870	1.000	3.000	1.000	0.000	0.000
64.000	14622.000	1530.760	1.000	3.000	1.000	0.000	0.000
63.000	16453.000	1531.910	1.000	3.000	1.000	0.000	0.000
64.000	17575.000	1533.450	1.000	3.000	1.000	0.000	0.000
64.000	18276.000	1534.850	1.000	3.000	1.000	0.000	0.000
65.000	18793.000	1536.130	1.000	3.000	1.000	0.000	0.000
63.000	19311.000	1537.280	1.000	3.000	1.000	0.000	0.000
64.000	19677.000	1537.920	1.000	3.000	1.000	0.000	0.000
64.000	19516.000	1537.540	1.000	3.000	1.000	0.000	0.000
64.000	19200.000	1536.640	1.000	3.000	1.000	0.000	0.000
64.000	18806.000	1535.490	1.000	3.000	1.000	0.000	0.000
79.000	18395.000	1534.210	1.000	3.000	1.000	0.000	0.000
65.000	17996.000	1533.190	1.000	3.000	1.000	0.000	0.000
64.000	17600.000	1532.170	1.000	3.000	1.000	0.000	0.000
64.000	17127.000	1531.140	1.000	3.000	1.000	0.000	0.000
63.000	16639.000	1530.250	1.000	3.000	1.000	0.000	0.000
65.000	16090.000	1529.740	1.000	3.000	1.000	0.000	0.000
63.000	15547.000	1529.360	1.000	3.000	1.000	0.000	0.000
64.000	15136.000	1529.360	1.000	3.000	1.000	0.000	0.000
64.000	14823.000	1529.230	1.000	3.000	1.000	0.000	0.000
65.000	14537.000	1529.230	1.000	3.000	1.000	0.000	0.000
63.000	14272.000	1529.230	1.000	3.000	1.000	0.000	0.000
79.000	14023.000	1529.100	1.000	3.000	1.000	0.000	0.000
65.000	13782.000	1528.970	1.000	3.000	1.000	0.000	0.000
64.000	13559.000	1529.100	1.000	3.000	1.000	0.000	0.000
63.000	13354.000	1528.970	1.000	3.000	1.000	0.000	0.000
64.000	13144.000	1529.100	1.000	3.000	1.000	0.000	0.000
64.000	12906.000	1529.100	1.000	3.000	1.000	0.000	0.000
64.000	12664.000	1528.970	1.000	3.000	1.000	0.000	0.000
64.000	12448.000	1528.970	1.000	3.000	1.000	0.000	0.000
65.000	12242.000	1528.970	1.000	3.000	1.000	0.000	0.000
63.000	12061.000	1528.970	1.000	3.000	1.000	0.000	0.000
64.000	11903.000	1528.970	1.000	3.000	1.000	0.000	0.000
65.000	11771.000	1528.970	1.000	3.000	1.000	0.000	0.000
79.000	11643.000	1528.970	1.000	3.000	1.000	0.000	0.000
64.000	11527.000	1528.970	1.000	3.000	1.000	0.000	0.000
63.000	11420.000	1528.970	1.000	3.000	1.000	0.000	0.000
65.000	11317.000	1528.970	1.000	3.000	1.000	0.000	0.000
64.000	11221.000	1528.970	1.000	3.000	1.000	0.000	0.000
64.000	11119.000	1528.970	1.000	3.000	1.000	0.000	0.000
64.000	11031.000	1528.970	1.000	3.000	1.000	0.000	0.000
63.000	10943.000	1528.970	1.000	3.000	1.000	0.000	0.000
64.000	10848.000	1528.970	1.000	3.000	1.000	0.000	0.000
64.000	10827.000	1528.970	1.000	3.000	1.000	0.000	0.000
64.000	10872.000	1528.970	1.000	3.000	1.000	0.000	0.000
80.000	10865.000	1528.840	1.000	3.000	1.000	0.000	0.000
64.000	10855.000	1528.970	1.000	3.000	1.000	0.000	0.000
64.000	10851.000	1528.840	1.000	3.000	1.000	0.000	0.000
64.000	10847.000	1529.100	1.000	3.000	1.000	0.000	0.000
64.000	10841.000	1528.970	1.000	3.000	1.000	0.000	0.000
64.000	10836.000	1528.970	1.000	3.000	1.000	0.000	0.000
64.000	10825.000	1528.970	1.000	3.000	1.000	0.000	0.000
63.000	10824.000	1528.970	1.000	3.000	1.000	0.000	0.000
64.000	10819.000	1528.970	1.000	3.000	1.000	0.000	0.000
64.000	10810.000	1528.970	1.000	3.000	1.000	0.000	0.000
65.000	10811.000	1528.970	1.000	3.000	1.000	0.000	0.000
63.000	10811.000	1528.970	1.000	3.000	1.000	0.000	0.000
80.000	10801.000	1528.970	1.000	3.000	1.000	0.000	0.000
64.000	10799.000	1528.840	1.000	3.000	1.000	0.000	0.000
64.000	10795.000	1528.840	1.000	3.000	1.000	0.000	0.000
63.000	10794.000	1528.970	1.000	3.000	1.000	0.000	0.000
65.000	10794.000	1528.970	1.000	3.000	1.000	0.000	0.000
63.000	10786.000	1528.970	1.000	3.000	1.000	0.000	0.000
65.000	10779.000	1528.970	1.000	3.000	1.000	0.000	0.000
63.000	10777.000	1528.840	1.000	3.000	1.000	0.000	0.000
65.000	10781.000	1528.970	1.000	3.000	1.000	0.000	0.000
63.000	10777.000	1528.970	1.000	3.000	1.000	0.000	0.000
65.000	10778.000	1528.970	1.000	3.000	1.000	0.000	0.000
63.000	10773.000	1528.840	1.000	3.000	1.000	0.000	0.000
80.000	10767.000	1529.100	1.000	3.000	1.000	0.000	0.000
64.000	10774.000	1528.970	1.000	3.000	1.000	0.000	0.000
64.000	10772.000	1529.100	1.000	3.000	1.000	0.000	0.000
63.000	10768.000	1529.100	1.000	3.000	1.000	0.000	0.000
65.000	10765.000	1528.840	1.000	3.000	1.000	0.000	0.000
64.000	10760.000	1528.840	1.000	3.000	1.000	0.000	0.000
64.000	10763.000	1528.970	1.000	3.000	1.000	0.000	0.000
64.000	10767.000	1529.100	1.000	3.000	1.000	0.000	0.000
63.000	10767.000	1528.970	1.000	3.000	1.000	0.000	0.000
64.000	10758.000	1528.970	1.000	3.000	1.000	0.000	0.000
64.000	10762.000	1528.970	1.000	3.000	1.000	0.000	0.000
81.000	10760.000	1528.970	1.000	3.000	1.000	0.000	0.000
63.000	10762.000	1528.970	1.000	3.000	1.000	0.000	0.000
64.000	10759.000	1528.970	1.000	3.000	1.000	0.000	0.000
64.000	10760.000	1528.970	1.000	3.000	1.000	0.000	0.000
64.000	10759.000	1528.840	1.000	3.000	1.000	0.000	0.000
64.000	10754.000	1528.970	1.000	3.000	1.000	0.000	0.000
63.000	10760.000	1528.970	1.000	3.000	1.000	0.000	0.000
64.000	10755.000	1528.970	1.000	3.000	1.000	0.000	0.000
64.000	10750.000	1528.970	1.000	3.000	1.000	0.000	0.000
65.000	10751.000	1528.970	1.000	3.000	1.000	0.000	0.000
63.000	10754.000	1528.970	1.000	3.000	1.000	0.000	0.000
64.000	10752.000	1528.970	1.000	3.000	1.000	0.000	0.000
80.000	10753.000	1528.970	1.000	3.000	1.000	0.000	0.000
64.000	10751.000	1529.100	1.000	3.000	1.000	0.000	0.000
64.000	10749.000	1528.970	1.000	3.000	1.000	0.000	0.000
64.000	10749.000	1528.970	1.000	3.000	1.000	0.000	0.000
65.000	10746.000	1528.970	1.000	3.000	1.000	0.000	0.000
63.000	10749.000	1528.840	1.000	3.000	1.000	0.000	0.000
63.000	10750.000	1528.970	1.000	3.000	1.000	0.000	0.000
64.000	10754.000	1528.970	1.000	3.000	1.000	0.000	0.000
65.000	10747.000	1528.970	1.000	3.000	1.000	0.000	0.000
64.000	10746.000	1528.970	1.000	3.000	1.000	0.000	0.000
64.000	10744.000	1528.970	1.000	3.000	1.000	0.000	0.000
63.000	10748.000	1528.970	1.000	3.000	1.000	0.000	0.000
81.000	10748.000	1528.970	1.000	3.000	1.000	0.000	0.000
64.000	10746.000	1528.970	1.000	3.000	1.000	0.000	0.000
63.000	10743.000	1528.970	1.000	3.000	1.000	0.000	0.000
64.000	10770.000	1528.970	1.000	3.000	1.000	0.000	0.000
64.000	10856.000	1528.840	1.000	3.000	1.000	0.000	0.000
64.000	10936.000	1528.970	1.000	3.000	1.000	0.000	0.000
64.000	11011.000	1528.970	1.000	3.000	1.000	0.000	0.000
64.000	11107.000	1528.970	1.000	3.000	1.000	0.000	0.000
64.000	11200.000	1528.970	1.000	3.000	1.000	0.000	0.000
64.000	11291.000	1529.100	1.000	3.000	1.000	0.000	0.000
63.000	11381.000	1528.970	1.000	3.000	1.000	0.000	0.000
80.000	11475.000	1528.970	1.000	3.000	1.000	0.000	0.000
65.000	11575.000	1529.100	1.000	3.000	1.000	0.000	0.000
64.000	11683.000	1528.970	1.000	3.000	1.000	0.000	0.000
63.000	11790.000	1528.970	1.000	3.000	1.000	0.000	0.000
64.000	11908.000	1528.970	1.000	3.000	1.000	0.000	0.000
64.000	12020.000	1528.970	1.000	3.000	1.000	0.000	0.000
64.000	12148.000	1528.970	1.000	3.000	1.000	0.000	0.000
64.000	12265.000	1528.970	1.000	3.000	1.000	0.000	0.000
64.000	12393.000	1528.970	1.000	3.000	1.000	0.000	0.000
64.000	12527.000	1528.970	1.000	3.000	1.000	0.000	0.000
64.000	12663.000	1528.970	1.000	3.000	1.000	0.000	0.000
64.000	12803.000	1529.100	1.000	3.000	1.000	0.000	0.000
80.000	12953.000	1528.970	1.000	3.000	1.000	0.000	0.000
64.000	13111.000	1528.970	1.000	3.000	1.000	0.000	0.000
64.000	13280.000	1528.970	1.000	3.000	1.000	0.000	0.000
63.000	13451.000	1528.970	1.000	3.000	1.000	0.000	0.000
65.000	13633.000	1528.970	1.000	3.000	1.000	0.000	0.000
63.000	13831.000	1529.230	1.000	3.000	1.000	0.000	0.000
64.000	14034.000	1529.610	1.000	3.000	1.000	0.000	0.000
65.000	14253.000	1530.120	1.000	3.000	1.000	0.000	0.000
63.000	14636.000	1530.890	1.000	3.000	1.000	0.000	0.000
64.000	16466.000	1532.300	1.000	3.000	1.000	0.000	0.000
67.000	17586.000	1533.570	1.000	3.000	1.000	0.000	0.000
61.000	18302.000	1534.980	1.000	3.000	1.000	0.000	0.000
79.000	18814.000	1536.260	1.000	3.000	1.000	0.000	0.000
65.000	19333.000	1537.540	1.000	3.000	1.000	0.000	0.000
63.000	19706.000	1538.170	1.000	3.000	1.000	0.000	0.000
65.000	19549.000	1538.050	1.000	3.000	1.000	0.000	0.000
63.000	19226.000	1536.770	1.000	3.000	1.000	0.000	0.000
64.000	18838.000	1535.750	1.000	3.000	1.000	0.000	0.000
64.000	18425.000	1534.340	1.000	3.000	1.000	0.000	0.000
65.000	18024.000	1533.320	1.000	3.000	1.000	0.000	0.000
63.000	17628.000	1532.300	1.000	3.000	1.000	0.000	0.000
65.000	17150.000	1531.140	1.000	3.000	1.000	0.000	0.000
63.000	16667.000	1530.380	1.000	3.000	1.000	0.000	0.000
64.000	16117.000	1529.990	1.000	3.000	1.000	0.000	0.000
80.000	15556.000	1529.360	1.000	3.000	1.000	0.000	0.000
64.000	15147.000	1529.360	1.000	3.000	1.000	0.000	0.000
63.000	14828.000	1529.360	1.000	3.000	1.000	0.000	0.000
64.000	14537.000	1529.230	1.000	3.000	1.000	0.000	0.000
64.000	14260.000	1529.360	1.000	3.000	1.000	0.000	0.000
65.000	14004.000	1529.230	1.000	3.000	1.000	0.000	0.000
63.000	13761.000	1529.230	1.000	3.000	1.000	0.000	0.000
64.000	13534.000	1529.230	1.000	3.000	1.000	0.000	0.000
65.000	13323.000	1529.100	1.000	3.000	1.000	0.000	0.000
64.000	13083.000	1529.230	1.000	3.000	1.000	0.000	0.000
63.000	12826.000	1529.230	1.000	3.000	1.000	0.000	0.000
80.000	12591.000	1529.100	1.000	3.000	1.000	0.000	0.000
64.000	12374.000	1529.100	1.000	3.000	1.000	0.000	0.000
64.000	12179.000	1529.100	1.000	3.000	1.000	0.000	0.000
64.000	12022.000	1529.100	1.000	3.000	1.000	0.000	0.000
64.000	11884.000	1528.970	1.000	3.000	1.000	0.000	0.000
63.000	11749.000	1528.970	1.000	3.000	1.000	0.000	0.000
64.000	11628.000	1529.100	1.000	3.000	1.000	0.000	0.000
64.000	11517.000	1529.100	1.000	3.000	1.000	0.000	0.000
64.000	11414.000	1529.100	1.000	3.000	1.000	0.000	0.000
65.000	11308.000	1528.970	1.000	3.000	1.000	0.000	0.000
64.000	11210.000	1529.100	1.000	3.000	1.000	0.000	0.000
63.000	11114.000	1528.970	1.000	3.000	1.000	0.000	0.000
80.000	11021.000	1529.100	1.000	3.000	1.000	0.000	0.000
64.000	10928.000	1529.100	1.000	3.000	1.000	0.000	0.000
64.000	10846.000	1529.100	1.000	3.000	1.000	0.000	0.000
64.000	10804.000	1529.100	1.000	3.000	1.000	0.000	0.000
63.000	10856.000	1529.100	1.000	3.000	1.000	0.000	0.000
65.000	10858.000	1528.970	1.000	3.000	1.000	0.000	0.000
64.000	10847.000	1528.970	1.000	3.000	1.000	0.000	0.000
63.000	10841.000	1529.100	1.000	3.000	1.000	0.000	0.000
65.000	10835.000	1529.100	1.000	3.000	1.000	0.000	0.000
64.000	10829.000	1529.100	1.000	3.000	1.000	0.000	0.000
63.000	10824.000	1529.100	1.000	3.000	1.000	0.000	0.000
64.000	10821.000	1529.100	1.000	3.000	1.000	0.000	0.000
81.000	10816.000	1529.100	1.000	3.000	1.000	0.000	0.000
63.000	10810.000	1529.100	1.000	3.000	1.000	0.000	0.000
64.000	10803.000	1529.100	1.000	3.000	1.000	0.000	0.000
64.000	10803.000	1528.970	1.000	3.000	1.000	0.000	0.000
64.000	10797.000	1529.100	1.000	3.000	1.000	0.000	0.000
64.000	10799.000	1529.100	1.000	3.000	1.000	0.000	0.000
64.000	10796.000	1529.100	1.000	3.000	1.000	0.000	0.000
64.000	10790.000	1529.100	1.000	3.000	1.000	0.000	0.000
64.000	10791.000	1529.230	1.000	3.000	1.000	0.000	0.000
64.000	10782.000	1529.100	1.000	3.000	1.000	0.000	0.000
64.000	10783.000	1529.100	1.000	3.000	1.000	0.000	0.000
79.000	10787.000	1529.100	1.000	3.000	1.000	0.000	0.000
64.000	10776.000	1529.100	1.000	3.000	1.000	0.000	0.000
64.000	10781.000	1529.100	1.000	3.000	1.000	0.000	0.000
64.000	10776.000	1529.100	1.000	3.000	1.000	0.000	0.000
64.000	10775.000	1529.100	1.000	3.000	1.000	0.000	0.000
64.000	10773.000	1529.100	1.000	3.000	1.000	0.000	0.000
64.000	10775.000	1529.100	1.000	3.000	1.000	0.000	0.000
64.000	10769.000	1529.100	1.000	3.000	1.000	0.000	0.000
64.000	10766.000	1529.100	1.000	3.000	1.000	0.000	0.000
64.000	10762.000	1529.100	1.000	3.000	1.000	0.000	0.000
63.000	10764.000	1529.100	1.000	3.000	1.000	0.000	0.000
64.000	10760.000	1528.970	1.000	3.000	1.000	0.000	0.000
80.000	10767.000	1529.100	1.000	3.000	1.000	0.000	0.000
64.000	10763.000	1529.100	1.000	3.000	1.000	0.000	0.000
64.000	10763.000	1529.230	1.000	3.000	1.000	0.000	0.000
63.000	10760.000	1529.230	1.000	3.000	1.000	0.000	0.000
64.000	10759.000	1529.100	1.000	3.000	1.000	0.000	0.000
64.000	10758.000	1529.100	1.000	3.000	1.000	0.000	0.000
65.000	10753.000	1529.100	1.000	3.000	1.000	0.000	0.000
64.000	10754.000	1529.230	1.000	3.000	1.000	0.000	0.000
64.000	10754.000	1529.230	1.000	3.000	1.000	0.000	0.000
64.000	10759.000	1528.970	1.000	3.000	1.000	0.000	0.000
64.000	10754.000	1529.100	1.000	3.000	1.000	0.000	0.000
63.000	10760.000	1529.100	1.000	3.000	1.000	0.000	0.000
80.000	10762.000	1529.100	1.000	3.000	1.000	0.000	0.000
64.000	10755.000	1529.100	1.000	3.000	1.000	0.000	0.000
64.000	10754.000	1529.230	1.000	3.000	1.000	0.000	0.000
64.000	10754.000	1529.100	1.000	3.000	1.000	0.000	0.000
63.000	10755.000	1529.230	1.000	3.000	1.000	0.000	0.000
65.000	10756.000	1529.100	1.000	3.000	1.000	0.000	0.000
63.000	10754.000	1528.970	1.000	3.000	1.000	0.000	0.000
64.000	10752.000	1529.100	1.000	3.000	1.000	0.000	0.000
65.000	10753.000	1529.100	1.000	3.000	1.000	0.000	0.000
63.000	10754.000	1529.100	1.000	3.000	1.000	0.000	0.000
65.000	10754.000	1529.100	1.000	3.000	1.000	0.000	0.000
79.000	10752.000	1529.100	1.000	3.000	1.000	0.000	0.000
65.000	10749.000	1529.100	1.000	3.000	1.000	0.000	0.000
63.000	10753.000	1529.230	1.000	3.000	1.000	0.000	0.000
64.000	10747.000	1529.100	1.000	3.000	1.000	0.000	0.000
64.000	10746.000	1529.230	1.000	3.000	1.000	0.000	0.000
64.000	10743.000	1529.230	1.000	3.000	1.000	0.000	0.000
64.000	10745.000	1529.100	1.000	3.000	1.000	0.000	0.000
64.000	10747.000	1529.100	1.000	3.000	1.000	0.000	0.000
64.000	10746.000	1528.970	1.000	3.000	1.000	0.000	0.000
63.000	10761.000	1529.100	1.000	3.000	1.000	0.000	0.000
65.000	10842.000	1529.100	1.000	3.000	1.000	0.000	0.000
64.000	10921.000	1529.100	1.000	3.000	1.000	0.000	0.000
80.000	11005.000	1529.230	1.000	3.000	1.000	0.000	0.000
63.000	11091.000	1529.100	1.000	3.000	1.000	0.000	0.000
64.000	11187.000	1529.100	1.000	3.000	1.000	0.000	0.000
65.000	11273.000	1529.230	1.000	3.000	1.000	0.000	0.000
63.000	11361.000	1529.100	1.000	3.000	1.000	0.000	0.000
64.000	11461.000	1529.100	1.000	3.000	1.000	0.000	0.000
64.000	11549.000	1529.230	1.000	3.000	1.000	0.000	0.000
63.000	11661.000	1529.100	1.000	3.000	1.000	0.000	0.000
65.000	11771.000	1529.100	1.000	3.000	1.000	0.000	0.000
64.000	11887.000	1529.230	1.000	3.000	1.000	0.000	0.000
64.000	11998.000	1529.100	1.000	3.000	1.000	0.000	0.000
64.000	12125.000	1529.100	1.000	3.000	1.000	0.000	0.000
80.000	12250.000	1529.100	1.000	3.000	1.000	0.000	0.000
63.000	12367.000	1529.100	1.000	3.000	1.000	0.000	0.000
64.000	12503.000	1528.970	1.000	3.000	1.000	0.000	0.000
64.000	12637.000	1529.100	1.000	3.000	1.000	0.000	0.000
64.000	12779.000	1529.100	1.000	3.000	1.000	0.000	0.000
64.000	12932.000	1529.100	1.000	3.000	1.000	0.000	0.000
64.000	13083.000	1529.100	1.000	3.000	1.000	0.000	0.000
64.000	13248.000	1529.100	1.000	3.000	1.000	0.000	0.000
64.000	13418.000	1529.100	1.000	3.000	1.000	0.000	0.000
64.000	13599.000	1529.230	1.000	3.000	1.000	0.000	0.000
64.000	13796.000	1529.230	1.000	3.000	1.000	0.000	0.000
80.000	13999.000	1529.610	1.000	3.000	1.000	0.000	0.000
63.000	14215.000	1530.120	1.000	3.000	1.000	0.000	0.000
65.000	14541.000	1530.890	1.000	3.000	1.000	0.000	0.000
63.000	16228.000	1532.170	1.000	3.000	1.000	0.000	0.000
64.000	17350.000	1533.450	1.000	3.000	1.000	0.000	0.000
64.000	18223.000	1534.850	1.000	3.000	1.000	0.000	0.000
63.000	18746.000	1536.260	1.000	3.000	1.000	0.000	0.000
64.000	19270.000	1537.540	1.000	3.000	1.000	0.000	0.000
65.000	19737.000	1538.430	1.000	3.000	1.000	0.000	0.000
63.000	19736.000	1538.170	1.000	3.000	1.000	0.000	0.000
65.000	19435.000	1537.790	1.000	3.000	1.000	0.000	0.000
64.000	19076.000	1536.390	1.000	3.000	1.000	0.000	0.000
80.000	18651.000	1535.110	1.000	3.000	1.000	0.000	0.000
63.000	18237.000	1533.960	1.000	3.000	1.000	0.000	0.000
64.000	17843.000	1532.810	1.000	3.000	1.000	0.000	0.000
64.000	17411.000	1531.910	1.000	3.000	1.000	0.000	0.000
65.000	16904.000	1530.890	1.000	3.000	1.000	0.000	0.000
63.000	16387.000	1530.380	1.000	3.000	1.000	0.000	0.000
65.000	15796.000	1529.610	1.000	3.000	1.000	0.000	0.000
63.000	15308.000	1529.610	1.000	3.000	1.000	0.000	0.000
64.000	14956.000	1529.480	1.000	3.000	1.000	0.000	0.000
64.000	14645.000	1529.360	1.000	3.000	1.000	0.000	0.000
64.000	14345.000	1529.360	1.000	3.000	1.000	0.000	0.000
64.000	14085.000	1529.230	1.000	3.000	1.000	0.000	0.000
80.000	13823.000	1529.230	1.000	3.000	1.000	0.000	0.000
63.000	13587.000	1529.360	1.000	3.000	1.000	0.000	0.000
65.000	13358.000	1529.230	1.000	3.000	1.000	0.000	0.000
64.000	13056.000	1529.360	1.000	3.000	1.000	0.000	0.000
64.000	12799.000	1529.230	1.000	3.000	1.000	0.000	0.000
64.000	12560.000	1529.230	1.000	3.000	1.000	0.000	0.000
63.000	12345.000	1529.230	1.000	3.000	1.000	0.000	0.000
64.000	12190.000	1529.230	1.000	3.000	1.000	0.000	0.000
64.000	12036.000	1529.230	1.000	3.000	1.000	0.000	0.000
64.000	11899.000	1529.230	1.000	3.000	1.000	0.000	0.000
64.000	11778.000	1529.230	1.000	3.000	1.000	0.000	0.000
80.000	11653.000	1529.230	1.000	3.000	1.000	0.000	0.000
64.000	11532.000	1529.230	1.000	3.000	1.000	0.000	0.000
63.000	11429.000	1529.360	1.000	3.000	1.000	0.000	0.000
64.000	11323.000	1529.230	1.000	3.000	1.000	0.000	0.000
64.000	11234.000	1529.100	1.000	3.000	1.000	0.000	0.000
64.000	11131.000	1529.230	1.000	3.000	1.000	0.000	0.000
64.000	11033.000	1529.230	1.000	3.000	1.000	0.000	0.000
64.000	10950.000	1529.230	1.000	3.000	1.000	0.000	0.000
64.000	10853.000	1529.100	1.000	3.000	1.000	0.000	0.000
64.000	10782.000	1529.230	1.000	3.000	1.000	0.000	0.000
65.000	10804.000	1529.100	1.000	3.000	1.000	0.000	0.000
63.000	10837.000	1529.230	1.000	3.000	1.000	0.000	0.000
80.000	10829.000	1529.230	1.000	3.000	1.000	0.000	0.000
64.000	10820.000	1529.230	1.000	3.000	1.000	0.000	0.000
65.000	10814.000	1529.230	1.000	3.000	1.000	0.000	0.000
63.000	10813.000	1529.230	1.000	3.000	1.000	0.000	0.000
64.000	10802.000	1529.230	1.000	3.000	1.000	0.000	0.000
64.000	10804.000	1529.230	1.000	3.000	1.000	0.000	0.000
64.000	10798.000	1529.100	1.000	3.000	1.000	0.000	0.000
64.000	10803.000	1529.230	1.000	3.000	1.000	0.000	0.000
64.000	10792.000	1529.230	1.000	3.000	1.000	0.000	0.000
63.000	10790.000	1529.360	1.000	3.000	1.000	0.000	0.000
65.000	10789.000	1529.230	1.000	3.000	1.000	0.000	0.000
63.000	10786.000	1529.100	1.000	3.000	1.000	0.000	0.000
80.000	10785.000	1529.230	1.000	3.000	1.000	0.000	0.000
64.000	10782.000	1529.360	1.000	3.000	1.000	0.000	0.000
64.000	10774.000	1529.230	1.000	3.000	1.000	0.000	0.000
64.000	10779.000	1529.230	1.000	3.000	1.000	0.000	0.000
64.000	10774.000	1529.230	1.000	3.000	1.000	0.000	0.000
65.000	10767.000	1529.230	1.000	3.000	1.000	0.000	0.000
63.000	10772.000	1529.360	1.000	3.000	1.000	0.000	0.000
64.000	10759.000	1529.230	1.000	3.000	1.000	0.000	0.000
64.000	10767.000	1529.230	1.000	3.000	1.000	0.000	0.000
63.000	10772.000	1529.230	1.000	3.000	1.000	0.000	0.000
65.000	10765.000	1529.230	1.000	3.000	1.000	0.000	0.000
79.000	10770.000	1529.230	1.000	3.000	1.000	0.000	0.000
64.000	10761.000	1529.230	1.000	3.000	1.000	0.000	0.000
64.000	10764.000	1529.230	1.000	3.000	1.000	0.000	0.000
64.000	10759.000	1529.230	1.000	3.000	1.000	0.000	0.000
64.000	10758.000	1529.360	1.000	3.000	1.000	0.000	0.000
64.000	10755.000	1529.100	1.000	3.000	1.000	0.000	0.000
63.000	10758.000	1529.230	1.000	3.000	1.000	0.000	0.000
65.000	10763.000	1529.230	1.000	3.000	1.000	0.000	0.000
63.000	10758.000	1529.230	1.000	3.000	1.000	0.000	0.000
64.000	10758.000	1529.100	1.000	3.000	1.000	0.000	0.000
64.000	10753.000	1529.230	1.000	3.000	1.000	0.000	0.000
65.000	10754.000	1529.230	1.000	3.000	1.000	0.000	0.000
79.000	10755.000	1529.100	1.000	3.000	1.000	0.000	0.000
64.000	10752.000	1529.230	1.000	3.000	1.000	0.000	0.000
64.000	10747.000	1529.230	1.000	3.000	1.000	0.000	0.000
64.000	10751.000	1529.230	1.000	3.000	1.000	0.000	0.000
63.000	10750.000	1529.100	1.000	3.000	1.000	0.000	0.000
65.000	10743.000	1529.230	1.000	3.000	1.000	0.000	0.000
63.000	10748.000	1529.100	1.000	3.000	1.000	0.000	0.000
65.000	10750.000	1529.230	1.000	3.000	1.000	0.000	0.000
63.000	10746.000	1529.230	1.000	3.000	1.000	0.000	0.000
65.000	10748.000	1529.230	1.000	3.000	1.000	0.000	0.000
64.000	10747.000	1529.230	1.000	3.000	1.000	0.000	0.000
79.000	10744.000	1529.360	1.000	3.000	1.000	0.000	0.000
65.000	10745.000	1529.100	1.000	3.000	1.000	0.000	0.000
63.000	10747.000	1529.360	1.000	3.000	1.000	0.000	0.000
64.000	10745.000	1529.230	1.000	3.000	1.000	0.000	0.000
64.000	10744.000	1529.230	1.000	3.000	1.000	0.000	0.000
65.000	10744.000	1529.230	1.000	3.000	1.000	0.000	0.000
63.000	10747.000	1529.230	1.000	3.000	1.000	0.000	0.000
64.000	10746.000	1529.360	1.000	3.000	1.000	0.000	0.000
64.000	10744.000	1529.360	1.000	3.000	1.000	0.000	0.000
63.000	10744.000	1529.230	1.000	3.000	1.000	0.000	0.000
65.000	10742.000	1529.230	1.000	3.000	1.000	0.000	0.000
64.000	10741.000	1529.230	1.000	3.000	1.000	0.000	0.000
80.000	10747.000	1529.230	1.000	3.000	1.000	0.000	0.000
63.000	10739.000	1529.230	1.000	3.000	1.000	0.000	0.000
64.000	10742.000	1529.230	1.000	3.000	1.000	0.000	0.000
64.000	10741.000	1529.230	1.000	3.000	1.000	0.000	0.000
64.000	10776.000	1529.230	1.000	3.000	1.000	0.000	0.000
64.000	10848.000	1529.230	1.000	3.000	1.000	0.000	0.000
64.000	10929.000	1529.360	1.000	3.000	1.000	0.000	0.000
64.000	11018.000	1529.230	1.000	3.000	1.000	0.000	0.000
64.000	11107.000	1529.230	1.000	3.000	1.000	0.000	0.000
64.000	11197.000	1529.230	1.000	3.000	1.000	0.000	0.000
63.000	11284.000	1529.360	1.000	3.000	1.000	0.000	0.000
64.000	11377.000	1529.230	1.000	3.000	1.000	0.000	0.000
81.000	11466.000	1529.230	1.000	3.000	1.000	0.000	0.000
64.000	11574.000	1529.230	1.000	3.000	1.000	0.000	0.000
63.000	11680.000	1529.230	1.000	3.000	1.000	0.000	0.000
64.000	11788.000	1529.100	1.000	3.000	1.000	0.000	0.000
64.000	11897.000	1529.360	1.000	3.000	1.000	0.000	0.000
64.000	12024.000	1529.230	1.000	3.000	1.000	0.000	0.000
64.000	12141.000	1529.230	1.000	3.000	1.000	0.000	0.000
64.000	12267.000	1529.100	1.000	3.000	1.000	0.000	0.000
64.000	12390.000	1529.230	1.000	3.000	1.000	0.000	0.000
64.000	12521.000	1529.230	1.000	3.000	1.000	0.000	0.000
63.000	12661.000	1529.360	1.000	3.000	1.000	0.000	0.000
81.000	12807.000	1529.360	1.000	3.000	1.000	0.000	0.000
64.000	12959.000	1529.230	1.000	3.000	1.000	0.000	0.000
63.000	13110.000	1529.230	1.000	3.000	1.000	0.000	0.000
65.000	13287.000	1529.360	1.000	3.000	1.000	0.000	0.000
63.000	13452.000	1529.360	1.000	3.000	1.000	0.000	0.000
64.000	13640.000	1529.360	1.000	3.000	1.000	0.000	0.000
64.000	13833.000	1529.480	1.000	3.000	1.000	0.000	0.000
64.000	14047.000	1529.870	1.000	3.000	1.000	0.000	0.000
64.000	14270.000	1530.380	1.000	3.000	1.000	0.000	0.000
63.000	14662.000	1531.270	1.000	3.000	1.000	0.000	0.000
65.000	16517.000	1532.550	1.000	3.000	1.000	0.000	0.000
64.000	17652.000	1533.960	1.000	3.000	1.000	0.000	0.000
80.000	18357.000	1535.490	1.000	3.000	1.000	0.000	0.000
63.000	18881.000	1536.770	1.000	3.000	1.000	0.000	0.000
64.000	19402.000	1537.790	1.000	3.000	1.000	0.000	0.000
65.000	19774.000	1538.430	1.000	3.000	1.000	0.000	0.000
63.000	19613.000	1538.300	1.000	3.000	1.000	0.000	0.000
64.000	19291.000	1537.660	1.000	3.000	1.000	0.000	0.000
64.000	18898.000	1536.000	1.000	3.000	1.000	0.000	0.000
65.000	18477.000	1534.850	1.000	3.000	1.000	0.000	0.000
63.000	18069.000	1533.570	1.000	3.000	1.000	0.000	0.000
63.000	17670.000	1532.550	1.000	3.000	1.000	0.000	0.000
65.000	17188.000	1531.530	1.000	3.000	1.000	0.000	0.000
64.000	16689.000	1530.630	1.000	3.000	1.000	0.000	0.000
80.000	16099.000	1530.120	1.000	3.000	1.000	0.000	0.000
63.000	15520.000	1529.610	1.000	3.000	1.000	0.000	0.000
64.000	15109.000	1529.610	1.000	3.000	1.000	0.000	0.000
65.000	14773.000	1529.610	1.000	3.000	1.000	0.000	0.000
63.000	14451.000	1529.480	1.000	3.000	1.000	0.000	0.000
64.000	14158.000	1529.480	1.000	3.000	1.000	0.000	0.000
64.000	13895.000	1529.480	1.000	3.000	1.000	0.000	0.000
64.000	13631.000	1529.480	1.000	3.000	1.000	0.000	0.000
64.000	13334.000	1529.360	1.000	3.000	1.000	0.000	0.000
64.000	13034.000	1529.480	1.000	3.000	1.000	0.000	0.000
64.000	12760.000	1529.360	1.000	3.000	1.000	0.000	0.000
80.000	12537.000	1529.360	1.000	3.000	1.000	0.000	0.000
64.000	12364.000	1529.480	1.000	3.000	1.000	0.000	0.000
64.000	12212.000	1529.360	1.000	3.000	1.000	0.000	0.000
64.000	12075.000	1529.360	1.000	3.000	1.000	0.000	0.000
63.000	11934.000	1529.480	1.000	3.000	1.000	0.000	0.000
65.000	11805.000	1529.360	1.000	3.000	1.000	0.000	0.000
64.000	11680.000	1529.360	1.000	3.000	1.000	0.000	0.000
63.000	11565.000	1529.230	1.000	3.000	1.000	0.000	0.000
64.000	11461.000	1529.230	1.000	3.000	1.000	0.000	0.000
64.000	11350.000	1529.480	1.000	3.000	1.000	0.000	0.000
64.000	11253.000	1529.360	1.000	3.000	1.000	0.000	0.000
64.000	11152.000	1529.360	1.000	3.000	1.000	0.000	0.000
80.000	11057.000	1529.360	1.000	3.000	1.000	0.000	0.000
63.000	10965.000	1529.360	1.000	3.000	1.000	0.000	0.000
65.000	10880.000	1529.480	1.000	3.000	1.000	0.000	0.000
63.000	10792.000	1529.230	1.000	3.000	1.000	0.000	0.000
64.000	10763.000	1529.360	1.000	3.000	1.000	0.000	0.000
64.000	10812.000	1529.360	1.000	3.000	1.000	0.000	0.000
64.000	10807.000	1529.360	1.000	3.000	1.000	0.000	0.000
65.000	10805.000	1529.360	1.000	3.000	1.000	0.000	0.000
63.000	10804.000	1529.230	1.000	3.000	1.000	0.000	0.000
64.000	10798.000	1529.230	1.000	3.000	1.000	0.000	0.000
64.000	10794.000	1529.360	1.000	3.000	1.000	0.000	0.000
64.000	10797.000	1529.360	1.000	3.000	1.000	0.000	0.000
80.000	10793.000	1529.360	1.000	3.000	1.000	0.000	0.000
63.000	10791.000	1529.360	1.000	3.000	1.000	0.000	0.000
65.000	10784.000	1529.360	1.000	3.000	1.000	0.000	0.000
63.000	10783.000	1529.360	1.000	3.000	1.000	0.000	0.000
64.000	10781.000	1529.230	1.000	3.000	1.000	0.000	0.000
65.000	10773.000	1529.360	1.000	3.000	1.000	0.000	0.000
64.000	10772.000	1529.230	1.000	3.000	1.000	0.000	0.000
63.000	10777.000	1529.360	1.000	3.000	1.000	0.000	0.000
64.000	10772.000	1529.360	1.000	3.000	1.000	0.000	0.000
64.000	10769.000	1529.360	1.000	3.000	1.000	0.000	0.000
64.000	10770.000	1529.360	1.000	3.000	1.000	0.000	0.000
80.000	10766.000	1529.360	1.000	3.000	1.000	0.000	0.000
64.000	10763.000	1529.480	1.000	3.000	1.000	0.000	0.000
64.000	10762.000	1529.360	1.000	3.000	1.000	0.000	0.000
64.000	10766.000	1529.360	1.000	3.000	1.000	0.000	0.000
64.000	10759.000	1529.360	1.000	3.000	1.000	0.000	0.000
63.000	10761.000	1529.360	1.000	3.000	1.000	0.000	0.000
65.000	10759.000	1529.360	1.000	3.000	1.000	0.000	0.000
63.000	10755.000	1529.360	1.000	3.000	1.000	0.000	0.000
65.000	10758.000	1529.480	1.000	3.000	1.000	0.000	0.000
63.000	10760.000	1529.360	1.000	3.000	1.000	0.000	0.000
64.000	10752.000	1529.360	1.000	3.000	1.000	0.000	0.000
64.000	10749.000	1529.230	1.000	3.000	1.000	0.000	0.000
80.000	10754.000	1529.360	1.000	3.000	1.000	0.000	0.000
64.000	10751.000	1529.480	1.000	3.000	1.000	0.000	0.000
64.000	10748.000	1529.360	1.000	3.000	1.000	0.000	0.000
64.000	10750.000	1529.360	1.000	3.000	1.000	0.000	0.000
64.000	10748.000	1529.360	1.000	3.000	1.000	0.000	0.000
64.000	10751.000	1529.360	1.000	3.000	1.000	0.000	0.000
64.000	10744.000	1529.360	1.000	3.000	1.000	0.000	0.000
63.000	10746.000	1529.480	1.000	3.000	1.000	0.000	0.000
64.000	10741.000	1529.360	1.000	3.000	1.000	0.000	0.000
64.000	10747.000	1529.360	1.000	3.000	1.000	0.000	0.000
64.000	10744.000	1529.360	1.000	3.000	1.000	0.000	0.000
64.000	10741.000	1529.360	1.000	3.000	1.000	0.000	0.000
80.000	10741.000	1529.360	1.000	3.000	1.000	0.000	0.000
64.000	10744.000	1529.360	1.000	3.000	1.000	0.000	0.000
64.000	10743.000	1529.230	1.000	3.000	1.000	0.000	0.000
63.000	10734.000	1529.360	1.000	3.000	1.000	0.000	0.000
65.000	10741.000	1529.360	1.000	3.000	1.000	0.000	0.000
64.000	10741.000	1529.480	1.000	3.000	1.000	0.000	0.000
63.000	10741.000	1529.360	1.000	3.000	1.000	0.000	0.000
64.000	10739.000	1529.480	1.000	3.000	1.000	0.000	0.000
65.000	10739.000	1529.230	1.000	3.000	1.000	0.000	0.000
63.000	10740.000	1529.230	1.000	3.000	1.000	0.000	0.000
64.000	10738.000	1529.360	1.000	3.000	1.000	0.000	0.000
80.000	10742.000	1529.360	1.000	3.000	1.000	0.000	0.000
64.000	10739.000	1529.480	1.000	3.000	1.000	0.000	0.000
64.000	10741.000	1529.360	1.000	3.000	1.000	0.000	0.000
64.000	10740.000	1529.360	1.000	3.000	1.000	0.000	0.000
63.000	10735.000	1529.480	1.000	3.000	1.000	0.000	0.000
64.000	10737.000	1529.360	1.000	3.000	1.000	0.000	0.000
65.000	10735.000	1529.360	1.000	3.000	1.000	0.000	0.000
64.000	10736.000	1529.360	1.000	3.000	1.000	0.000	0.000
64.000	10732.000	1529.360	1.000	3.000	1.000	0.000	0.000
63.000	10736.000	1529.360	1.000	3.000	1.000	0.000	0.000
64.000	10736.000	1529.360	1.000	3.000	1.000	0.000	0.000
65.000	10737.000	1529.360	1.000	3.000	1.000	0.000	0.000
80.000	10730.000	1529.360	1.000	3.000	1.000	0.000	0.000
63.000	10735.000	1529.360	1.000	3.000	1.000	0.000	0.000
64.000	10733.000	1529.360	1.000	3.000	1.000	0.000	0.000
64.000	10731.000	1529.360	1.000	3.000	1.000	0.000	0.000
63.000	10730.000	1529.360	1.000	3.000	1.000	0.000	0.000
64.000	10733.000	1529.360	1.000	3.000	1.000	0.000	0.000
65.000	10734.000	1529.360	1.000	3.000	1.000	0.000	0.000
64.000	10731.000	1529.360	1.000	3.000	1.000	0.000	0.000
63.000	10733.000	1529.480	1.000	3.000	1.000	0.000	0.000
64.000	10727.000	1529.360	1.000	3.000	1.000	0.000	0.000
65.000	10732.000	1529.480	1.000	3.000	1.000	0.000	0.000
64.000	10735.000	1529.360	1.000	3.000	1.000	0.000	0.000
79.000	10723.000	1529.360	1.000	3.000	1.000	0.000	0.000
65.000	10729.000	1529.480	1.000	3.000	1.000	0.000	0.000
63.000	10730.000	1529.360	1.000	3.000	1.000	0.000	0.000
63.000	10729.000	1529.360	1.000	3.000	1.000	0.000	0.000
65.000	10730.000	1529.480	1.000	3.000	1.000	0.000	0.000
64.000	10727.000	1529.360	1.000	3.000	1.000	0.000	0.000
64.000	10729.000	1529.360	1.000	3.000	1.000	0.000	0.000
63.000	10729.000	1529.480	1.000	3.000	1.000	0.000	0.000
64.000	10732.000	1529.360	1.000	3.000	1.000	0.000	0.000
64.000	10725.000	1529.360	1.000	3.000	1.000	0.000	0.000
64.000	10727.000	1529.360	1.000	3.000	1.000	0.000	0.000
80.000	10725.000	1529.480	1.000	3.000	1.000	0.000	0.000
64.000	10729.000	1529.360	1.000	3.000	1.000	0.000	0.000
64.000	10725.000	1529.480	1.000	3.000	1.000	0.000	0.000
64.000	10726.000	1529.480	1.000	3.000	1.000	0.000	0.000
64.000	10725.000	1529.360	1.000	3.000	1.000	0.000	0.000
64.000	10724.000	1529.360	1.000	3.000	1.000	0.000	0.000
64.000	10726.000	1529.360	1.000	3.000	1.000	0.000	0.000
63.000	10722.000	1529.360	1.000	3.000	1.000	0.000	0.000
65.000	10720.000	1529.480	1.000	3.000	1.000	0.000	0.000
64.000	10725.000	1529.480	1.000	3.000	1.000	0.000	0.000
63.000	10724.000	1529.480	1.000	3.000	1.000	0.000	0.000
64.000	10720.000	1529.480	1.000	3.000	1.000	0.000	0.000
80.000	10726.000	1529.360	1.000	3.000	1.000	0.000	0.000
67.000	10723.000	1529.480	1.000	3.000	1.000	0.000	0.000
61.000	10724.000	1529.480	1.000	3.000	1.000	0.000	0.000
64.000	10722.000	1529.480	1.000	3.000	1.000	0.000	0.000
64.000	10721.000	1529.480	1.000	3.000	1.000	0.000	0.000
64.000	10721.000	1529.360	1.000	3.000	1.000	0.000	0.000
64.000	10720.000	1529.480	1.000	3.000	1.000	0.000	0.000
64.000	10718.000	1529.480	1.000	3.000	1.000	0.000	0.000
64.000	10719.000	1529.360	1.000	3.000	1.000	0.000	0.000
63.000	10719.000	1529.230	1.000	3.000	1.000	0.000	0.000
65.000	10722.000	1529.360	1.000	3.000	1.000	0.000	0.000
63.000	10720.000	1529.360	1.000	3.000	1.000	0.000	0.000
80.000	10718.000	1529.480	1.000	3.000	1.000	0.000	0.000
64.000	10719.000	1529.360	1.000	3.000	1.000	0.000	0.000
65.000	10716.000	1529.360	1.000	3.000	1.000	0.000	0.000
63.000	10718.000	1529.230	1.000	3.000	1.000	0.000	0.000
64.000	10717.000	1529.480	1.000	3.000	1.000	0.000	0.000
64.000	10714.000	1529.360	1.000	3.000	1.000	0.000	0.000
64.000	10720.000	1529.360	1.000	3.000	1.000	0.000	0.000
64.000	10718.000	1529.610	1.000	3.000	1.000	0.000	0.000
64.000	10716.000	1529.360	1.000	3.000	1.000	0.000	0.000
63.000	10715.000	1529.480	1.000	3.000	1.000	0.000	0.000
65.000	10712.000	1529.480	1.000	3.000	1.000	0.000	0.000
80.000	10717.000	1529.360	1.000	3.000	1.000	0.000	0.000
63.000	10711.000	1529.360	1.000	3.000	1.000	0.000	0.000
64.000	10713.000	1529.360	1.000	3.000	1.000	0.000	0.000
65.000	10712.000	1529.480	1.000	3.000	1.000	0.000	0.000
63.000	10717.000	1529.360	1.000	3.000	1.000	0.000	0.000
64.000	10712.000	1529.360	1.000	3.000	1.000	0.000	0.000
64.000	10710.000	1529.360	1.000	3.000	1.000	0.000	0.000
64.000	10716.000	1529.360	1.000	3.000	1.000	0.000	0.000
63.000	10714.000	1529.480	1.000	3.000	1.000	0.000	0.000
64.000	10709.000	1529.480	1.000	3.000	1.000	0.000	0.000
64.000	10707.000	1529.480	1.000	3.000	1.000	0.000	0.000
65.000	10708.000	1529.480	1.000	3.000	1.000	0.000	0.000
79.000	10710.000	1529.480	1.000	3.000	1.000	0.000	0.000
64.000	10710.000	1529.360	1.000	3.000	1.000	0.000	0.000
64.000	10708.000	1529.480	1.000	3.000	1.000	0.000	0.000
64.000	10709.000	1529.480	1.000	3.000	1.000	0.000	0.000
64.000	10712.000	1529.360	1.000	3.000	1.000	0.000	0.000
69.000	10708.000	1529.480	1.000	3.000	1.000	0.000	0.000
59.000	10708.000	1529.360	1.000	3.000	1.000	0.000	0.000
64.000	10704.000	1529.360	1.000	3.000	1.000	0.000	0.000
64.000	10710.000	1529.480	1.000	3.000	1.000	0.000	0.000
67.000	10709.000	1529.360	1.000	3.000	1.000	0.000	0.000
61.000	10707.000	1529.360	1.000	3.000	1.000	0.000	0.000
64.000	10703.000	1529.480	1.000	3.000	1.000	0.000	0.000
81.000	10704.000	1529.360	1.000	3.000	1.000	0.000	0.000
63.000	10705.000	1529.360	1.000	3.000	1.000	0.000	0.000
64.000	10704.000	1529.360	1.000	3.000	1.000	0.000	0.000
