Loop Time (ms)	IR (16 bit)	Force (N)	Force (N)	Color	Speed (mm/s)	Spatial (mm)	Angle (deg)
275.000	14308.000	1543.670	1.000	2.000	1.000	0.000	0.000
3283.000	14410.000	1543.410	1.000	2.000	1.000	0.000	0.000
64.000	14516.000	1543.540	1.000	2.000	1.000	0.000	0.000
63.000	14625.000	1543.540	1.000	2.000	1.000	0.000	0.000
81.000	14733.000	1543.670	1.000	2.000	1.000	0.000	0.000
64.000	14846.000	1543.540	1.000	2.000	1.000	0.000	0.000
64.000	14960.000	1543.540	1.000	2.000	1.000	0.000	0.000
64.000	15078.000	1543.540	1.000	2.000	1.000	0.000	0.000
64.000	15208.000	1543.540	1.000	2.000	1.000	0.000	0.000
63.000	15336.000	1543.540	1.000	2.000	1.000	0.000	0.000
64.000	15470.000	1543.670	1.000	2.000	1.000	0.000	0.000
64.000	15607.000	1543.540	1.000	2.000	1.000	0.000	0.000
64.000	15750.000	1543.540	1.000	2.000	1.000	0.000	0.000
65.000	15898.000	1543.670	1.000	2.000	1.000	0.000	0.000
63.000	16057.000	1543.670	1.000	2.000	1.000	0.000	0.000
64.000	16212.000	1543.540	1.000	2.000	1.000	0.000	0.000
80.000	16375.000	1543.540	1.000	2.000	1.000	0.000	0.000
64.000	16542.000	1543.540	1.000	2.000	1.000	0.000	0.000
63.000	16720.000	1543.670	1.000	2.000	1.000	0.000	0.000
65.000	16908.000	1543.540	1.000	2.000	1.000	0.000	0.000
63.000	17113.000	1543.540	1.000	2.000	1.000	0.000	0.000
64.000	17328.000	1543.540	1.000	2.000	1.000	0.000	0.000
64.000	17544.000	1543.800	1.000	2.000	1.000	0.000	0.000
64.000	17772.000	1543.800	1.000	2.000	1.000	0.000	0.000
64.000	17989.000	1543.930	1.000	2.000	1.000	0.000	0.000
64.000	18220.000	1544.310	1.000	2.000	1.000	0.000	0.000
64.000	18442.000	1544.440	1.000	2.000	1.000	0.000	0.000
64.000	18662.000	1545.080	1.000	2.000	1.000	0.000	0.000
80.000	18896.000	1545.330	1.000	2.000	1.000	0.000	0.000
64.000	19126.000	1545.590	1.000	2.000	1.000	0.000	0.000
64.000	19287.000	1545.840	1.000	2.000	1.000	0.000	0.000
64.000	19136.000	1545.460	1.000	2.000	1.000	0.000	0.000
64.000	18907.000	1545.080	1.000	2.000	1.000	0.000	0.000
63.000	18672.000	1544.950	1.000	2.000	1.000	0.000	0.000
65.000	18450.000	1544.570	1.000	2.000	1.000	0.000	0.000
63.000	18222.000	1544.310	1.000	2.000	1.000	0.000	0.000
64.000	17990.000	1544.180	1.000	2.000	1.000	0.000	0.000
64.000	17765.000	1543.930	1.000	2.000	1.000	0.000	0.000
64.000	17544.000	1543.930	1.000	2.000	1.000	0.000	0.000
80.000	17324.000	1543.930	1.000	2.000	1.000	0.000	0.000
64.000	17111.000	1543.670	1.000	2.000	1.000	0.000	0.000
64.000	16921.000	1543.670	1.000	2.000	1.000	0.000	0.000
64.000	16739.000	1543.670	1.000	2.000	1.000	0.000	0.000
63.000	16557.000	1543.670	1.000	2.000	1.000	0.000	0.000
64.000	16383.000	1543.670	1.000	2.000	1.000	0.000	0.000
64.000	16218.000	1543.670	1.000	2.000	1.000	0.000	0.000
65.000	16059.000	1543.670	1.000	2.000	1.000	0.000	0.000
63.000	15910.000	1543.800	1.000	2.000	1.000	0.000	0.000
65.000	15771.000	1543.540	1.000	2.000	1.000	0.000	0.000
63.000	15614.000	1543.540	1.000	2.000	1.000	0.000	0.000
64.000	15479.000	1543.670	1.000	2.000	1.000	0.000	0.000
80.000	15349.000	1543.540	1.000	2.000	1.000	0.000	0.000
64.000	15220.000	1543.670	1.000	2.000	1.000	0.000	0.000
64.000	15093.000	1543.540	1.000	2.000	1.000	0.000	0.000
64.000	14973.000	1543.670	1.000	2.000	1.000	0.000	0.000
64.000	14853.000	1543.540	1.000	2.000	1.000	0.000	0.000
64.000	14740.000	1543.670	1.000	2.000	1.000	0.000	0.000
63.000	14634.000	1543.410	1.000	2.000	1.000	0.000	0.000
65.000	14525.000	1543.540	1.000	2.000	1.000	0.000	0.000
63.000	14419.000	1543.670	1.000	2.000	1.000	0.000	0.000
65.000	14322.000	1543.540	1.000	2.000	1.000	0.000	0.000
63.000	14225.000	1543.540	1.000	2.000	1.000	0.000	0.000
64.000	14131.000	1543.540	1.000	2.000	1.000	0.000	0.000
80.000	14039.000	1543.670	1.000	2.000	1.000	0.000	0.000
64.000	13956.000	1543.540	1.000	2.000	1.000	0.000	0.000
64.000	13860.000	1543.540	1.000	2.000	1.000	0.000	0.000
64.000	13783.000	1543.540	1.000	2.000	1.000	0.000	0.000
64.000	13788.000	1543.670	1.000	2.000	1.000	0.000	0.000
64.000	13820.000	1543.540	1.000	2.000	1.000	0.000	0.000
63.000	13820.000	1543.540	1.000	2.000	1.000	0.000	0.000
65.000	13821.000	1543.540	1.000	2.000	1.000	0.000	0.000
63.000	13821.000	1543.540	1.000	2.000	1.000	0.000	0.000
64.000	13819.000	1543.540	1.000	2.000	1.000	0.000	0.000
65.000	13824.000	1543.670	1.000	2.000	1.000	0.000	0.000
80.000	13825.000	1543.540	1.000	2.000	1.000	0.000	0.000
63.000	13818.000	1543.670	1.000	2.000	1.000	0.000	0.000
64.000	13820.000	1543.540	1.000	2.000	1.000	0.000	0.000
64.000	13826.000	1543.540	1.000	2.000	1.000	0.000	0.000
64.000	13825.000	1543.670	1.000	2.000	1.000	0.000	0.000
64.000	13824.000	1543.540	1.000	2.000	1.000	0.000	0.000
63.000	13823.000	1543.410	1.000	2.000	1.000	0.000	0.000
64.000	13822.000	1543.540	1.000	2.000	1.000	0.000	0.000
64.000	13820.000	1543.540	1.000	2.000	1.000	0.000	0.000
64.000	13821.000	1543.670	1.000	2.000	1.000	0.000	0.000
65.000	13825.000	1543.670	1.000	2.000	1.000	0.000	0.000
64.000	13820.000	1543.670	1.000	2.000	1.000	0.000	0.000
79.000	13825.000	1543.540	1.000	2.000	1.000	0.000	0.000
64.000	13829.000	1543.670	1.000	2.000	1.000	0.000	0.000
64.000	13823.000	1543.540	1.000	2.000	1.000	0.000	0.000
64.000	13825.000	1543.540	1.000	2.000	1.000	0.000	0.000
64.000	13824.000	1543.670	1.000	2.000	1.000	0.000	0.000
64.000	13827.000	1543.670	1.000	2.000	1.000	0.000	0.000
64.000	13827.000	1543.540	1.000	2.000	1.000	0.000	0.000
64.000	13826.000	1543.540	1.000	2.000	1.000	0.000	0.000
64.000	13821.000	1543.540	1.000	2.000	1.000	0.000	0.000
64.000	13825.000	1543.540	1.000	2.000	1.000	0.000	0.000
64.000	13821.000	1543.540	1.000	2.000	1.000	0.000	0.000
63.000	13825.000	1543.670	1.000	2.000	1.000	0.000	0.000
80.000	13825.000	1543.540	1.000	2.000	1.000	0.000	0.000
64.000	13826.000	1543.540	1.000	2.000	1.000	0.000	0.000
64.000	13822.000	1543.670	1.000	2.000	1.000	0.000	0.000
64.000	13819.000	1543.670	1.000	2.000	1.000	0.000	0.000
64.000	13821.000	1543.670	1.000	2.000	1.000	0.000	0.000
64.000	13828.000	1543.540	1.000	2.000	1.000	0.000	0.000
64.000	13822.000	1543.540	1.000	2.000	1.000	0.000	0.000
64.000	13821.000	1543.540	1.000	2.000	1.000	0.000	0.000
64.000	13825.000	1543.670	1.000	2.000	1.000	0.000	0.000
63.000	13828.000	1543.670	1.000	2.000	1.000	0.000	0.000
65.000	13823.000	1543.540	1.000	2.000	1.000	0.000	0.000
79.000	13825.000	1543.540	1.000	2.000	1.000	0.000	0.000
64.000	13823.000	1543.540	1.000	2.000	1.000	0.000	0.000
64.000	13830.000	1543.540	1.000	2.000	1.000	0.000	0.000
64.000	13823.000	1543.540	1.000	2.000	1.000	0.000	0.000
64.000	13821.000	1543.670	1.000	2.000	1.000	0.000	0.000
64.000	13824.000	1543.540	1.000	2.000	1.000	0.000	0.000
64.000	13830.000	1543.670	1.000	2.000	1.000	0.000	0.000
64.000	13828.000	1543.540	1.000	2.000	1.000	0.000	0.000
64.000	13830.000	1543.540	1.000	2.000	1.000	0.000	0.000
64.000	13823.000	1543.540	1.000	2.000	1.000	0.000	0.000
64.000	13825.000	1543.670	1.000	2.000	1.000	0.000	0.000
64.000	13827.000	1543.540	1.000	2.000	1.000	0.000	0.000
79.000	13828.000	1543.670	1.000	2.000	1.000	0.000	0.000
65.000	13823.000	1543.670	1.000	2.000	1.000	0.000	0.000
63.000	13819.000	1543.540	1.000	2.000	1.000	0.000	0.000
64.000	13829.000	1543.540	1.000	2.000	1.000	0.000	0.000
64.000	13824.000	1543.540	1.000	2.000	1.000	0.000	0.000
64.000	13824.000	1543.540	1.000	2.000	1.000	0.000	0.000
64.000	13828.000	1543.540	1.000	2.000	1.000	0.000	0.000
64.000	13825.000	1543.540	1.000	2.000	1.000	0.000	0.000
64.000	13825.000	1543.670	1.000	2.000	1.000	0.000	0.000
64.000	13824.000	1543.540	1.000	2.000	1.000	0.000	0.000
64.000	13843.000	1543.540	1.000	2.000	1.000	0.000	0.000
63.000	13932.000	1543.670	1.000	2.000	1.000	0.000	0.000
81.000	14019.000	1543.670	1.000	2.000	1.000	0.000	0.000
64.000	14100.000	1543.540	1.000	2.000	1.000	0.000	0.000
64.000	14201.000	1543.540	1.000	2.000	1.000	0.000	0.000
63.000	14298.000	1543.540	1.000	2.000	1.000	0.000	0.000
64.000	14402.000	1543.670	1.000	2.000	1.000	0.000	0.000
64.000	14498.000	1543.670	1.000	2.000	1.000	0.000	0.000
64.000	14609.000	1543.670	1.000	2.000	1.000	0.000	0.000
64.000	14713.000	1543.670	1.000	2.000	1.000	0.000	0.000
64.000	14825.000	1543.540	1.000	2.000	1.000	0.000	0.000
64.000	14943.000	1543.540	1.000	2.000	1.000	0.000	0.000
64.000	15061.000	1543.540	1.000	2.000	1.000	0.000	0.000
79.000	15182.000	1543.540	1.000	2.000	1.000	0.000	0.000
65.000	15312.000	1543.670	1.000	2.000	1.000	0.000	0.000
64.000	15444.000	1543.540	1.000	2.000	1.000	0.000	0.000
63.000	15581.000	1543.670	1.000	2.000	1.000	0.000	0.000
64.000	15726.000	1543.540	1.000	2.000	1.000	0.000	0.000
65.000	15874.000	1543.540	1.000	2.000	1.000	0.000	0.000
63.000	16024.000	1543.540	1.000	2.000	1.000	0.000	0.000
64.000	16181.000	1543.670	1.000	2.000	1.000	0.000	0.000
64.000	16342.000	1543.670	1.000	2.000	1.000	0.000	0.000
64.000	16516.000	1543.670	1.000	2.000	1.000	0.000	0.000
64.000	16688.000	1543.540	1.000	2.000	1.000	0.000	0.000
64.000	16875.000	1543.540	1.000	2.000	1.000	0.000	0.000
80.000	17073.000	1543.540	1.000	2.000	1.000	0.000	0.000
64.000	17287.000	1543.670	1.000	2.000	1.000	0.000	0.000
64.000	17499.000	1543.800	1.000	2.000	1.000	0.000	0.000
64.000	17721.000	1543.800	1.000	2.000	1.000	0.000	0.000
63.000	17939.000	1543.930	1.000	2.000	1.000	0.000	0.000
65.000	18167.000	1544.180	1.000	2.000	1.000	0.000	0.000
63.000	18391.000	1544.570	1.000	2.000	1.000	0.000	0.000
65.000	18616.000	1544.820	1.000	2.000	1.000	0.000	0.000
64.000	18846.000	1545.080	1.000	2.000	1.000	0.000	0.000
63.000	19068.000	1545.460	1.000	2.000	1.000	0.000	0.000
64.000	19282.000	1545.840	1.000	2.000	1.000	0.000	0.000
64.000	19222.000	1545.590	1.000	2.000	1.000	0.000	0.000
80.000	18986.000	1545.330	1.000	2.000	1.000	0.000	0.000
63.000	18759.000	1544.950	1.000	2.000	1.000	0.000	0.000
65.000	18539.000	1544.690	1.000	2.000	1.000	0.000	0.000
64.000	18307.000	1544.440	1.000	2.000	1.000	0.000	0.000
63.000	18078.000	1544.310	1.000	2.000	1.000	0.000	0.000
65.000	17848.000	1543.930	1.000	2.000	1.000	0.000	0.000
64.000	17629.000	1543.930	1.000	2.000	1.000	0.000	0.000
63.000	17411.000	1543.800	1.000	2.000	1.000	0.000	0.000
64.000	17197.000	1543.800	1.000	2.000	1.000	0.000	0.000
64.000	16998.000	1543.670	1.000	2.000	1.000	0.000	0.000
65.000	16807.000	1543.800	1.000	2.000	1.000	0.000	0.000
63.000	16625.000	1543.540	1.000	2.000	1.000	0.000	0.000
80.000	16452.000	1543.670	1.000	2.000	1.000	0.000	0.000
64.000	16287.000	1543.670	1.000	2.000	1.000	0.000	0.000
64.000	16131.000	1543.670	1.000	2.000	1.000	0.000	0.000
64.000	15978.000	1543.670	1.000	2.000	1.000	0.000	0.000
64.000	15831.000	1543.670	1.000	2.000	1.000	0.000	0.000
64.000	15686.000	1543.670	1.000	2.000	1.000	0.000	0.000
64.000	15541.000	1543.670	1.000	2.000	1.000	0.000	0.000
64.000	15407.000	1543.540	1.000	2.000	1.000	0.000	0.000
64.000	15273.000	1543.670	1.000	2.000	1.000	0.000	0.000
63.000	15147.000	1543.540	1.000	2.000	1.000	0.000	0.000
64.000	15029.000	1543.670	1.000	2.000	1.000	0.000	0.000
81.000	14909.000	1543.670	1.000	2.000	1.000	0.000	0.000
63.000	14795.000	1543.540	1.000	2.000	1.000	0.000	0.000
64.000	14686.000	1543.670	1.000	2.000	1.000	0.000	0.000
64.000	14567.000	1543.540	1.000	2.000	1.000	0.000	0.000
64.000	14465.000	1543.670	1.000	2.000	1.000	0.000	0.000
64.000	14365.000	1543.540	1.000	2.000	1.000	0.000	0.000
64.000	14276.000	1543.670	1.000	2.000	1.000	0.000	0.000
64.000	14174.000	1543.670	1.000	2.000	1.000	0.000	0.000
63.000	14082.000	1543.670	1.000	2.000	1.000	0.000	0.000
64.000	13996.000	1543.540	1.000	2.000	1.000	0.000	0.000
64.000	13900.000	1543.670	1.000	2.000	1.000	0.000	0.000
64.000	13825.000	1543.670	1.000	2.000	1.000	0.000	0.000
80.000	13766.000	1543.670	1.000	2.000	1.000	0.000	0.000
64.000	13827.000	1543.540	1.000	2.000	1.000	0.000	0.000
64.000	13834.000	1543.540	1.000	2.000	1.000	0.000	0.000
64.000	13842.000	1543.670	1.000	2.000	1.000	0.000	0.000
64.000	13839.000	1543.670	1.000	2.000	1.000	0.000	0.000
64.000	13838.000	1543.540	1.000	2.000	1.000	0.000	0.000
64.000	13829.000	1543.540	1.000	2.000	1.000	0.000	0.000
64.000	13834.000	1543.670	1.000	2.000	1.000	0.000	0.000
64.000	13833.000	1543.540	1.000	2.000	1.000	0.000	0.000
63.000	13835.000	1543.670	1.000	2.000	1.000	0.000	0.000
64.000	13836.000	1543.670	1.000	2.000	1.000	0.000	0.000
64.000	13838.000	1543.540	1.000	2.000	1.000	0.000	0.000
80.000	13838.000	1543.670	1.000	2.000	1.000	0.000	0.000
64.000	13833.000	1543.670	1.000	2.000	1.000	0.000	0.000
64.000	13833.000	1543.540	1.000	2.000	1.000	0.000	0.000
64.000	13838.000	1543.540	1.000	2.000	1.000	0.000	0.000
64.000	13833.000	1543.540	1.000	2.000	1.000	0.000	0.000
64.000	13839.000	1543.540	1.000	2.000	1.000	0.000	0.000
64.000	13841.000	1543.670	1.000	2.000	1.000	0.000	0.000
64.000	13839.000	1543.670	1.000	2.000	1.000	0.000	0.000
63.000	13837.000	1543.670	1.000	2.000	1.000	0.000	0.000
65.000	13833.000	1543.540	1.000	2.000	1.000	0.000	0.000
64.000	13836.000	1543.540	1.000	2.000	1.000	0.000	0.000
79.000	13833.000	1543.670	1.000	2.000	1.000	0.000	0.000
64.000	13835.000	1543.540	1.000	2.000	1.000	0.000	0.000
64.000	13832.000	1543.540	1.000	2.000	1.000	0.000	0.000
64.000	13833.000	1543.540	1.000	2.000	1.000	0.000	0.000
63.000	13828.000	1543.540	1.000	2.000	1.000	0.000	0.000
65.000	13834.000	1543.540	1.000	2.000	1.000	0.000	0.000
64.000	13834.000	1543.540	1.000	2.000	1.000	0.000	0.000
64.000	13836.000	1543.540	1.000	2.000	1.000	0.000	0.000
64.000	13835.000	1543.540	1.000	2.000	1.000	0.000	0.000
64.000	13830.000	1543.540	1.000	2.000	1.000	0.000	0.000
64.000	13831.000	1543.540	1.000	2.000	1.000	0.000	0.000
64.000	13837.000	1543.540	1.000	2.000	1.000	0.000	0.000
79.000	13836.000	1543.540	1.000	2.000	1.000	0.000	0.000
64.000	13838.000	1543.670	1.000	2.000	1.000	0.000	0.000
65.000	13840.000	1543.540	1.000	2.000	1.000	0.000	0.000
63.000	13835.000	1543.670	1.000	2.000	1.000	0.000	0.000
64.000	13836.000	1543.670	1.000	2.000	1.000	0.000	0.000
64.000	13839.000	1543.670	1.000	2.000	1.000	0.000	0.000
64.000	13842.000	1543.540	1.000	2.000	1.000	0.000	0.000
64.000	13834.000	1543.540	1.000	2.000	1.000	0.000	0.000
64.000	13839.000	1543.540	1.000	2.000	1.000	0.000	0.000
64.000	13842.000	1543.540	1.000	2.000	1.000	0.000	0.000
63.000	13841.000	1543.540	1.000	2.000	1.000	0.000	0.000
65.000	13839.000	1543.540	1.000	2.000	1.000	0.000	0.000
80.000	13841.000	1543.670	1.000	2.000	1.000	0.000	0.000
64.000	13832.000	1543.670	1.000	2.000	1.000	0.000	0.000
64.000	13839.000	1543.670	1.000	2.000	1.000	0.000	0.000
63.000	13838.000	1543.670	1.000	2.000	1.000	0.000	0.000
64.000	13837.000	1543.670	1.000	2.000	1.000	0.000	0.000
65.000	13834.000	1543.540	1.000	2.000	1.000	0.000	0.000
63.000	13840.000	1543.540	1.000	2.000	1.000	0.000	0.000
64.000	13841.000	1543.670	1.000	2.000	1.000	0.000	0.000
64.000	13839.000	1543.540	1.000	2.000	1.000	0.000	0.000
64.000	13837.000	1543.540	1.000	2.000	1.000	0.000	0.000
64.000	13837.000	1543.540	1.000	2.000	1.000	0.000	0.000
79.000	13837.000	1543.670	1.000	2.000	1.000	0.000	0.000
65.000	13842.000	1543.540	1.000	2.000	1.000	0.000	0.000
64.000	13835.000	1543.670	1.000	2.000	1.000	0.000	0.000
63.000	13839.000	1543.670	1.000	2.000	1.000	0.000	0.000
64.000	13835.000	1543.540	1.000	2.000	1.000	0.000	0.000
64.000	13840.000	1543.670	1.000	2.000	1.000	0.000	0.000
64.000	13842.000	1543.540	1.000	2.000	1.000	0.000	0.000
64.000	13900.000	1543.540	1.000	2.000	1.000	0.000	0.000
64.000	13992.000	1543.540	1.000	2.000	1.000	0.000	0.000
64.000	14071.000	1543.540	1.000	2.000	1.000	0.000	0.000
64.000	14165.000	1543.670	1.000	2.000	1.000	0.000	0.000
64.000	14270.000	1543.540	1.000	2.000	1.000	0.000	0.000
80.000	14366.000	1543.540	1.000	2.000	1.000	0.000	0.000
63.000	14461.000	1543.670	1.000	2.000	1.000	0.000	0.000
64.000	14566.000	1543.670	1.000	2.000	1.000	0.000	0.000
64.000	14678.000	1543.540	1.000	2.000	1.000	0.000	0.000
64.000	14786.000	1543.670	1.000	2.000	1.000	0.000	0.000
64.000	14901.000	1543.540	1.000	2.000	1.000	0.000	0.000
64.000	15021.000	1543.540	1.000	2.000	1.000	0.000	0.000
63.000	15141.000	1543.540	1.000	2.000	1.000	0.000	0.000
65.000	15266.000	1543.540	1.000	2.000	1.000	0.000	0.000
64.000	15400.000	1543.670	1.000	2.000	1.000	0.000	0.000
64.000	15534.000	1543.670	1.000	2.000	1.000	0.000	0.000
64.000	15666.000	1543.540	1.000	2.000	1.000	0.000	0.000
80.000	15824.000	1543.540	1.000	2.000	1.000	0.000	0.000
63.000	15971.000	1543.540	1.000	2.000	1.000	0.000	0.000
64.000	16121.000	1543.540	1.000	2.000	1.000	0.000	0.000
65.000	16280.000	1543.670	1.000	2.000	1.000	0.000	0.000
63.000	16445.000	1543.540	1.000	2.000	1.000	0.000	0.000
65.000	16623.000	1543.670	1.000	2.000	1.000	0.000	0.000
63.000	16798.000	1543.540	1.000	2.000	1.000	0.000	0.000
64.000	16991.000	1543.540	1.000	2.000	1.000	0.000	0.000
64.000	17199.000	1543.670	1.000	2.000	1.000	0.000	0.000
64.000	17413.000	1543.670	1.000	2.000	1.000	0.000	0.000
64.000	17635.000	1543.930	1.000	2.000	1.000	0.000	0.000
80.000	17854.000	1543.800	1.000	2.000	1.000	0.000	0.000
64.000	18075.000	1544.050	1.000	2.000	1.000	0.000	0.000
64.000	18301.000	1544.310	1.000	2.000	1.000	0.000	0.000
64.000	18527.000	1544.690	1.000	2.000	1.000	0.000	0.000
64.000	18751.000	1545.080	1.000	2.000	1.000	0.000	0.000
64.000	18976.000	1545.330	1.000	2.000	1.000	0.000	0.000
63.000	19202.000	1545.590	1.000	2.000	1.000	0.000	0.000
64.000	19304.000	1545.840	1.000	2.000	1.000	0.000	0.000
64.000	19113.000	1545.460	1.000	2.000	1.000	0.000	0.000
64.000	18884.000	1545.200	1.000	2.000	1.000	0.000	0.000
64.000	18657.000	1544.820	1.000	2.000	1.000	0.000	0.000
64.000	18426.000	1544.570	1.000	2.000	1.000	0.000	0.000
80.000	18207.000	1544.440	1.000	2.000	1.000	0.000	0.000
64.000	17967.000	1544.180	1.000	2.000	1.000	0.000	0.000
64.000	17749.000	1543.930	1.000	2.000	1.000	0.000	0.000
63.000	17526.000	1543.930	1.000	2.000	1.000	0.000	0.000
64.000	17309.000	1543.800	1.000	2.000	1.000	0.000	0.000
64.000	17102.000	1543.800	1.000	2.000	1.000	0.000	0.000
64.000	16914.000	1543.800	1.000	2.000	1.000	0.000	0.000
65.000	16722.000	1543.800	1.000	2.000	1.000	0.000	0.000
63.000	16543.000	1543.540	1.000	2.000	1.000	0.000	0.000
64.000	16377.000	1543.670	1.000	2.000	1.000	0.000	0.000
64.000	16213.000	1543.670	1.000	2.000	1.000	0.000	0.000
64.000	16056.000	1543.670	1.000	2.000	1.000	0.000	0.000
80.000	15903.000	1543.540	1.000	2.000	1.000	0.000	0.000
64.000	15765.000	1543.670	1.000	2.000	1.000	0.000	0.000
64.000	15610.000	1543.540	1.000	2.000	1.000	0.000	0.000
64.000	15475.000	1543.670	1.000	2.000	1.000	0.000	0.000
64.000	15343.000	1543.670	1.000	2.000	1.000	0.000	0.000
63.000	15217.000	1543.540	1.000	2.000	1.000	0.000	0.000
64.000	15090.000	1543.670	1.000	2.000	1.000	0.000	0.000
64.000	14977.000	1543.670	1.000	2.000	1.000	0.000	0.000
64.000	14858.000	1543.540	1.000	2.000	1.000	0.000	0.000
65.000	14742.000	1543.540	1.000	2.000	1.000	0.000	0.000
63.000	14639.000	1543.670	1.000	2.000	1.000	0.000	0.000
80.000	14528.000	1543.540	1.000	2.000	1.000	0.000	0.000
64.000	14423.000	1543.800	1.000	2.000	1.000	0.000	0.000
64.000	14325.000	1543.540	1.000	2.000	1.000	0.000	0.000
64.000	14231.000	1543.540	1.000	2.000	1.000	0.000	0.000
64.000	14136.000	1543.540	1.000	2.000	1.000	0.000	0.000
64.000	14043.000	1543.540	1.000	2.000	1.000	0.000	0.000
63.000	13957.000	1543.540	1.000	2.000	1.000	0.000	0.000
64.000	13868.000	1543.540	1.000	2.000	1.000	0.000	0.000
65.000	13785.000	1543.540	1.000	2.000	1.000	0.000	0.000
64.000	13776.000	1543.540	1.000	2.000	1.000	0.000	0.000
63.000	13841.000	1543.540	1.000	2.000	1.000	0.000	0.000
64.000	13847.000	1543.540	1.000	2.000	1.000	0.000	0.000
80.000	13845.000	1543.670	1.000	2.000	1.000	0.000	0.000
64.000	13844.000	1543.540	1.000	2.000	1.000	0.000	0.000
64.000	13842.000	1543.670	1.000	2.000	1.000	0.000	0.000
64.000	13846.000	1543.540	1.000	2.000	1.000	0.000	0.000
64.000	13844.000	1543.670	1.000	2.000	1.000	0.000	0.000
64.000	13846.000	1543.540	1.000	2.000	1.000	0.000	0.000
63.000	13846.000	1543.670	1.000	2.000	1.000	0.000	0.000
64.000	13842.000	1543.540	1.000	2.000	1.000	0.000	0.000
64.000	13845.000	1543.540	1.000	2.000	1.000	0.000	0.000
64.000	13842.000	1543.670	1.000	2.000	1.000	0.000	0.000
65.000	13845.000	1543.670	1.000	2.000	1.000	0.000	0.000
63.000	13847.000	1543.540	1.000	2.000	1.000	0.000	0.000
80.000	13838.000	1543.540	1.000	2.000	1.000	0.000	0.000
64.000	13847.000	1543.670	1.000	2.000	1.000	0.000	0.000
64.000	13849.000	1543.540	1.000	2.000	1.000	0.000	0.000
64.000	13850.000	1543.670	1.000	2.000	1.000	0.000	0.000
64.000	13851.000	1543.670	1.000	2.000	1.000	0.000	0.000
64.000	13845.000	1543.540	1.000	2.000	1.000	0.000	0.000
64.000	13843.000	1543.540	1.000	2.000	1.000	0.000	0.000
63.000	13845.000	1543.540	1.000	2.000	1.000	0.000	0.000
65.000	13848.000	1543.670	1.000	2.000	1.000	0.000	0.000
64.000	13846.000	1543.540	1.000	2.000	1.000	0.000	0.000
63.000	13845.000	1543.670	1.000	2.000	1.000	0.000	0.000
81.000	13845.000	1543.670	1.000	2.000	1.000	0.000	0.000
63.000	13846.000	1543.670	1.000	2.000	1.000	0.000	0.000
65.000	13844.000	1543.670	1.000	2.000	1.000	0.000	0.000
63.000	13848.000	1543.540	1.000	2.000	1.000	0.000	0.000
64.000	13844.000	1543.540	1.000	2.000	1.000	0.000	0.000
64.000	13845.000	1543.540	1.000	2.000	1.000	0.000	0.000
64.000	13843.000	1543.670	1.000	2.000	1.000	0.000	0.000
63.000	13844.000	1543.670	1.000	2.000	1.000	0.000	0.000
65.000	13851.000	1543.670	1.000	2.000	1.000	0.000	0.000
63.000	13846.000	1543.670	1.000	2.000	1.000	0.000	0.000
64.000	13846.000	1543.540	1.000	2.000	1.000	0.000	0.000
64.000	13849.000	1543.670	1.000	2.000	1.000	0.000	0.000
80.000	13849.000	1543.540	1.000	2.000	1.000	0.000	0.000
64.000	13849.000	1543.540	1.000	2.000	1.000	0.000	0.000
64.000	13850.000	1543.670	1.000	2.000	1.000	0.000	0.000
65.000	13844.000	1543.540	1.000	2.000	1.000	0.000	0.000
63.000	13850.000	1543.670	1.000	2.000	1.000	0.000	0.000
64.000	13846.000	1543.540	1.000	2.000	1.000	0.000	0.000
64.000	13851.000	1543.540	1.000	2.000	1.000	0.000	0.000
64.000	13849.000	1543.540	1.000	2.000	1.000	0.000	0.000
64.000	13845.000	1543.670	1.000	2.000	1.000	0.000	0.000
63.000	13848.000	1543.540	1.000	2.000	1.000	0.000	0.000
65.000	13842.000	1543.670	1.000	2.000	1.000	0.000	0.000
63.000	13843.000	1543.540	1.000	2.000	1.000	0.000	0.000
81.000	13844.000	1543.670	1.000	2.000	1.000	0.000	0.000
63.000	13849.000	1543.670	1.000	2.000	1.000	0.000	0.000
64.000	13848.000	1543.540	1.000	2.000	1.000	0.000	0.000
64.000	13850.000	1543.410	1.000	2.000	1.000	0.000	0.000
64.000	13849.000	1543.540	1.000	2.000	1.000	0.000	0.000
64.000	13849.000	1543.670	1.000	2.000	1.000	0.000	0.000
63.000	13846.000	1543.670	1.000	2.000	1.000	0.000	0.000
65.000	13849.000	1543.540	1.000	2.000	1.000	0.000	0.000
64.000	13848.000	1543.540	1.000	2.000	1.000	0.000	0.000
64.000	13847.000	1543.540	1.000	2.000	1.000	0.000	0.000
64.000	13845.000	1543.540	1.000	2.000	1.000	0.000	0.000
79.000	13852.000	1543.540	1.000	2.000	1.000	0.000	0.000
64.000	13847.000	1543.410	1.000	2.000	1.000	0.000	0.000
65.000	13851.000	1543.670	1.000	2.000	1.000	0.000	0.000
63.000	13859.000	1543.670	1.000	2.000	1.000	0.000	0.000
65.000	13939.000	1543.670	1.000	2.000	1.000	0.000	0.000
63.000	14033.000	1543.540	1.000	2.000	1.000	0.000	0.000
64.000	14117.000	1543.540	1.000	2.000	1.000	0.000	0.000
64.000	14216.000	1543.540	1.000	2.000	1.000	0.000	0.000
64.000	14308.000	1543.540	1.000	2.000	1.000	0.000	0.000
64.000	14410.000	1543.670	1.000	2.000	1.000	0.000	0.000
64.000	14510.000	1543.540	1.000	2.000	1.000	0.000	0.000
63.000	14620.000	1543.540	1.000	2.000	1.000	0.000	0.000
80.000	14726.000	1543.540	1.000	2.000	1.000	0.000	0.000
65.000	14839.000	1543.540	1.000	2.000	1.000	0.000	0.000
64.000	14957.000	1543.670	1.000	2.000	1.000	0.000	0.000
63.000	15075.000	1543.670	1.000	2.000	1.000	0.000	0.000
64.000	15200.000	1543.540	1.000	2.000	1.000	0.000	0.000
64.000	15325.000	1543.540	1.000	2.000	1.000	0.000	0.000
64.000	15460.000	1543.670	1.000	2.000	1.000	0.000	0.000
64.000	15599.000	1543.540	1.000	2.000	1.000	0.000	0.000
64.000	15745.000	1543.670	1.000	2.000	1.000	0.000	0.000
64.000	15885.000	1543.540	1.000	2.000	1.000	0.000	0.000
64.000	16041.000	1543.540	1.000	2.000	1.000	0.000	0.000
64.000	16196.000	1543.670	1.000	2.000	1.000	0.000	0.000
80.000	16356.000	1543.540	1.000	2.000	1.000	0.000	0.000
64.000	16526.000	1543.670	1.000	2.000	1.000	0.000	0.000
64.000	16697.000	1543.670	1.000	2.000	1.000	0.000	0.000
64.000	16883.000	1543.540	1.000	2.000	1.000	0.000	0.000
63.000	17084.000	1543.670	1.000	2.000	1.000	0.000	0.000
64.000	17294.000	1543.670	1.000	2.000	1.000	0.000	0.000
65.000	17513.000	1543.670	1.000	2.000	1.000	0.000	0.000
63.000	17734.000	1543.800	1.000	2.000	1.000	0.000	0.000
64.000	17949.000	1544.050	1.000	2.000	1.000	0.000	0.000
64.000	18173.000	1544.180	1.000	2.000	1.000	0.000	0.000
64.000	18400.000	1544.440	1.000	2.000	1.000	0.000	0.000
79.000	18622.000	1544.820	1.000	2.000	1.000	0.000	0.000
65.000	18847.000	1545.080	1.000	2.000	1.000	0.000	0.000
64.000	19081.000	1545.590	1.000	2.000	1.000	0.000	0.000
64.000	19309.000	1545.970	1.000	2.000	1.000	0.000	0.000
64.000	19334.000	1545.840	1.000	2.000	1.000	0.000	0.000
63.000	19106.000	1545.460	1.000	2.000	1.000	0.000	0.000
64.000	18880.000	1545.080	1.000	2.000	1.000	0.000	0.000
64.000	18654.000	1544.820	1.000	2.000	1.000	0.000	0.000
64.000	18425.000	1544.570	1.000	2.000	1.000	0.000	0.000
64.000	18202.000	1544.440	1.000	2.000	1.000	0.000	0.000
64.000	17969.000	1544.050	1.000	2.000	1.000	0.000	0.000
64.000	17742.000	1543.930	1.000	2.000	1.000	0.000	0.000
80.000	17523.000	1543.800	1.000	2.000	1.000	0.000	0.000
64.000	17311.000	1543.800	1.000	2.000	1.000	0.000	0.000
63.000	17094.000	1543.800	1.000	2.000	1.000	0.000	0.000
65.000	16912.000	1543.800	1.000	2.000	1.000	0.000	0.000
63.000	16722.000	1543.670	1.000	2.000	1.000	0.000	0.000
64.000	16540.000	1543.670	1.000	2.000	1.000	0.000	0.000
64.000	16373.000	1543.670	1.000	2.000	1.000	0.000	0.000
64.000	16214.000	1543.670	1.000	2.000	1.000	0.000	0.000
64.000	16052.000	1543.800	1.000	2.000	1.000	0.000	0.000
64.000	15901.000	1543.670	1.000	2.000	1.000	0.000	0.000
64.000	15761.000	1543.670	1.000	2.000	1.000	0.000	0.000
64.000	15612.000	1543.670	1.000	2.000	1.000	0.000	0.000
80.000	15478.000	1543.670	1.000	2.000	1.000	0.000	0.000
64.000	15344.000	1543.670	1.000	2.000	1.000	0.000	0.000
64.000	15217.000	1543.670	1.000	2.000	1.000	0.000	0.000
64.000	15087.000	1543.670	1.000	2.000	1.000	0.000	0.000
63.000	14972.000	1543.540	1.000	2.000	1.000	0.000	0.000
64.000	14861.000	1543.540	1.000	2.000	1.000	0.000	0.000
64.000	14746.000	1543.540	1.000	2.000	1.000	0.000	0.000
65.000	14637.000	1543.540	1.000	2.000	1.000	0.000	0.000
64.000	14530.000	1543.670	1.000	2.000	1.000	0.000	0.000
63.000	14427.000	1543.670	1.000	2.000	1.000	0.000	0.000
64.000	14329.000	1543.540	1.000	2.000	1.000	0.000	0.000
80.000	14230.000	1543.670	1.000	2.000	1.000	0.000	0.000
64.000	14135.000	1543.670	1.000	2.000	1.000	0.000	0.000
63.000	14046.000	1543.670	1.000	2.000	1.000	0.000	0.000
64.000	13955.000	1543.670	1.000	2.000	1.000	0.000	0.000
64.000	13875.000	1543.670	1.000	2.000	1.000	0.000	0.000
65.000	13793.000	1543.670	1.000	2.000	1.000	0.000	0.000
63.000	13795.000	1543.670	1.000	2.000	1.000	0.000	0.000
64.000	13858.000	1543.540	1.000	2.000	1.000	0.000	0.000
64.000	13849.000	1543.540	1.000	2.000	1.000	0.000	0.000
64.000	13855.000	1543.670	1.000	2.000	1.000	0.000	0.000
64.000	13849.000	1543.540	1.000	2.000	1.000	0.000	0.000
64.000	13857.000	1543.540	1.000	2.000	1.000	0.000	0.000
79.000	13865.000	1543.540	1.000	2.000	1.000	0.000	0.000
65.000	13858.000	1543.670	1.000	2.000	1.000	0.000	0.000
64.000	13857.000	1543.540	1.000	2.000	1.000	0.000	0.000
63.000	13857.000	1543.540	1.000	2.000	1.000	0.000	0.000
65.000	13854.000	1543.540	1.000	2.000	1.000	0.000	0.000
64.000	13858.000	1543.670	1.000	2.000	1.000	0.000	0.000
64.000	13854.000	1543.540	1.000	2.000	1.000	0.000	0.000
64.000	13855.000	1543.540	1.000	2.000	1.000	0.000	0.000
64.000	13851.000	1543.540	1.000	2.000	1.000	0.000	0.000
64.000	13854.000	1543.670	1.000	2.000	1.000	0.000	0.000
63.000	13855.000	1543.540	1.000	2.000	1.000	0.000	0.000
82.000	13855.000	1543.670	1.000	2.000	1.000	0.000	0.000
62.000	13853.000	1543.670	1.000	2.000	1.000	0.000	0.000
63.000	13853.000	1543.540	1.000	2.000	1.000	0.000	0.000
64.000	13852.000	1543.540	1.000	2.000	1.000	0.000	0.000
65.000	13855.000	1543.540	1.000	2.000	1.000	0.000	0.000
64.000	13855.000	1543.670	1.000	2.000	1.000	0.000	0.000
64.000	13857.000	1543.670	1.000	2.000	1.000	0.000	0.000
64.000	13851.000	1543.540	1.000	2.000	1.000	0.000	0.000
64.000	13855.000	1543.670	1.000	2.000	1.000	0.000	0.000
63.000	13851.000	1543.540	1.000	2.000	1.000	0.000	0.000
64.000	13855.000	1543.540	1.000	2.000	1.000	0.000	0.000
64.000	13848.000	1543.540	1.000	2.000	1.000	0.000	0.000
81.000	13852.000	1543.540	1.000	2.000	1.000	0.000	0.000
63.000	13855.000	1543.540	1.000	2.000	1.000	0.000	0.000
64.000	13856.000	1543.540	1.000	2.000	1.000	0.000	0.000
64.000	13855.000	1543.540	1.000	2.000	1.000	0.000	0.000
64.000	13849.000	1543.540	1.000	2.000	1.000	0.000	0.000
64.000	13856.000	1543.540	1.000	2.000	1.000	0.000	0.000
63.000	13857.000	1543.540	1.000	2.000	1.000	0.000	0.000
65.000	13857.000	1543.540	1.000	2.000	1.000	0.000	0.000
63.000	13857.000	1543.540	1.000	2.000	1.000	0.000	0.000
64.000	13854.000	1543.540	1.000	2.000	1.000	0.000	0.000
65.000	13857.000	1543.540	1.000	2.000	1.000	0.000	0.000
63.000	13856.000	1543.540	1.000	2.000	1.000	0.000	0.000
80.000	13854.000	1543.540	1.000	2.000	1.000	0.000	0.000
64.000	13849.000	1543.540	1.000	2.000	1.000	0.000	0.000
64.000	13854.000	1543.540	1.000	2.000	1.000	0.000	0.000
64.000	13857.000	1543.540	1.000	2.000	1.000	0.000	0.000
63.000	13854.000	1543.670	1.000	2.000	1.000	0.000	0.000
65.000	13854.000	1543.670	1.000	2.000	1.000	0.000	0.000
63.000	13859.000	1543.670	1.000	2.000	1.000	0.000	0.000
65.000	13860.000	1543.540	1.000	2.000	1.000	0.000	0.000
63.000	13856.000	1543.540	1.000	2.000	1.000	0.000	0.000
65.000	13857.000	1543.670	1.000	2.000	1.000	0.000	0.000
63.000	13857.000	1543.540	1.000	2.000	1.000	0.000	0.000
64.000	13857.000	1543.540	1.000	2.000	1.000	0.000	0.000
80.000	13857.000	1543.670	1.000	2.000	1.000	0.000	0.000
64.000	13853.000	1543.670	1.000	2.000	1.000	0.000	0.000
64.000	13856.000	1543.540	1.000	2.000	1.000	0.000	0.000
65.000	13853.000	1543.670	1.000	2.000	1.000	0.000	0.000
63.000	13855.000	1543.540	1.000	2.000	1.000	0.000	0.000
64.000	13852.000	1543.670	1.000	2.000	1.000	0.000	0.000
63.000	13855.000	1543.540	1.000	2.000	1.000	0.000	0.000
65.000	13859.000	1543.670	1.000	2.000	1.000	0.000	0.000
64.000	13858.000	1543.670	1.000	2.000	1.000	0.000	0.000
63.000	13855.000	1543.540	1.000	2.000	1.000	0.000	0.000
65.000	13855.000	1543.670	1.000	2.000	1.000	0.000	0.000
80.000	13856.000	1543.540	1.000	2.000	1.000	0.000	0.000
63.000	13915.000	1543.540	1.000	2.000	1.000	0.000	0.000
64.000	14008.000	1543.540	1.000	2.000	1.000	0.000	0.000
64.000	14093.000	1543.540	1.000	2.000	1.000	0.000	0.000
65.000	14186.000	1543.670	1.000	2.000	1.000	0.000	0.000
63.000	14280.000	1543.540	1.000	2.000	1.000	0.000	0.000
64.000	14373.000	1543.540	1.000	2.000	1.000	0.000	0.000
64.000	14475.000	1543.670	1.000	2.000	1.000	0.000	0.000
63.000	14582.000	1543.540	1.000	2.000	1.000	0.000	0.000
65.000	14689.000	1543.670	1.000	2.000	1.000	0.000	0.000
63.000	14799.000	1543.670	1.000	2.000	1.000	0.000	0.000
65.000	14913.000	1543.540	1.000	2.000	1.000	0.000	0.000
79.000	15030.000	1543.540	1.000	2.000	1.000	0.000	0.000
64.000	15154.000	1543.540	1.000	2.000	1.000	0.000	0.000
64.000	15278.000	1543.540	1.000	2.000	1.000	0.000	0.000
64.000	15405.000	1543.540	1.000	2.000	1.000	0.000	0.000
64.000	15544.000	1543.670	1.000	2.000	1.000	0.000	0.000
63.000	15687.000	1543.670	1.000	2.000	1.000	0.000	0.000
65.000	15830.000	1543.670	1.000	2.000	1.000	0.000	0.000
64.000	15978.000	1543.540	1.000	2.000	1.000	0.000	0.000
64.000	16132.000	1543.540	1.000	2.000	1.000	0.000	0.000
64.000	16291.000	1543.670	1.000	2.000	1.000	0.000	0.000
63.000	16460.000	1543.540	1.000	2.000	1.000	0.000	0.000
65.000	16634.000	1543.670	1.000	2.000	1.000	0.000	0.000
80.000	16818.000	1543.670	1.000	2.000	1.000	0.000	0.000
64.000	17009.000	1543.410	1.000	2.000	1.000	0.000	0.000
64.000	17213.000	1543.670	1.000	2.000	1.000	0.000	0.000
63.000	17429.000	1543.670	1.000	2.000	1.000	0.000	0.000
64.000	17653.000	1543.670	1.000	2.000	1.000	0.000	0.000
64.000	17872.000	1543.800	1.000	2.000	1.000	0.000	0.000
65.000	18094.000	1544.050	1.000	2.000	1.000	0.000	0.000
63.000	18308.000	1544.310	1.000	2.000	1.000	0.000	0.000
63.000	18541.000	1544.690	1.000	2.000	1.000	0.000	0.000
65.000	18767.000	1545.080	1.000	2.000	1.000	0.000	0.000
64.000	18993.000	1545.460	1.000	2.000	1.000	0.000	0.000
79.000	19229.000	1545.720	1.000	2.000	1.000	0.000	0.000
65.000	19337.000	1545.840	1.000	2.000	1.000	0.000	0.000
64.000	19139.000	1545.460	1.000	2.000	1.000	0.000	0.000
64.000	18909.000	1545.200	1.000	2.000	1.000	0.000	0.000
63.000	18684.000	1544.950	1.000	2.000	1.000	0.000	0.000
64.000	18457.000	1544.570	1.000	2.000	1.000	0.000	0.000
64.000	18231.000	1544.310	1.000	2.000	1.000	0.000	0.000
64.000	18000.000	1544.180	1.000	2.000	1.000	0.000	0.000
64.000	17778.000	1544.050	1.000	2.000	1.000	0.000	0.000
64.000	17552.000	1543.800	1.000	2.000	1.000	0.000	0.000
64.000	17332.000	1543.800	1.000	2.000	1.000	0.000	0.000
64.000	17118.000	1543.800	1.000	2.000	1.000	0.000	0.000
80.000	16929.000	1543.670	1.000	2.000	1.000	0.000	0.000
64.000	16744.000	1543.670	1.000	2.000	1.000	0.000	0.000
64.000	16561.000	1543.670	1.000	2.000	1.000	0.000	0.000
63.000	16404.000	1543.670	1.000	2.000	1.000	0.000	0.000
65.000	16236.000	1543.540	1.000	2.000	1.000	0.000	0.000
63.000	16077.000	1543.670	1.000	2.000	1.000	0.000	0.000
64.000	15917.000	1543.670	1.000	2.000	1.000	0.000	0.000
64.000	15778.000	1543.540	1.000	2.000	1.000	0.000	0.000
64.000	15635.000	1543.670	1.000	2.000	1.000	0.000	0.000
64.000	15497.000	1543.540	1.000	2.000	1.000	0.000	0.000
64.000	15357.000	1543.670	1.000	2.000	1.000	0.000	0.000
63.000	15232.000	1543.540	1.000	2.000	1.000	0.000	0.000
80.000	15110.000	1543.670	1.000	2.000	1.000	0.000	0.000
64.000	14988.000	1543.540	1.000	2.000	1.000	0.000	0.000
64.000	14873.000	1543.540	1.000	2.000	1.000	0.000	0.000
65.000	14762.000	1543.670	1.000	2.000	1.000	0.000	0.000
63.000	14657.000	1543.670	1.000	2.000	1.000	0.000	0.000
65.000	14544.000	1543.540	1.000	2.000	1.000	0.000	0.000
64.000	14437.000	1543.670	1.000	2.000	1.000	0.000	0.000
63.000	14339.000	1543.670	1.000	2.000	1.000	0.000	0.000
64.000	14244.000	1543.540	1.000	2.000	1.000	0.000	0.000
64.000	14155.000	1543.670	1.000	2.000	1.000	0.000	0.000
64.000	14058.000	1543.540	1.000	2.000	1.000	0.000	0.000
80.000	13973.000	1543.540	1.000	2.000	1.000	0.000	0.000
64.000	13883.000	1543.540	1.000	2.000	1.000	0.000	0.000
64.000	13805.000	1543.670	1.000	2.000	1.000	0.000	0.000
64.000	13822.000	1543.540	1.000	2.000	1.000	0.000	0.000
64.000	13863.000	1543.540	1.000	2.000	1.000	0.000	0.000
63.000	13858.000	1543.540	1.000	2.000	1.000	0.000	0.000
64.000	13867.000	1543.670	1.000	2.000	1.000	0.000	0.000
64.000	13862.000	1543.540	1.000	2.000	1.000	0.000	0.000
64.000	13862.000	1543.540	1.000	2.000	1.000	0.000	0.000
65.000	13861.000	1543.540	1.000	2.000	1.000	0.000	0.000
63.000	13858.000	1543.540	1.000	2.000	1.000	0.000	0.000
64.000	13861.000	1543.540	1.000	2.000	1.000	0.000	0.000
80.000	13863.000	1543.540	1.000	2.000	1.000	0.000	0.000
64.000	13861.000	1543.540	1.000	2.000	1.000	0.000	0.000
64.000	13863.000	1543.540	1.000	2.000	1.000	0.000	0.000
64.000	13865.000	1543.540	1.000	2.000	1.000	0.000	0.000
63.000	13855.000	1543.540	1.000	2.000	1.000	0.000	0.000
65.000	13863.000	1543.670	1.000	2.000	1.000	0.000	0.000
63.000	13862.000	1543.540	1.000	2.000	1.000	0.000	0.000
64.000	13859.000	1543.540	1.000	2.000	1.000	0.000	0.000
64.000	13862.000	1543.540	1.000	2.000	1.000	0.000	0.000
65.000	13865.000	1543.670	1.000	2.000	1.000	0.000	0.000
63.000	13866.000	1543.540	1.000	2.000	1.000	0.000	0.000
64.000	13863.000	1543.540	1.000	2.000	1.000	0.000	0.000
80.000	13861.000	1543.670	1.000	2.000	1.000	0.000	0.000
64.000	13864.000	1543.540	1.000	2.000	1.000	0.000	0.000
64.000	13863.000	1543.670	1.000	2.000	1.000	0.000	0.000
64.000	13860.000	1543.670	1.000	2.000	1.000	0.000	0.000
64.000	13861.000	1543.540	1.000	2.000	1.000	0.000	0.000
64.000	13861.000	1543.670	1.000	2.000	1.000	0.000	0.000
63.000	13864.000	1543.540	1.000	2.000	1.000	0.000	0.000
65.000	13860.000	1543.540	1.000	2.000	1.000	0.000	0.000
64.000	13863.000	1543.670	1.000	2.000	1.000	0.000	0.000
64.000	13862.000	1543.670	1.000	2.000	1.000	0.000	0.000
63.000	13861.000	1543.540	1.000	2.000	1.000	0.000	0.000
80.000	13863.000	1543.540	1.000	2.000	1.000	0.000	0.000
63.000	13866.000	1543.670	1.000	2.000	1.000	0.000	0.000
65.000	13861.000	1543.670	1.000	2.000	1.000	0.000	0.000
63.000	13863.000	1543.540	1.000	2.000	1.000	0.000	0.000
64.000	13858.000	1543.540	1.000	2.000	1.000	0.000	0.000
65.000	13863.000	1543.670	1.000	2.000	1.000	0.000	0.000
63.000	13862.000	1543.540	1.000	2.000	1.000	0.000	0.000
64.000	13857.000	1543.540	1.000	2.000	1.000	0.000	0.000
64.000	13867.000	1543.540	1.000	2.000	1.000	0.000	0.000
65.000	13857.000	1543.670	1.000	2.000	1.000	0.000	0.000
63.000	13861.000	1543.540	1.000	2.000	1.000	0.000	0.000
65.000	13861.000	1543.540	1.000	2.000	1.000	0.000	0.000
79.000	13861.000	1543.540	1.000	2.000	1.000	0.000	0.000
64.000	13860.000	1543.670	1.000	2.000	1.000	0.000	0.000
64.000	13858.000	1543.670	1.000	2.000	1.000	0.000	0.000
64.000	13866.000	1543.410	1.000	2.000	1.000	0.000	0.000
64.000	13863.000	1543.540	1.000	2.000	1.000	0.000	0.000
64.000	13864.000	1543.670	1.000	2.000	1.000	0.000	0.000
64.000	13863.000	1543.540	1.000	2.000	1.000	0.000	0.000
64.000	13864.000	1543.540	1.000	2.000	1.000	0.000	0.000
64.000	13858.000	1543.670	1.000	2.000	1.000	0.000	0.000
63.000	13864.000	1543.410	1.000	2.000	1.000	0.000	0.000
65.000	13867.000	1543.540	1.000	2.000	1.000	0.000	0.000
63.000	13862.000	1543.540	1.000	2.000	1.000	0.000	0.000
81.000	13861.000	1543.670	1.000	2.000	1.000	0.000	0.000
64.000	13860.000	1543.540	1.000	2.000	1.000	0.000	0.000
64.000	13864.000	1543.540	1.000	2.000	1.000	0.000	0.000
63.000	13862.000	1543.670	1.000	2.000	1.000	0.000	0.000
64.000	13863.000	1543.540	1.000	2.000	1.000	0.000	0.000
64.000	13862.000	1543.540	1.000	2.000	1.000	0.000	0.000
64.000	13862.000	1543.540	1.000	2.000	1.000	0.000	0.000
64.000	13863.000	1543.670	1.000	2.000	1.000	0.000	0.000
64.000	13875.000	1543.540	1.000	2.000	1.000	0.000	0.000
64.000	13963.000	1543.670	1.000	2.000	1.000	0.000	0.000
64.000	14054.000	1543.540	1.000	2.000	1.000	0.000	0.000
79.000	14138.000	1543.540	1.000	2.000	1.000	0.000	0.000
64.000	14227.000	1543.540	1.000	2.000	1.000	0.000	0.000
64.000	14325.000	1543.540	1.000	2.000	1.000	0.000	0.000
65.000	14419.000	1543.540	1.000	2.000	1.000	0.000	0.000
63.000	14526.000	1543.670	1.000	2.000	1.000	0.000	0.000
65.000	14634.000	1543.540	1.000	2.000	1.000	0.000	0.000
63.000	14741.000	1543.540	1.000	2.000	1.000	0.000	0.000
64.000	14856.000	1543.540	1.000	2.000	1.000	0.000	0.000
64.000	14966.000	1543.540	1.000	2.000	1.000	0.000	0.000
64.000	15086.000	1543.540	1.000	2.000	1.000	0.000	0.000
64.000	15209.000	1543.540	1.000	2.000	1.000	0.000	0.000
64.000	15337.000	1543.540	1.000	2.000	1.000	0.000	0.000
79.000	15471.000	1543.540	1.000	2.000	1.000	0.000	0.000
64.000	15602.000	1543.670	1.000	2.000	1.000	0.000	0.000
64.000	15756.000	1543.670	1.000	2.000	1.000	0.000	0.000
65.000	15891.000	1543.670	1.000	2.000	1.000	0.000	0.000
64.000	16053.000	1543.540	1.000	2.000	1.000	0.000	0.000
63.000	16209.000	1543.540	1.000	2.000	1.000	0.000	0.000
64.000	16372.000	1543.540	1.000	2.000	1.000	0.000	0.000
64.000	16535.000	1543.540	1.000	2.000	1.000	0.000	0.000
64.000	16714.000	1543.540	1.000	2.000	1.000	0.000	0.000
64.000	16896.000	1543.670	1.000	2.000	1.000	0.000	0.000
63.000	17098.000	1543.670	1.000	2.000	1.000	0.000	0.000
65.000	17310.000	1543.670	1.000	2.000	1.000	0.000	0.000
79.000	17525.000	1543.670	1.000	2.000	1.000	0.000	0.000
64.000	17747.000	1543.670	1.000	2.000	1.000	0.000	0.000
65.000	17970.000	1543.800	1.000	2.000	1.000	0.000	0.000
64.000	18192.000	1544.310	1.000	2.000	1.000	0.000	0.000
63.000	18415.000	1544.440	1.000	2.000	1.000	0.000	0.000
64.000	18638.000	1544.820	1.000	2.000	1.000	0.000	0.000
64.000	18863.000	1545.200	1.000	2.000	1.000	0.000	0.000
64.000	19094.000	1545.590	1.000	2.000	1.000	0.000	0.000
64.000	19303.000	1545.840	1.000	2.000	1.000	0.000	0.000
64.000	19212.000	1545.590	1.000	2.000	1.000	0.000	0.000
64.000	18985.000	1545.200	1.000	2.000	1.000	0.000	0.000
79.000	18755.000	1545.080	1.000	2.000	1.000	0.000	0.000
65.000	18528.000	1544.570	1.000	2.000	1.000	0.000	0.000
64.000	18292.000	1544.440	1.000	2.000	1.000	0.000	0.000
63.000	18063.000	1544.180	1.000	2.000	1.000	0.000	0.000
64.000	17844.000	1543.930	1.000	2.000	1.000	0.000	0.000
65.000	17619.000	1543.930	1.000	2.000	1.000	0.000	0.000
63.000	17398.000	1543.800	1.000	2.000	1.000	0.000	0.000
64.000	17187.000	1543.800	1.000	2.000	1.000	0.000	0.000
64.000	16989.000	1543.800	1.000	2.000	1.000	0.000	0.000
64.000	16800.000	1543.800	1.000	2.000	1.000	0.000	0.000
64.000	16623.000	1543.670	1.000	2.000	1.000	0.000	0.000
64.000	16456.000	1543.670	1.000	2.000	1.000	0.000	0.000
80.000	16283.000	1543.670	1.000	2.000	1.000	0.000	0.000
64.000	16126.000	1543.670	1.000	2.000	1.000	0.000	0.000
63.000	15976.000	1543.540	1.000	2.000	1.000	0.000	0.000
65.000	15825.000	1543.670	1.000	2.000	1.000	0.000	0.000
63.000	15678.000	1543.540	1.000	2.000	1.000	0.000	0.000
64.000	15543.000	1543.540	1.000	2.000	1.000	0.000	0.000
64.000	15404.000	1543.670	1.000	2.000	1.000	0.000	0.000
65.000	15280.000	1543.670	1.000	2.000	1.000	0.000	0.000
63.000	15147.000	1543.410	1.000	2.000	1.000	0.000	0.000
64.000	15030.000	1543.540	1.000	2.000	1.000	0.000	0.000
64.000	14914.000	1543.670	1.000	2.000	1.000	0.000	0.000
64.000	14801.000	1543.540	1.000	2.000	1.000	0.000	0.000
80.000	14692.000	1543.670	1.000	2.000	1.000	0.000	0.000
64.000	14585.000	1543.540	1.000	2.000	1.000	0.000	0.000
63.000	14481.000	1543.670	1.000	2.000	1.000	0.000	0.000
64.000	14376.000	1543.540	1.000	2.000	1.000	0.000	0.000
65.000	14284.000	1543.540	1.000	2.000	1.000	0.000	0.000
64.000	14186.000	1543.670	1.000	2.000	1.000	0.000	0.000
64.000	14096.000	1543.410	1.000	2.000	1.000	0.000	0.000
64.000	14006.000	1543.540	1.000	2.000	1.000	0.000	0.000
64.000	13917.000	1543.540	1.000	2.000	1.000	0.000	0.000
63.000	13837.000	1543.540	1.000	2.000	1.000	0.000	0.000
64.000	13833.000	1543.670	1.000	2.000	1.000	0.000	0.000
80.000	13863.000	1543.540	1.000	2.000	1.000	0.000	0.000
65.000	13874.000	1543.540	1.000	2.000	1.000	0.000	0.000
63.000	13867.000	1543.670	1.000	2.000	1.000	0.000	0.000
63.000	13873.000	1543.540	1.000	2.000	1.000	0.000	0.000
65.000	13867.000	1543.670	1.000	2.000	1.000	0.000	0.000
64.000	13861.000	1543.540	1.000	2.000	1.000	0.000	0.000
63.000	13870.000	1543.540	1.000	2.000	1.000	0.000	0.000
64.000	13865.000	1543.670	1.000	2.000	1.000	0.000	0.000
65.000	13869.000	1543.540	1.000	2.000	1.000	0.000	0.000
63.000	13870.000	1543.540	1.000	2.000	1.000	0.000	0.000
65.000	13871.000	1543.540	1.000	2.000	1.000	0.000	0.000
63.000	13871.000	1543.540	1.000	2.000	1.000	0.000	0.000
81.000	13866.000	1543.540	1.000	2.000	1.000	0.000	0.000
63.000	13873.000	1543.540	1.000	2.000	1.000	0.000	0.000
64.000	13868.000	1543.670	1.000	2.000	1.000	0.000	0.000
64.000	13870.000	1543.540	1.000	2.000	1.000	0.000	0.000
64.000	13871.000	1543.540	1.000	2.000	1.000	0.000	0.000
64.000	13865.000	1543.540	1.000	2.000	1.000	0.000	0.000
64.000	13865.000	1543.540	1.000	2.000	1.000	0.000	0.000
64.000	13868.000	1543.670	1.000	2.000	1.000	0.000	0.000
64.000	13867.000	1543.540	1.000	2.000	1.000	0.000	0.000
64.000	13872.000	1543.670	1.000	2.000	1.000	0.000	0.000
64.000	13872.000	1543.540	1.000	2.000	1.000	0.000	0.000
63.000	13870.000	1543.540	1.000	2.000	1.000	0.000	0.000
80.000	13867.000	1543.670	1.000	2.000	1.000	0.000	0.000
64.000	13870.000	1543.540	1.000	2.000	1.000	0.000	0.000
64.000	13869.000	1543.670	1.000	2.000	1.000	0.000	0.000
64.000	13869.000	1543.540	1.000	2.000	1.000	0.000	0.000
64.000	13872.000	1543.670	1.000	2.000	1.000	0.000	0.000
63.000	13868.000	1543.670	1.000	2.000	1.000	0.000	0.000
65.000	13872.000	1543.670	1.000	2.000	1.000	0.000	0.000
63.000	13866.000	1543.540	1.000	2.000	1.000	0.000	0.000
64.000	13870.000	1543.540	1.000	2.000	1.000	0.000	0.000
65.000	13870.000	1543.670	1.000	2.000	1.000	0.000	0.000
64.000	13870.000	1543.540	1.000	2.000	1.000	0.000	0.000
80.000	13867.000	1543.670	1.000	2.000	1.000	0.000	0.000
63.000	13872.000	1543.540	1.000	2.000	1.000	0.000	0.000
65.000	13871.000	1543.540	1.000	2.000	1.000	0.000	0.000
63.000	13869.000	1543.540	1.000	2.000	1.000	0.000	0.000
64.000	13870.000	1543.540	1.000	2.000	1.000	0.000	0.000
64.000	13869.000	1543.670	1.000	2.000	1.000	0.000	0.000
63.000	13869.000	1543.540	1.000	2.000	1.000	0.000	0.000
64.000	13874.000	1543.540	1.000	2.000	1.000	0.000	0.000
65.000	13869.000	1543.540	1.000	2.000	1.000	0.000	0.000
63.000	13869.000	1543.540	1.000	2.000	1.000	0.000	0.000
64.000	13870.000	1543.540	1.000	2.000	1.000	0.000	0.000
64.000	13862.000	1543.670	1.000	2.000	1.000	0.000	0.000
81.000	13871.000	1543.540	1.000	2.000	1.000	0.000	0.000
64.000	13864.000	1543.540	1.000	2.000	1.000	0.000	0.000
63.000	13869.000	1543.670	1.000	2.000	1.000	0.000	0.000
65.000	13871.000	1543.540	1.000	2.000	1.000	0.000	0.000
63.000	13869.000	1543.540	1.000	2.000	1.000	0.000	0.000
64.000	13868.000	1543.540	1.000	2.000	1.000	0.000	0.000
63.000	13872.000	1543.540	1.000	2.000	1.000	0.000	0.000
64.000	13866.000	1543.540	1.000	2.000	1.000	0.000	0.000
64.000	13869.000	1543.540	1.000	2.000	1.000	0.000	0.000
65.000	13872.000	1543.540	1.000	2.000	1.000	0.000	0.000
63.000	13868.000	1543.540	1.000	2.000	1.000	0.000	0.000
65.000	13870.000	1543.670	1.000	2.000	1.000	0.000	0.000
80.000	13868.000	1543.540	1.000	2.000	1.000	0.000	0.000
64.000	13870.000	1543.670	1.000	2.000	1.000	0.000	0.000
64.000	13863.000	1543.540	1.000	2.000	1.000	0.000	0.000
63.000	13874.000	1543.540	1.000	2.000	1.000	0.000	0.000
65.000	13869.000	1543.540	1.000	2.000	1.000	0.000	0.000
63.000	13952.000	1543.540	1.000	2.000	1.000	0.000	0.000
64.000	14044.000	1543.670	1.000	2.000	1.000	0.000	0.000
64.000	14124.000	1543.670	1.000	2.000	1.000	0.000	0.000
64.000	14222.000	1543.540	1.000	2.000	1.000	0.000	0.000
64.000	14317.000	1543.540	1.000	2.000	1.000	0.000	0.000
64.000	14413.000	1543.540	1.000	2.000	1.000	0.000	0.000
64.000	14518.000	1543.540	1.000	2.000	1.000	0.000	0.000
79.000	14630.000	1543.670	1.000	2.000	1.000	0.000	0.000
64.000	14734.000	1543.540	1.000	2.000	1.000	0.000	0.000
64.000	14841.000	1543.540	1.000	2.000	1.000	0.000	0.000
64.000	14961.000	1543.670	1.000	2.000	1.000	0.000	0.000
64.000	15079.000	1543.670	1.000	2.000	1.000	0.000	0.000
65.000	15198.000	1543.670	1.000	2.000	1.000	0.000	0.000
63.000	15328.000	1543.540	1.000	2.000	1.000	0.000	0.000
64.000	15458.000	1543.540	1.000	2.000	1.000	0.000	0.000
64.000	15592.000	1543.670	1.000	2.000	1.000	0.000	0.000
65.000	15744.000	1543.540	1.000	2.000	1.000	0.000	0.000
63.000	15876.000	1543.670	1.000	2.000	1.000	0.000	0.000
80.000	16033.000	1543.670	1.000	2.000	1.000	0.000	0.000
64.000	16190.000	1543.540	1.000	2.000	1.000	0.000	0.000
63.000	16351.000	1543.540	1.000	2.000	1.000	0.000	0.000
65.000	16522.000	1543.540	1.000	2.000	1.000	0.000	0.000
63.000	16694.000	1543.540	1.000	2.000	1.000	0.000	0.000
64.000	16879.000	1543.540	1.000	2.000	1.000	0.000	0.000
65.000	17072.000	1543.540	1.000	2.000	1.000	0.000	0.000
63.000	17284.000	1543.670	1.000	2.000	1.000	0.000	0.000
64.000	17502.000	1543.670	1.000	2.000	1.000	0.000	0.000
64.000	17726.000	1543.670	1.000	2.000	1.000	0.000	0.000
64.000	17943.000	1543.800	1.000	2.000	1.000	0.000	0.000
64.000	18164.000	1544.180	1.000	2.000	1.000	0.000	0.000
79.000	18389.000	1544.310	1.000	2.000	1.000	0.000	0.000
65.000	18616.000	1544.690	1.000	2.000	1.000	0.000	0.000
64.000	18837.000	1545.200	1.000	2.000	1.000	0.000	0.000
64.000	19067.000	1545.590	1.000	2.000	1.000	0.000	0.000
63.000	19291.000	1545.720	1.000	2.000	1.000	0.000	0.000
64.000	19262.000	1545.720	1.000	2.000	1.000	0.000	0.000
64.000	19028.000	1545.330	1.000	2.000	1.000	0.000	0.000
64.000	18801.000	1545.080	1.000	2.000	1.000	0.000	0.000
64.000	18576.000	1544.820	1.000	2.000	1.000	0.000	0.000
64.000	18333.000	1544.440	1.000	2.000	1.000	0.000	0.000
64.000	18112.000	1544.180	1.000	2.000	1.000	0.000	0.000
64.000	17888.000	1544.050	1.000	2.000	1.000	0.000	0.000
80.000	17663.000	1543.930	1.000	2.000	1.000	0.000	0.000
64.000	17442.000	1543.930	1.000	2.000	1.000	0.000	0.000
64.000	17233.000	1543.800	1.000	2.000	1.000	0.000	0.000
64.000	17033.000	1543.800	1.000	2.000	1.000	0.000	0.000
64.000	16844.000	1543.670	1.000	2.000	1.000	0.000	0.000
63.000	16659.000	1543.540	1.000	2.000	1.000	0.000	0.000
65.000	16487.000	1543.540	1.000	2.000	1.000	0.000	0.000
64.000	16320.000	1543.540	1.000	2.000	1.000	0.000	0.000
63.000	16159.000	1543.540	1.000	2.000	1.000	0.000	0.000
64.000	16010.000	1543.670	1.000	2.000	1.000	0.000	0.000
64.000	15860.000	1543.670	1.000	2.000	1.000	0.000	0.000
80.000	15720.000	1543.670	1.000	2.000	1.000	0.000	0.000
64.000	15574.000	1543.670	1.000	2.000	1.000	0.000	0.000
64.000	15436.000	1543.670	1.000	2.000	1.000	0.000	0.000
64.000	15308.000	1543.540	1.000	2.000	1.000	0.000	0.000
64.000	15180.000	1543.540	1.000	2.000	1.000	0.000	0.000
64.000	15058.000	1543.540	1.000	2.000	1.000	0.000	0.000
64.000	14945.000	1543.670	1.000	2.000	1.000	0.000	0.000
64.000	14834.000	1543.670	1.000	2.000	1.000	0.000	0.000
63.000	14719.000	1543.540	1.000	2.000	1.000	0.000	0.000
64.000	14612.000	1543.670	1.000	2.000	1.000	0.000	0.000
64.000	14501.000	1543.540	1.000	2.000	1.000	0.000	0.000
64.000	14405.000	1543.540	1.000	2.000	1.000	0.000	0.000
80.000	14311.000	1543.540	1.000	2.000	1.000	0.000	0.000
64.000	14217.000	1543.540	1.000	2.000	1.000	0.000	0.000
64.000	14115.000	1543.540	1.000	2.000	1.000	0.000	0.000
63.000	14030.000	1543.540	1.000	2.000	1.000	0.000	0.000
65.000	13942.000	1543.670	1.000	2.000	1.000	0.000	0.000
64.000	13857.000	1543.410	1.000	2.000	1.000	0.000	0.000
64.000	13836.000	1543.540	1.000	2.000	1.000	0.000	0.000
64.000	13877.000	1543.540	1.000	2.000	1.000	0.000	0.000
63.000	13875.000	1543.540	1.000	2.000	1.000	0.000	0.000
64.000	13877.000	1543.540	1.000	2.000	1.000	0.000	0.000
64.000	13871.000	1543.540	1.000	2.000	1.000	0.000	0.000
65.000	13878.000	1543.540	1.000	2.000	1.000	0.000	0.000
79.000	13878.000	1543.670	1.000	2.000	1.000	0.000	0.000
64.000	13875.000	1543.540	1.000	2.000	1.000	0.000	0.000
64.000	13878.000	1543.540	1.000	2.000	1.000	0.000	0.000
64.000	13872.000	1543.540	1.000	2.000	1.000	0.000	0.000
64.000	13885.000	1543.670	1.000	2.000	1.000	0.000	0.000
64.000	13872.000	1543.540	1.000	2.000	1.000	0.000	0.000
64.000	13871.000	1543.540	1.000	2.000	1.000	0.000	0.000
64.000	13871.000	1543.540	1.000	2.000	1.000	0.000	0.000
63.000	13881.000	1543.540	1.000	2.000	1.000	0.000	0.000
65.000	13876.000	1543.540	1.000	2.000	1.000	0.000	0.000
63.000	13875.000	1543.540	1.000	2.000	1.000	0.000	0.000
80.000	13881.000	1543.540	1.000	2.000	1.000	0.000	0.000
65.000	13877.000	1543.540	1.000	2.000	1.000	0.000	0.000
63.000	13882.000	1543.540	1.000	2.000	1.000	0.000	0.000
64.000	13877.000	1543.670	1.000	2.000	1.000	0.000	0.000
64.000	13874.000	1543.540	1.000	2.000	1.000	0.000	0.000
64.000	13878.000	1543.540	1.000	2.000	1.000	0.000	0.000
64.000	13879.000	1543.540	1.000	2.000	1.000	0.000	0.000
64.000	13878.000	1543.540	1.000	2.000	1.000	0.000	0.000
63.000	13877.000	1543.540	1.000	2.000	1.000	0.000	0.000
65.000	13879.000	1543.540	1.000	2.000	1.000	0.000	0.000
63.000	13879.000	1543.670	1.000	2.000	1.000	0.000	0.000
64.000	13879.000	1543.540	1.000	2.000	1.000	0.000	0.000
80.000	13875.000	1543.540	1.000	2.000	1.000	0.000	0.000
64.000	13877.000	1543.670	1.000	2.000	1.000	0.000	0.000
64.000	13880.000	1543.410	1.000	2.000	1.000	0.000	0.000
64.000	13877.000	1543.540	1.000	2.000	1.000	0.000	0.000
64.000	13875.000	1543.540	1.000	2.000	1.000	0.000	0.000
64.000	13876.000	1543.670	1.000	2.000	1.000	0.000	0.000
64.000	13881.000	1543.670	1.000	2.000	1.000	0.000	0.000
63.000	13869.000	1543.540	1.000	2.000	1.000	0.000	0.000
64.000	13878.000	1543.540	1.000	2.000	1.000	0.000	0.000
65.000	13874.000	1543.540	1.000	2.000	1.000	0.000	0.000
64.000	13879.000	1543.540	1.000	2.000	1.000	0.000	0.000
63.000	13878.000	1543.670	1.000	2.000	1.000	0.000	0.000
80.000	13879.000	1543.540	1.000	2.000	1.000	0.000	0.000
65.000	13874.000	1543.540	1.000	2.000	1.000	0.000	0.000
63.000	13876.000	1543.540	1.000	2.000	1.000	0.000	0.000
64.000	13872.000	1543.540	1.000	2.000	1.000	0.000	0.000
64.000	13875.000	1543.540	1.000	2.000	1.000	0.000	0.000
64.000	13872.000	1543.540	1.000	2.000	1.000	0.000	0.000
64.000	13880.000	1543.540	1.000	2.000	1.000	0.000	0.000
64.000	13878.000	1543.540	1.000	2.000	1.000	0.000	0.000
63.000	13877.000	1543.540	1.000	2.000	1.000	0.000	0.000
65.000	13873.000	1543.670	1.000	2.000	1.000	0.000	0.000
64.000	13873.000	1543.540	1.000	2.000	1.000	0.000	0.000
79.000	13883.000	1543.540	1.000	2.000	1.000	0.000	0.000
65.000	13878.000	1543.540	1.000	2.000	1.000	0.000	0.000
63.000	13874.000	1543.540	1.000	2.000	1.000	0.000	0.000
64.000	13878.000	1543.540	1.000	2.000	1.000	0.000	0.000
64.000	13878.000	1543.540	1.000	2.000	1.000	0.000	0.000
64.000	13880.000	1543.670	1.000	2.000	1.000	0.000	0.000
64.000	13880.000	1543.670	1.000	2.000	1.000	0.000	0.000
64.000	13875.000	1543.540	1.000	2.000	1.000	0.000	0.000
64.000	13875.000	1543.410	1.000	2.000	1.000	0.000	0.000
64.000	13875.000	1543.410	1.000	2.000	1.000	0.000	0.000
64.000	13880.000	1543.670	1.000	2.000	1.000	0.000	0.000
63.000	13877.000	1543.670	1.000	2.000	1.000	0.000	0.000
80.000	13884.000	1543.540	1.000	2.000	1.000	0.000	0.000
65.000	13955.000	1543.410	1.000	2.000	1.000	0.000	0.000
63.000	14043.000	1543.540	1.000	2.000	1.000	0.000	0.000
64.000	14135.000	1543.540	1.000	2.000	1.000	0.000	0.000
64.000	14231.000	1543.540	1.000	2.000	1.000	0.000	0.000
64.000	14322.000	1543.540	1.000	2.000	1.000	0.000	0.000
63.000	14419.000	1543.540	1.000	2.000	1.000	0.000	0.000
65.000	14520.000	1543.540	1.000	2.000	1.000	0.000	0.000
64.000	14634.000	1543.540	1.000	2.000	1.000	0.000	0.000
64.000	14737.000	1543.670	1.000	2.000	1.000	0.000	0.000
64.000	14852.000	1543.540	1.000	2.000	1.000	0.000	0.000
63.000	14967.000	1543.670	1.000	2.000	1.000	0.000	0.000
81.000	15086.000	1543.670	1.000	2.000	1.000	0.000	0.000
64.000	15210.000	1543.540	1.000	2.000	1.000	0.000	0.000
63.000	15338.000	1543.670	1.000	2.000	1.000	0.000	0.000
65.000	15468.000	1543.540	1.000	2.000	1.000	0.000	0.000
63.000	15605.000	1543.540	1.000	2.000	1.000	0.000	0.000
64.000	15751.000	1543.540	1.000	2.000	1.000	0.000	0.000
64.000	15892.000	1543.540	1.000	2.000	1.000	0.000	0.000
64.000	16043.000	1543.410	1.000	2.000	1.000	0.000	0.000
64.000	16200.000	1543.410	1.000	2.000	1.000	0.000	0.000
64.000	16360.000	1543.540	1.000	2.000	1.000	0.000	0.000
64.000	16530.000	1543.540	1.000	2.000	1.000	0.000	0.000
80.000	16701.000	1543.540	1.000	2.000	1.000	0.000	0.000
63.000	16881.000	1543.540	1.000	2.000	1.000	0.000	0.000
64.000	17084.000	1543.540	1.000	2.000	1.000	0.000	0.000
64.000	17291.000	1543.540	1.000	2.000	1.000	0.000	0.000
64.000	17509.000	1543.670	1.000	2.000	1.000	0.000	0.000
64.000	17728.000	1543.800	1.000	2.000	1.000	0.000	0.000
64.000	17951.000	1543.800	1.000	2.000	1.000	0.000	0.000
64.000	18174.000	1544.050	1.000	2.000	1.000	0.000	0.000
64.000	18392.000	1544.310	1.000	2.000	1.000	0.000	0.000
63.000	18616.000	1544.690	1.000	2.000	1.000	0.000	0.000
65.000	18849.000	1545.080	1.000	2.000	1.000	0.000	0.000
63.000	19080.000	1545.460	1.000	2.000	1.000	0.000	0.000
81.000	19308.000	1545.720	1.000	2.000	1.000	0.000	0.000
64.000	19395.000	1545.840	1.000	2.000	1.000	0.000	0.000
63.000	19188.000	1545.460	1.000	2.000	1.000	0.000	0.000
64.000	18954.000	1545.200	1.000	2.000	1.000	0.000	0.000
65.000	18720.000	1544.820	1.000	2.000	1.000	0.000	0.000
63.000	18502.000	1544.570	1.000	2.000	1.000	0.000	0.000
64.000	18268.000	1544.310	1.000	2.000	1.000	0.000	0.000
65.000	18033.000	1544.050	1.000	2.000	1.000	0.000	0.000
63.000	17813.000	1543.800	1.000	2.000	1.000	0.000	0.000
64.000	17592.000	1543.800	1.000	2.000	1.000	0.000	0.000
64.000	17373.000	1543.800	1.000	2.000	1.000	0.000	0.000
64.000	17166.000	1543.800	1.000	2.000	1.000	0.000	0.000
79.000	16969.000	1543.540	1.000	2.000	1.000	0.000	0.000
65.000	16786.000	1543.670	1.000	2.000	1.000	0.000	0.000
64.000	16602.000	1543.800	1.000	2.000	1.000	0.000	0.000
64.000	16439.000	1543.670	1.000	2.000	1.000	0.000	0.000
64.000	16273.000	1543.540	1.000	2.000	1.000	0.000	0.000
63.000	16116.000	1543.540	1.000	2.000	1.000	0.000	0.000
64.000	15958.000	1543.540	1.000	2.000	1.000	0.000	0.000
65.000	15823.000	1543.670	1.000	2.000	1.000	0.000	0.000
63.000	15681.000	1543.540	1.000	2.000	1.000	0.000	0.000
64.000	15533.000	1543.540	1.000	2.000	1.000	0.000	0.000
64.000	15401.000	1543.540	1.000	2.000	1.000	0.000	0.000
80.000	15267.000	1543.670	1.000	2.000	1.000	0.000	0.000
64.000	15147.000	1543.670	1.000	2.000	1.000	0.000	0.000
63.000	15024.000	1543.540	1.000	2.000	1.000	0.000	0.000
64.000	14908.000	1543.670	1.000	2.000	1.000	0.000	0.000
65.000	14800.000	1543.540	1.000	2.000	1.000	0.000	0.000
64.000	14683.000	1543.540	1.000	2.000	1.000	0.000	0.000
63.000	14583.000	1543.670	1.000	2.000	1.000	0.000	0.000
64.000	14475.000	1543.540	1.000	2.000	1.000	0.000	0.000
64.000	14378.000	1543.540	1.000	2.000	1.000	0.000	0.000
64.000	14281.000	1543.670	1.000	2.000	1.000	0.000	0.000
64.000	14190.000	1543.540	1.000	2.000	1.000	0.000	0.000
65.000	14095.000	1543.540	1.000	2.000	1.000	0.000	0.000
79.000	14003.000	1543.540	1.000	2.000	1.000	0.000	0.000
64.000	13917.000	1543.670	1.000	2.000	1.000	0.000	0.000
63.000	13838.000	1543.540	1.000	2.000	1.000	0.000	0.000
64.000	13816.000	1543.540	1.000	2.000	1.000	0.000	0.000
64.000	13887.000	1543.540	1.000	2.000	1.000	0.000	0.000
64.000	13889.000	1543.540	1.000	2.000	1.000	0.000	0.000
65.000	13888.000	1543.540	1.000	2.000	1.000	0.000	0.000
63.000	13887.000	1543.540	1.000	2.000	1.000	0.000	0.000
65.000	13881.000	1543.540	1.000	2.000	1.000	0.000	0.000
63.000	13883.000	1543.670	1.000	2.000	1.000	0.000	0.000
65.000	13881.000	1543.540	1.000	2.000	1.000	0.000	0.000
63.000	13883.000	1543.540	1.000	2.000	1.000	0.000	0.000
80.000	13889.000	1543.540	1.000	2.000	1.000	0.000	0.000
64.000	13886.000	1543.670	1.000	2.000	1.000	0.000	0.000
64.000	13880.000	1543.540	1.000	2.000	1.000	0.000	0.000
64.000	13885.000	1543.540	1.000	2.000	1.000	0.000	0.000
64.000	13888.000	1543.540	1.000	2.000	1.000	0.000	0.000
64.000	13881.000	1543.670	1.000	2.000	1.000	0.000	0.000
64.000	13885.000	1543.540	1.000	2.000	1.000	0.000	0.000
63.000	13884.000	1543.540	1.000	2.000	1.000	0.000	0.000
65.000	13889.000	1543.540	1.000	2.000	1.000	0.000	0.000
64.000	13888.000	1543.540	1.000	2.000	1.000	0.000	0.000
63.000	13884.000	1543.540	1.000	2.000	1.000	0.000	0.000
80.000	13886.000	1543.540	1.000	2.000	1.000	0.000	0.000
64.000	13884.000	1543.410	1.000	2.000	1.000	0.000	0.000
64.000	13882.000	1543.540	1.000	2.000	1.000	0.000	0.000
64.000	13887.000	1543.670	1.000	2.000	1.000	0.000	0.000
64.000	13886.000	1543.540	1.000	2.000	1.000	0.000	0.000
64.000	13889.000	1543.670	1.000	2.000	1.000	0.000	0.000
64.000	13893.000	1543.540	1.000	2.000	1.000	0.000	0.000
64.000	13884.000	1543.540	1.000	2.000	1.000	0.000	0.000
63.000	13882.000	1543.540	1.000	2.000	1.000	0.000	0.000
64.000	13883.000	1543.670	1.000	2.000	1.000	0.000	0.000
65.000	13883.000	1543.540	1.000	2.000	1.000	0.000	0.000
64.000	13887.000	1543.540	1.000	2.000	1.000	0.000	0.000
79.000	13887.000	1543.540	1.000	2.000	1.000	0.000	0.000
64.000	13880.000	1543.670	1.000	2.000	1.000	0.000	0.000
64.000	13882.000	1543.670	1.000	2.000	1.000	0.000	0.000
64.000	13887.000	1543.540	1.000	2.000	1.000	0.000	0.000
64.000	13889.000	1543.540	1.000	2.000	1.000	0.000	0.000
64.000	13890.000	1543.540	1.000	2.000	1.000	0.000	0.000
64.000	13887.000	1543.410	1.000	2.000	1.000	0.000	0.000
63.000	13891.000	1543.540	1.000	2.000	1.000	0.000	0.000
64.000	13888.000	1543.540	1.000	2.000	1.000	0.000	0.000
64.000	13887.000	1543.540	1.000	2.000	1.000	0.000	0.000
64.000	13887.000	1543.410	1.000	2.000	1.000	0.000	0.000
64.000	13883.000	1543.540	1.000	2.000	1.000	0.000	0.000
81.000	13882.000	1543.540	1.000	2.000	1.000	0.000	0.000
63.000	13890.000	1543.410	1.000	2.000	1.000	0.000	0.000
64.000	13883.000	1543.540	1.000	2.000	1.000	0.000	0.000
63.000	13887.000	1543.540	1.000	2.000	1.000	0.000	0.000
65.000	13887.000	1543.540	1.000	2.000	1.000	0.000	0.000
64.000	13890.000	1543.540	1.000	2.000	1.000	0.000	0.000
64.000	13891.000	1543.540	1.000	2.000	1.000	0.000	0.000
64.000	13885.000	1543.540	1.000	2.000	1.000	0.000	0.000
64.000	13886.000	1543.540	1.000	2.000	1.000	0.000	0.000
64.000	13890.000	1543.670	1.000	2.000	1.000	0.000	0.000
64.000	13885.000	1543.540	1.000	2.000	1.000	0.000	0.000
80.000	13888.000	1543.670	1.000	2.000	1.000	0.000	0.000
63.000	13890.000	1543.540	1.000	2.000	1.000	0.000	0.000
64.000	13884.000	1543.540	1.000	2.000	1.000	0.000	0.000
64.000	13885.000	1543.540	1.000	2.000	1.000	0.000	0.000
64.000	13889.000	1543.540	1.000	2.000	1.000	0.000	0.000
64.000	13883.000	1543.670	1.000	2.000	1.000	0.000	0.000
63.000	13895.000	1543.540	1.000	2.000	1.000	0.000	0.000
65.000	13882.000	1543.540	1.000	2.000	1.000	0.000	0.000
64.000	13891.000	1543.540	1.000	2.000	1.000	0.000	0.000
64.000	13883.000	1543.540	1.000	2.000	1.000	0.000	0.000
63.000	13952.000	1543.670	1.000	2.000	1.000	0.000	0.000
64.000	14036.000	1543.540	1.000	2.000	1.000	0.000	0.000
81.000	14128.000	1543.540	1.000	2.000	1.000	0.000	0.000
63.000	14221.000	1543.670	1.000	2.000	1.000	0.000	0.000
64.000	14310.000	1543.670	1.000	2.000	1.000	0.000	0.000
64.000	14412.000	1543.670	1.000	2.000	1.000	0.000	0.000
64.000	14510.000	1543.540	1.000	2.000	1.000	0.000	0.000
64.000	14625.000	1543.540	1.000	2.000	1.000	0.000	0.000
64.000	14726.000	1543.540	1.000	2.000	1.000	0.000	0.000
64.000	14838.000	1543.540	1.000	2.000	1.000	0.000	0.000
64.000	14956.000	1543.540	1.000	2.000	1.000	0.000	0.000
63.000	15070.000	1543.540	1.000	2.000	1.000	0.000	0.000
64.000	15194.000	1543.540	1.000	2.000	1.000	0.000	0.000
65.000	15315.000	1543.540	1.000	2.000	1.000	0.000	0.000
79.000	15453.000	1543.540	1.000	2.000	1.000	0.000	0.000
64.000	15586.000	1543.540	1.000	2.000	1.000	0.000	0.000
64.000	15729.000	1543.540	1.000	2.000	1.000	0.000	0.000
65.000	15870.000	1543.540	1.000	2.000	1.000	0.000	0.000
63.000	16026.000	1543.540	1.000	2.000	1.000	0.000	0.000
64.000	16183.000	1543.410	1.000	2.000	1.000	0.000	0.000
64.000	16337.000	1543.540	1.000	2.000	1.000	0.000	0.000
63.000	16500.000	1543.540	1.000	2.000	1.000	0.000	0.000
64.000	16681.000	1543.540	1.000	2.000	1.000	0.000	0.000
65.000	16859.000	1543.670	1.000	2.000	1.000	0.000	0.000
64.000	17050.000	1543.540	1.000	2.000	1.000	0.000	0.000
79.000	17264.000	1543.540	1.000	2.000	1.000	0.000	0.000
65.000	17478.000	1543.800	1.000	2.000	1.000	0.000	0.000
64.000	17694.000	1543.670	1.000	2.000	1.000	0.000	0.000
64.000	17915.000	1543.800	1.000	2.000	1.000	0.000	0.000
63.000	18139.000	1543.930	1.000	2.000	1.000	0.000	0.000
64.000	18351.000	1544.310	1.000	2.000	1.000	0.000	0.000
63.000	18587.000	1544.570	1.000	2.000	1.000	0.000	0.000
65.000	18803.000	1545.080	1.000	2.000	1.000	0.000	0.000
63.000	19033.000	1545.330	1.000	2.000	1.000	0.000	0.000
64.000	19264.000	1545.720	1.000	2.000	1.000	0.000	0.000
64.000	19374.000	1545.720	1.000	2.000	1.000	0.000	0.000
65.000	19169.000	1545.460	1.000	2.000	1.000	0.000	0.000
80.000	18937.000	1545.200	1.000	2.000	1.000	0.000	0.000
63.000	18707.000	1544.820	1.000	2.000	1.000	0.000	0.000
65.000	18488.000	1544.570	1.000	2.000	1.000	0.000	0.000
63.000	18255.000	1544.310	1.000	2.000	1.000	0.000	0.000
64.000	18027.000	1544.050	1.000	2.000	1.000	0.000	0.000
64.000	17808.000	1543.930	1.000	2.000	1.000	0.000	0.000
64.000	17591.000	1543.800	1.000	2.000	1.000	0.000	0.000
64.000	17370.000	1543.930	1.000	2.000	1.000	0.000	0.000
64.000	17158.000	1543.800	1.000	2.000	1.000	0.000	0.000
64.000	16966.000	1543.670	1.000	2.000	1.000	0.000	0.000
64.000	16783.000	1543.540	1.000	2.000	1.000	0.000	0.000
64.000	16605.000	1543.540	1.000	2.000	1.000	0.000	0.000
80.000	16438.000	1543.670	1.000	2.000	1.000	0.000	0.000
64.000	16273.000	1543.540	1.000	2.000	1.000	0.000	0.000
63.000	16111.000	1543.670	1.000	2.000	1.000	0.000	0.000
65.000	15965.000	1543.540	1.000	2.000	1.000	0.000	0.000
63.000	15819.000	1543.670	1.000	2.000	1.000	0.000	0.000
64.000	15674.000	1543.540	1.000	2.000	1.000	0.000	0.000
64.000	15534.000	1543.540	1.000	2.000	1.000	0.000	0.000
65.000	15399.000	1543.540	1.000	2.000	1.000	0.000	0.000
63.000	15269.000	1543.540	1.000	2.000	1.000	0.000	0.000
64.000	15146.000	1543.540	1.000	2.000	1.000	0.000	0.000
64.000	15024.000	1543.540	1.000	2.000	1.000	0.000	0.000
80.000	14909.000	1543.540	1.000	2.000	1.000	0.000	0.000
64.000	14795.000	1543.540	1.000	2.000	1.000	0.000	0.000
64.000	14685.000	1543.670	1.000	2.000	1.000	0.000	0.000
64.000	14581.000	1543.540	1.000	2.000	1.000	0.000	0.000
63.000	14474.000	1543.670	1.000	2.000	1.000	0.000	0.000
64.000	14375.000	1543.670	1.000	2.000	1.000	0.000	0.000
64.000	14284.000	1543.540	1.000	2.000	1.000	0.000	0.000
64.000	14185.000	1543.410	1.000	2.000	1.000	0.000	0.000
63.000	14095.000	1543.540	1.000	2.000	1.000	0.000	0.000
65.000	14004.000	1543.540	1.000	2.000	1.000	0.000	0.000
64.000	13921.000	1543.540	1.000	2.000	1.000	0.000	0.000
64.000	13840.000	1543.670	1.000	2.000	1.000	0.000	0.000
80.000	13853.000	1543.540	1.000	2.000	1.000	0.000	0.000
63.000	13894.000	1543.540	1.000	2.000	1.000	0.000	0.000
64.000	13898.000	1543.540	1.000	2.000	1.000	0.000	0.000
64.000	13894.000	1543.540	1.000	2.000	1.000	0.000	0.000
64.000	13891.000	1543.540	1.000	2.000	1.000	0.000	0.000
64.000	13893.000	1543.540	1.000	2.000	1.000	0.000	0.000
65.000	13898.000	1543.670	1.000	2.000	1.000	0.000	0.000
63.000	13896.000	1543.540	1.000	2.000	1.000	0.000	0.000
64.000	13889.000	1543.540	1.000	2.000	1.000	0.000	0.000
64.000	13893.000	1543.540	1.000	2.000	1.000	0.000	0.000
64.000	13894.000	1543.540	1.000	2.000	1.000	0.000	0.000
79.000	13887.000	1543.410	1.000	2.000	1.000	0.000	0.000
65.000	13894.000	1543.410	1.000	2.000	1.000	0.000	0.000
64.000	13893.000	1543.540	1.000	2.000	1.000	0.000	0.000
63.000	13895.000	1543.670	1.000	2.000	1.000	0.000	0.000
65.000	13895.000	1543.540	1.000	2.000	1.000	0.000	0.000
63.000	13894.000	1543.540	1.000	2.000	1.000	0.000	0.000
65.000	13895.000	1543.540	1.000	2.000	1.000	0.000	0.000
63.000	13898.000	1543.540	1.000	2.000	1.000	0.000	0.000
65.000	13890.000	1543.670	1.000	2.000	1.000	0.000	0.000
63.000	13895.000	1543.540	1.000	2.000	1.000	0.000	0.000
64.000	13890.000	1543.410	1.000	2.000	1.000	0.000	0.000
64.000	13896.000	1543.540	1.000	2.000	1.000	0.000	0.000
80.000	13894.000	1543.540	1.000	2.000	1.000	0.000	0.000
64.000	13894.000	1543.670	1.000	2.000	1.000	0.000	0.000
64.000	13901.000	1543.540	1.000	2.000	1.000	0.000	0.000
64.000	13888.000	1543.410	1.000	2.000	1.000	0.000	0.000
63.000	13892.000	1543.540	1.000	2.000	1.000	0.000	0.000
64.000	13899.000	1543.540	1.000	2.000	1.000	0.000	0.000
65.000	13889.000	1543.540	1.000	2.000	1.000	0.000	0.000
65.000	13894.000	1543.670	1.000	2.000	1.000	0.000	0.000
62.000	13889.000	1543.670	1.000	2.000	1.000	0.000	0.000
64.000	13896.000	1543.410	1.000	2.000	1.000	0.000	0.000
64.000	13900.000	1543.540	1.000	2.000	1.000	0.000	0.000
64.000	13890.000	1543.670	1.000	2.000	1.000	0.000	0.000
80.000	13894.000	1543.670	1.000	2.000	1.000	0.000	0.000
64.000	13888.000	1543.540	1.000	2.000	1.000	0.000	0.000
64.000	13895.000	1543.540	1.000	2.000	1.000	0.000	0.000
64.000	13891.000	1543.540	1.000	2.000	1.000	0.000	0.000
63.000	13900.000	1543.540	1.000	2.000	1.000	0.000	0.000
64.000	13896.000	1543.540	1.000	2.000	1.000	0.000	0.000
64.000	13891.000	1543.540	1.000	2.000	1.000	0.000	0.000
64.000	13897.000	1543.410	1.000	2.000	1.000	0.000	0.000
64.000	13895.000	1543.670	1.000	2.000	1.000	0.000	0.000
64.000	13900.000	1543.540	1.000	2.000	1.000	0.000	0.000
64.000	13892.000	1543.670	1.000	2.000	1.000	0.000	0.000
80.000	13894.000	1543.540	1.000	2.000	1.000	0.000	0.000
64.000	13898.000	1543.540	1.000	2.000	1.000	0.000	0.000
64.000	13894.000	1543.540	1.000	2.000	1.000	0.000	0.000
64.000	13895.000	1543.540	1.000	2.000	1.000	0.000	0.000
64.000	13891.000	1543.540	1.000	2.000	1.000	0.000	0.000
64.000	13890.000	1543.540	1.000	2.000	1.000	0.000	0.000
64.000	13900.000	1543.410	1.000	2.000	1.000	0.000	0.000
63.000	13896.000	1543.540	1.000	2.000	1.000	0.000	0.000
65.000	13898.000	1543.410	1.000	2.000	1.000	0.000	0.000
63.000	13892.000	1543.670	1.000	2.000	1.000	0.000	0.000
65.000	13889.000	1543.670	1.000	2.000	1.000	0.000	0.000
63.000	13899.000	1543.540	1.000	2.000	1.000	0.000	0.000
80.000	13892.000	1543.540	1.000	2.000	1.000	0.000	0.000
64.000	13895.000	1543.540	1.000	2.000	1.000	0.000	0.000
64.000	13894.000	1543.410	1.000	2.000	1.000	0.000	0.000
63.000	13898.000	1543.670	1.000	2.000	1.000	0.000	0.000
65.000	13890.000	1543.410	1.000	2.000	1.000	0.000	0.000
64.000	13896.000	1543.540	1.000	2.000	1.000	0.000	0.000
64.000	13912.000	1543.540	1.000	2.000	1.000	0.000	0.000
63.000	14007.000	1543.540	1.000	2.000	1.000	0.000	0.000
65.000	14093.000	1543.670	1.000	2.000	1.000	0.000	0.000
64.000	14184.000	1543.540	1.000	2.000	1.000	0.000	0.000
64.000	14275.000	1543.670	1.000	2.000	1.000	0.000	0.000
63.000	14379.000	1543.540	1.000	2.000	1.000	0.000	0.000
80.000	14479.000	1543.540	1.000	2.000	1.000	0.000	0.000
65.000	14576.000	1543.540	1.000	2.000	1.000	0.000	0.000
63.000	14687.000	1543.540	1.000	2.000	1.000	0.000	0.000
64.000	14796.000	1543.540	1.000	2.000	1.000	0.000	0.000
63.000	14908.000	1543.540	1.000	2.000	1.000	0.000	0.000
65.000	15025.000	1543.540	1.000	2.000	1.000	0.000	0.000
63.000	15143.000	1543.540	1.000	2.000	1.000	0.000	0.000
65.000	15269.000	1543.410	1.000	2.000	1.000	0.000	0.000
64.000	15398.000	1543.540	1.000	2.000	1.000	0.000	0.000
64.000	15535.000	1543.540	1.000	2.000	1.000	0.000	0.000
63.000	15665.000	1543.670	1.000	2.000	1.000	0.000	0.000
64.000	15814.000	1543.540	1.000	2.000	1.000	0.000	0.000
80.000	15965.000	1543.540	1.000	2.000	1.000	0.000	0.000
64.000	16114.000	1543.540	1.000	2.000	1.000	0.000	0.000
64.000	16274.000	1543.540	1.000	2.000	1.000	0.000	0.000
64.000	16439.000	1543.540	1.000	2.000	1.000	0.000	0.000
64.000	16611.000	1543.670	1.000	2.000	1.000	0.000	0.000
64.000	16792.000	1543.540	1.000	2.000	1.000	0.000	0.000
64.000	16975.000	1543.540	1.000	2.000	1.000	0.000	0.000
63.000	17174.000	1543.540	1.000	2.000	1.000	0.000	0.000
64.000	17387.000	1543.670	1.000	2.000	1.000	0.000	0.000
64.000	17607.000	1543.800	1.000	2.000	1.000	0.000	0.000
65.000	17822.000	1543.800	1.000	2.000	1.000	0.000	0.000
79.000	18044.000	1543.930	1.000	2.000	1.000	0.000	0.000
64.000	18265.000	1544.180	1.000	2.000	1.000	0.000	0.000
64.000	18491.000	1544.440	1.000	2.000	1.000	0.000	0.000
64.000	18714.000	1544.820	1.000	2.000	1.000	0.000	0.000
64.000	18936.000	1545.200	1.000	2.000	1.000	0.000	0.000
64.000	19174.000	1545.590	1.000	2.000	1.000	0.000	0.000
64.000	19387.000	1545.840	1.000	2.000	1.000	0.000	0.000
64.000	19290.000	1545.720	1.000	2.000	1.000	0.000	0.000
64.000	19062.000	1545.330	1.000	2.000	1.000	0.000	0.000
63.000	18831.000	1545.080	1.000	2.000	1.000	0.000	0.000
64.000	18603.000	1544.570	1.000	2.000	1.000	0.000	0.000
64.000	18368.000	1544.440	1.000	2.000	1.000	0.000	0.000
80.000	18151.000	1544.050	1.000	2.000	1.000	0.000	0.000
65.000	17917.000	1544.050	1.000	2.000	1.000	0.000	0.000
63.000	17702.000	1543.800	1.000	2.000	1.000	0.000	0.000
64.000	17481.000	1543.670	1.000	2.000	1.000	0.000	0.000
63.000	17268.000	1543.670	1.000	2.000	1.000	0.000	0.000
65.000	17064.000	1543.800	1.000	2.000	1.000	0.000	0.000
64.000	16878.000	1543.540	1.000	2.000	1.000	0.000	0.000
64.000	16695.000	1543.540	1.000	2.000	1.000	0.000	0.000
63.000	16526.000	1543.670	1.000	2.000	1.000	0.000	0.000
65.000	16351.000	1543.540	1.000	2.000	1.000	0.000	0.000
63.000	16198.000	1543.540	1.000	2.000	1.000	0.000	0.000
81.000	16045.000	1543.670	1.000	2.000	1.000	0.000	0.000
64.000	15891.000	1543.670	1.000	2.000	1.000	0.000	0.000
63.000	15745.000	1543.670	1.000	2.000	1.000	0.000	0.000
65.000	15605.000	1543.540	1.000	2.000	1.000	0.000	0.000
63.000	15468.000	1543.540	1.000	2.000	1.000	0.000	0.000
64.000	15341.000	1543.670	1.000	2.000	1.000	0.000	0.000
63.000	15214.000	1543.540	1.000	2.000	1.000	0.000	0.000
65.000	15091.000	1543.540	1.000	2.000	1.000	0.000	0.000
64.000	14974.000	1543.540	1.000	2.000	1.000	0.000	0.000
63.000	14853.000	1543.670	1.000	2.000	1.000	0.000	0.000
64.000	14746.000	1543.540	1.000	2.000	1.000	0.000	0.000
65.000	14642.000	1543.540	1.000	2.000	1.000	0.000	0.000
79.000	14530.000	1543.540	1.000	2.000	1.000	0.000	0.000
64.000	14426.000	1543.540	1.000	2.000	1.000	0.000	0.000
64.000	14330.000	1543.670	1.000	2.000	1.000	0.000	0.000
64.000	14240.000	1543.540	1.000	2.000	1.000	0.000	0.000
64.000	14142.000	1543.540	1.000	2.000	1.000	0.000	0.000
64.000	14058.000	1543.540	1.000	2.000	1.000	0.000	0.000
64.000	13970.000	1543.540	1.000	2.000	1.000	0.000	0.000
64.000	13881.000	1543.540	1.000	2.000	1.000	0.000	0.000
63.000	13838.000	1543.540	1.000	2.000	1.000	0.000	0.000
64.000	13897.000	1543.540	1.000	2.000	1.000	0.000	0.000
65.000	13904.000	1543.540	1.000	2.000	1.000	0.000	0.000
63.000	13904.000	1543.540	1.000	2.000	1.000	0.000	0.000
80.000	13902.000	1543.540	1.000	2.000	1.000	0.000	0.000
65.000	13902.000	1543.670	1.000	2.000	1.000	0.000	0.000
64.000	13900.000	1543.670	1.000	2.000	1.000	0.000	0.000
64.000	13904.000	1543.540	1.000	2.000	1.000	0.000	0.000
63.000	13905.000	1543.540	1.000	2.000	1.000	0.000	0.000
64.000	13900.000	1543.540	1.000	2.000	1.000	0.000	0.000
64.000	13904.000	1543.410	1.000	2.000	1.000	0.000	0.000
64.000	13904.000	1543.540	1.000	2.000	1.000	0.000	0.000
64.000	13902.000	1543.540	1.000	2.000	1.000	0.000	0.000
64.000	13906.000	1543.670	1.000	2.000	1.000	0.000	0.000
64.000	13904.000	1543.670	1.000	2.000	1.000	0.000	0.000
80.000	13902.000	1543.540	1.000	2.000	1.000	0.000	0.000
63.000	13899.000	1543.410	1.000	2.000	1.000	0.000	0.000
65.000	13902.000	1543.540	1.000	2.000	1.000	0.000	0.000
63.000	13902.000	1543.540	1.000	2.000	1.000	0.000	0.000
64.000	13898.000	1543.540	1.000	2.000	1.000	0.000	0.000
64.000	13896.000	1543.540	1.000	2.000	1.000	0.000	0.000
64.000	13899.000	1543.540	1.000	2.000	1.000	0.000	0.000
64.000	13907.000	1543.540	1.000	2.000	1.000	0.000	0.000
64.000	13901.000	1543.540	1.000	2.000	1.000	0.000	0.000
64.000	13899.000	1543.540	1.000	2.000	1.000	0.000	0.000
64.000	13903.000	1543.540	1.000	2.000	1.000	0.000	0.000
64.000	13908.000	1543.670	1.000	2.000	1.000	0.000	0.000
80.000	13904.000	1543.540	1.000	2.000	1.000	0.000	0.000
63.000	13902.000	1543.540	1.000	2.000	1.000	0.000	0.000
64.000	13903.000	1543.540	1.000	2.000	1.000	0.000	0.000
65.000	13902.000	1543.540	1.000	2.000	1.000	0.000	0.000
63.000	13902.000	1543.540	1.000	2.000	1.000	0.000	0.000
64.000	13902.000	1543.410	1.000	2.000	1.000	0.000	0.000
64.000	13905.000	1543.540	1.000	2.000	1.000	0.000	0.000
64.000	13902.000	1543.410	1.000	2.000	1.000	0.000	0.000
64.000	13905.000	1543.540	1.000	2.000	1.000	0.000	0.000
64.000	13908.000	1543.540	1.000	2.000	1.000	0.000	0.000
64.000	13905.000	1543.540	1.000	2.000	1.000	0.000	0.000
64.000	13905.000	1543.540	1.000	2.000	1.000	0.000	0.000
79.000	13902.000	1543.540	1.000	2.000	1.000	0.000	0.000
64.000	13900.000	1543.540	1.000	2.000	1.000	0.000	0.000
64.000	13904.000	1543.540	1.000	2.000	1.000	0.000	0.000
64.000	13904.000	1543.670	1.000	2.000	1.000	0.000	0.000
64.000	13904.000	1543.540	1.000	2.000	1.000	0.000	0.000
64.000	13900.000	1543.410	1.000	2.000	1.000	0.000	0.000
64.000	13899.000	1543.410	1.000	2.000	1.000	0.000	0.000
64.000	13902.000	1543.540	1.000	2.000	1.000	0.000	0.000
64.000	13904.000	1543.540	1.000	2.000	1.000	0.000	0.000
64.000	13904.000	1543.410	1.000	2.000	1.000	0.000	0.000
63.000	13905.000	1543.540	1.000	2.000	1.000	0.000	0.000
81.000	13907.000	1543.540	1.000	2.000	1.000	0.000	0.000
63.000	13905.000	1543.540	1.000	2.000	1.000	0.000	0.000
65.000	13905.000	1543.540	1.000	2.000	1.000	0.000	0.000
63.000	13905.000	1543.540	1.000	2.000	1.000	0.000	0.000
64.000	13904.000	1543.540	1.000	2.000	1.000	0.000	0.000
64.000	13903.000	1543.540	1.000	2.000	1.000	0.000	0.000
64.000	13904.000	1543.670	1.000	2.000	1.000	0.000	0.000
65.000	13902.000	1543.540	1.000	2.000	1.000	0.000	0.000
63.000	13905.000	1543.540	1.000	2.000	1.000	0.000	0.000
64.000	13903.000	1543.540	1.000	2.000	1.000	0.000	0.000
64.000	13903.000	1543.410	1.000	2.000	1.000	0.000	0.000
64.000	13902.000	1543.540	1.000	2.000	1.000	0.000	0.000
79.000	13903.000	1543.410	1.000	2.000	1.000	0.000	0.000
65.000	13904.000	1543.540	1.000	2.000	1.000	0.000	0.000
64.000	13908.000	1543.410	1.000	2.000	1.000	0.000	0.000
63.000	13899.000	1543.540	1.000	2.000	1.000	0.000	0.000
65.000	13903.000	1543.540	1.000	2.000	1.000	0.000	0.000
64.000	13906.000	1543.540	1.000	2.000	1.000	0.000	0.000
64.000	13908.000	1543.410	1.000	2.000	1.000	0.000	0.000
63.000	13904.000	1543.410	1.000	2.000	1.000	0.000	0.000
64.000	13905.000	1543.540	1.000	2.000	1.000	0.000	0.000
64.000	13903.000	1543.540	1.000	2.000	1.000	0.000	0.000
64.000	13902.000	1543.540	1.000	2.000	1.000	0.000	0.000
64.000	13901.000	1543.540	1.000	2.000	1.000	0.000	0.000
80.000	13901.000	1543.540	1.000	2.000	1.000	0.000	0.000
63.000	13909.000	1543.670	1.000	2.000	1.000	0.000	0.000
65.000	13900.000	1543.540	1.000	2.000	1.000	0.000	0.000
63.000	13903.000	1543.540	1.000	2.000	1.000	0.000	0.000
64.000	13900.000	1543.540	1.000	2.000	1.000	0.000	0.000
64.000	13908.000	1543.540	1.000	2.000	1.000	0.000	0.000
65.000	13903.000	1543.540	1.000	2.000	1.000	0.000	0.000
64.000	13899.000	1543.540	1.000	2.000	1.000	0.000	0.000
63.000	13904.000	1543.540	1.000	2.000	1.000	0.000	0.000
64.000	13901.000	1543.540	1.000	2.000	1.000	0.000	0.000
64.000	13901.000	1543.670	1.000	2.000	1.000	0.000	0.000
80.000	13907.000	1543.410	1.000	2.000	1.000	0.000	0.000
64.000	13908.000	1543.540	1.000	2.000	1.000	0.000	0.000
64.000	13901.000	1543.540	1.000	2.000	1.000	0.000	0.000
64.000	13905.000	1543.540	1.000	2.000	1.000	0.000	0.000
64.000	13896.000	1543.540	1.000	2.000	1.000	0.000	0.000
64.000	13903.000	1543.540	1.000	2.000	1.000	0.000	0.000
63.000	13898.000	1543.410	1.000	2.000	1.000	0.000	0.000
65.000	13907.000	1543.540	1.000	2.000	1.000	0.000	0.000
63.000	13901.000	1543.410	1.000	2.000	1.000	0.000	0.000
65.000	13905.000	1543.540	1.000	2.000	1.000	0.000	0.000
63.000	13904.000	1543.540	1.000	2.000	1.000	0.000	0.000
65.000	13902.000	1543.410	1.000	2.000	1.000	0.000	0.000
79.000	13900.000	1543.410	1.000	2.000	1.000	0.000	0.000
64.000	13907.000	1543.670	1.000	2.000	1.000	0.000	0.000
63.000	13901.000	1543.410	1.000	2.000	1.000	0.000	0.000
65.000	13903.000	1543.540	1.000	2.000	1.000	0.000	0.000
64.000	13903.000	1543.410	1.000	2.000	1.000	0.000	0.000
64.000	13905.000	1543.540	1.000	2.000	1.000	0.000	0.000
63.000	13902.000	1543.540	1.000	2.000	1.000	0.000	0.000
64.000	13903.000	1543.540	1.000	2.000	1.000	0.000	0.000
64.000	13906.000	1543.540	1.000	2.000	1.000	0.000	0.000
65.000	13902.000	1543.540	1.000	2.000	1.000	0.000	0.000
63.000	13903.000	1543.540	1.000	2.000	1.000	0.000	0.000
65.000	13900.000	1543.540	1.000	2.000	1.000	0.000	0.000
79.000	13902.000	1543.540	1.000	2.000	1.000	0.000	0.000
64.000	13903.000	1543.540	1.000	2.000	1.000	0.000	0.000
64.000	13903.000	1543.410	1.000	2.000	1.000	0.000	0.000
65.000	13904.000	1543.410	1.000	2.000	1.000	0.000	0.000
63.000	13905.000	1543.540	1.000	2.000	1.000	0.000	0.000
64.000	13901.000	1543.410	1.000	2.000	1.000	0.000	0.000
64.000	13902.000	1543.410	1.000	2.000	1.000	0.000	0.000
64.000	13900.000	1543.410	1.000	2.000	1.000	0.000	0.000
63.000	13904.000	1543.540	1.000	2.000	1.000	0.000	0.000
65.000	13904.000	1543.540	1.000	2.000	1.000	0.000	0.000
63.000	13900.000	1543.410	1.000	2.000	1.000	0.000	0.000
64.000	13903.000	1543.540	1.000	2.000	1.000	0.000	0.000
80.000	13905.000	1543.540	1.000	2.000	1.000	0.000	0.000
64.000	13899.000	1543.410	1.000	2.000	1.000	0.000	0.000
64.000	13903.000	1543.540	1.000	2.000	1.000	0.000	0.000
65.000	13910.000	1543.540	1.000	2.000	1.000	0.000	0.000
63.000	13908.000	1543.540	1.000	2.000	1.000	0.000	0.000
64.000	13905.000	1543.540	1.000	2.000	1.000	0.000	0.000
64.000	13906.000	1543.540	1.000	2.000	1.000	0.000	0.000
64.000	13908.000	1543.540	1.000	2.000	1.000	0.000	0.000
64.000	13895.000	1543.410	1.000	2.000	1.000	0.000	0.000
76.000	13904.000	1543.410	1.000	2.000	1.000	0.000	0.000
80.000	13908.000	1543.410	1.000	2.000	1.000	0.000	0.000
52.000	13907.000	1543.410	1.000	2.000	1.000	0.000	0.000
63.000	13909.000	1543.540	1.000	2.000	1.000	0.000	0.000
64.000	13905.000	1543.540	1.000	2.000	1.000	0.000	0.000
64.000	13900.000	1543.410	1.000	2.000	1.000	0.000	0.000
64.000	13905.000	1543.540	1.000	2.000	1.000	0.000	0.000
64.000	13905.000	1543.410	1.000	2.000	1.000	0.000	0.000
64.000	13904.000	1543.410	1.000	2.000	1.000	0.000	0.000
68.000	13905.000	1543.540	1.000	2.000	1.000	0.000	0.000
