19704 1542.49

19699 1542.36

19697 1542.49

19696 1542.49

19699 1542.36

19701 1542.49

19705 1542.36

19703 1542.36

19703 1542.49

19702 1542.49

19705 1542.49

19699 1542.49

19699 1542.49

19703 1542.49

19700 1542.36

19703 1542.491542.36

19702 1542.49

19706 1542.36

19697 1542.49

19696 1542.49

19703 1542.36

19704 1542.49

19700 1542.49

19699 1542.49

19704 1542.49

19700 1542.62

19703 1542.36

19700 1542.36

19701 1542.62

19699 1542.36

19698 1542.49

19702 1542.62

19702 1542.49

19703 1542.49

19701 1542.49

19702 1542.49

19702 1542.49

19698 1542.49

19699 1542.36

19700 1542.49

19700 1542.36

19699 1542.49

19699 1542.49

19697 1542.49

19701 1542.49

19701 1542.36

19702 1542.49

19699 1542.49

19698 1542.49

19696 1542.49

19705 1542.36

19701 1542.36

19699 1542.62

19702 1542.49

19699 1542.36

19694 1542.49

19704 1542.49

19700 1542.36

19699 1542.36

19695 1542.49

19699 1542.36

19704 1542.49

19702 1542.49

19713 1542.36

19712 1542.49

19712 1542.49

19711 1542.49

19721 1542.36

19727 1542.49

19730 1542.36

19734 1542.49

19736 1542.49

19741 1542.49

19750 1542.49

19749 1542.36

19758 1542.49

19760 1542.49

19767 1542.36

19770 1542.49

19779 1542.49

19781 1542.49

19789 1542.49

19793 1542.49

19792 1542.49

19798 1542.49

19799 1542.49

19814 1542.36

19816 1542.49

19825 1542.49

19831 1542.49

19833 1542.49

19839 1542.62

19849 1542.36

19851 1542.49

19857 1542.36

19867 1542.49

19874 1542.49

19874 1542.49

19889 1542.49

19892 1542.49

19896 1542.49

19901 1542.49

19917 1542.49

19920 1542.49

19931 1542.62

19937 1542.36

19942 1542.49

19951 1542.49

19958 1542.36

19972 1542.49

19976 1542.36

19982 1542.36

19993 1542.49

20000 1542.36

20013 1542.49

20020 1542.49

20030 1542.49

20043 1542.49

20046 1542.49

20056 1542.49

20066 1542.49

20078 1542.49

20093 1542.49

20098 1542.49

20110 1542.62

20122 1542.49

20132 1542.49

20147 1542.49

20158 1542.49

20167 1542.49

20179 1542.49

20194 1542.49

20205 1542.49

20224 1542.49

20235 1542.49

20245 1542.62

20256 1542.49

20275 1542.49

20290 1542.49

20304 1542.49

20317 1542.49

20333 1542.49

20345 1542.49

20363 1542.49

20378 1542.36

20396 1542.49

20413 1542.36

20428 1542.49

20451 1542.36

20458 1542.49

20479 1542.36

20503 1542.36

20521 1542.49

20544 1542.49

20561 1542.49

20580 1542.36

20604 1542.49

20626 1542.49

20646 1542.49

20663 1542.49

20687 1542.36

20714 1542.49

20730 1542.49

20756 1542.49

20784 1542.49

20804 1542.49

20827 1542.49

20859 1542.49

20884 1542.36

20907 1542.49

20939 1542.49

20974 1542.49

20998 1542.49

21028 1542.36

21062 1542.49

21097 1542.49

21130 1542.49

21162 1542.49

21197 1542.36

21233 1542.49

21271 1542.62

21301 1542.49

21337 1542.62

21360 1542.62

21396 1542.74

21419 1542.87

21459 1543.00

21492 1543.26

21532 1543.51

21571 1543.64

21609 1543.77

21658 1544.28

21702 1544.66

21764 1544.92

21823 1545.43

21891 1545.68

21956 1546.20

22029 1546.58

22091 1547.09

22175 1547.60

22249 1548.11

22330 1548.62

22407 1549.52

22486 1550.16

22558 1550.80

22639 1551.56

22714 1552.46

22769 1553.23

22821 1553.99

22872 1554.89

22929 1555.91

22951 1556.80

22962 1557.83

22977 1558.72

22988 1560.00

22993 1560.89

23022 1562.17

23059 1563.19

23100 1564.60

23131 1565.88

23163 1567.16

23211 1568.56

23267 1570.10

23368 1571.37

23457 1572.65

23536 1574.06

23614 1575.08

23617 1575.72

23668 1576.87

23744 1578.15

23815 1579.68

23870 1580.96

23897 1582.49

23866 1582.49

23777 1580.83

23700 1578.79

23616 1576.74

23527 1574.70

23427 1572.53

23317 1570.48

23225 1568.44

23190 1566.39

23164 1564.35

23136 1562.68

23120 1560.89

23101 1559.36

23095 1557.95

23073 1556.55

23056 1555.40

23048 1554.25

23048 1553.35

23067 1552.33

23077 1551.44

23087 1550.67

23062 1550.03

23015 1549.39

22957 1548.75

22874 1548.24

22779 1547.73

22674 1547.35

22574 1546.96

22479 1546.58

22351 1546.20

22235 1545.81

22142 1545.43

22046 1545.30

21963 1545.17

21893 1544.79

21828 1544.53

21766 1544.28

21709 1544.02

21656 1543.90

21611 1543.64

21567 1543.64

21538 1543.38

21500 1543.26

21471 1543.26

21439 1542.87

21422 1543.00

21384 1542.87

21360 1542.74

21331 1542.74

21301 1542.62

21297 1542.62

21261 1542.62

21222 1542.62

21195 1542.62

21154 1542.62

21120 1542.62

21099 1542.74

21060 1542.62

21035 1542.62

20999 1542.62

20968 1542.49

20945 1542.62

20914 1542.62

20889 1542.62

20862 1542.62

20833 1542.62

20808 1542.62

20781 1542.74

20758 1542.62

20736 1542.62

20715 1542.62

20690 1542.62

20672 1542.62

20650 1542.62

20631 1542.62

20613 1542.49

20593 1542.49

20571 1542.62

20550 1542.62

20536 1542.74

20517 1542.62

20495 1542.62

20473 1542.62

20459 1542.62

20442 1542.62

20427 1542.62

20410 1542.74

20394 1542.62

20377 1542.49

20359 1542.62

20348 1542.49

20329 1542.62

20319 1542.62

20306 1542.49

20290 1542.62

20273 1542.62

20259 1542.49

20248 1542.49

20235 1542.62

20222 1542.49

20209 1542.62

20199 1542.49

20181 1542.62

20176 1542.49

20163 1542.49

20150 1542.62

20143 1542.49

20128 1542.49

20122 1542.49

20110 1542.49

20098 1542.49

20091 1542.49

20080 1542.62

20067 1542.62

20055 1542.62

20047 1542.49

20037 1542.49

20028 1542.62

20025 1542.49

20011 1542.49

20005 1542.62

19998 1542.62

19989 1542.74

19983 1542.62

19969 1542.62

19965 1542.62

19953 1542.49

19947 1542.62

19941 1542.49

19936 1542.49

19927 1542.62

19922 1542.49

19913 1542.62

19908 1542.62

19900 1542.62

19896 1542.62

19884 1542.49

19880 1542.62

19875 1542.62

19872 1542.62

19860 1542.62

19857 1542.62

19849 1542.62

19845 1542.62

19842 1542.62

19836 1542.49

19830 1542.62

19822 1542.62

19822 1542.49

19814 1542.49

19808 1542.62

19805 1542.62

19798 1542.49

19792 1542.62

19789 1542.62

19785 1542.49

19783 1542.62

19775 1542.62

19768 1542.49

19763 1542.62

19760 1542.49

19757 1542.49

19757 1542.62

19749 1542.49

19747 1542.49

19740 1542.62

19738 1542.49

19736 1542.62

19728 1542.49

19723 1542.62

19724 1542.62

19717 1542.49

19714 1542.49

19716 1542.62

19720 1542.62

19720 1542.62

19719 1542.62

19712 1542.49

19723 1542.49

19722 1542.62

19720 1542.62

19719 1542.74

19721 1542.62

19721 1542.49

19718 1542.62

19716 1542.62

19717 1542.62

19722 1542.62

19718 1542.62

19717 1542.62

19717 1542.62

19717 1542.49

19721 1542.62

19718 1542.62

19719 1542.62

19719 1542.62

19720 1542.49

19715 1542.62

19718 1542.49

19717 1542.62

19722 1542.62

19715 1542.62

19717 1542.62

19723 1542.49

19717 1542.62

19721 1542.74

19722 1542.62

19714 1542.49

19719 1542.74

19718 1542.49

19722 1542.62

19717 1542.62

19718 1542.36

19718 1542.62

19716 1542.49

19716 1542.62

19719 1542.62

19719 1542.49

19718 1542.62

19722 1542.49

19717 1542.49

19716 1542.74

19720 1542.62

19718 1542.74

19717 1542.62

19718 1542.62

19717 1542.49

19717 1542.62

19719 1542.49

19711 1542.62

19716 1542.62

19718 1542.62

19722 1542.49

19722 1542.49

19719 1542.62

19716 1542.62

19714 1542.49

19722 1542.49

19716 1542.62

19718 1542.62

19718 1542.62

19714 1542.62

19718 1542.49

19717 1542.62

19719 1542.62

19718 1542.49

19714 1542.62

19710 1542.62

19719 1542.49

19719 1542.62

19714 1542.62

19717 1542.49

19717 1542.49

19718 1542.62

19715 1542.62

19715 1542.62

19719 1542.62

19717 1542.62

19717 1542.62

19721 1542.62

19719 1542.49

19712 1542.62

19719 1542.74

19720 1542.62

19723 1542.49

19724 1542.62

19731 1542.62

19733 1542.62

19737 1542.62

19740 1542.62

19750 1542.49

19755 1542.62

19754 1542.62

19758 1542.62

19764 1542.62

19765 1542.62

19772 1542.62

19772 1542.62

19780 1542.62

19789 1542.49

19788 1542.62

19794 1542.62

19801 1542.49

19808 1542.62

19809 1542.49

19812 1542.49

19824 1542.49

19824 1542.62

19828 1542.62

19832 1542.62

19841 1542.62

19849 1542.62

19852 1542.62

19856 1542.49

19871 1542.74

19873 1542.49

19881 1 1543.64

21564 1543.51

21531 1543.26

21496 1543.00

21462 1543.13

21433 1543.00

21409 1542.87

21384 1542.87

21355 1542.74

21327 1542.74

21325 1542.62

21281 1542.62

21255 1542.74

21220 1542.62

21188 1542.74

21152 1542.62

21119 1542.62

21085 1542.74

21056 1542.62

21027 1542.74

20996 1542.62

20967 1542.62

20933 1542.62

20912 1542.62

20885 1542.49

20857 1542.49

20832 1542.62

20810 1542.49

20784 1542.62

20760 1542.62

20738 1542.62

20711 1542.62

20692 1542.62

20674 1542.62

20647 1542.62

20628 1542.62

20611 1542.49

20585 1542.62

20569 1542.49

20547 1542.74

20535 1542.62

20508 1542.74

20489 1542.62

20472 1542.62

20455 1542.62

20438 1542.49

20422 1542.62

20410 1542.62

20393 1542.62

20382 1542.62

20362 1542.49

20350 1542.62

20331 1542.49

20317 1542.49

20302 1542.62

20290 1542.62

20274 1542.62

20265 1542.62

20249 1542.62

20239 1542.62

20225 1542.62

20216 1542.62

20199 1542.62

20187 1542.62

20174 1542.49

20164 1542.62

20154 1542.62

20143 1542.49

20130 1542.62

20122 1542.62

20109 1542.62

20103 1542.62

20091 1542.62

20081 1542.62

20069 1542.62

20060 1542.62

20053 1542.62

20042 1542.62

20037 1542.62

20025 1542.49

20013 1542.62

20004 1542.62

19999 1542.49

19990 1542.62

19982 1542.62

19977 1542.62

19970 1542.49

19961 1542.62

19953 1542.62

19944 1542.49

19938 1542.62

19927 1542.62

19922 1542.49

19915 1542.74

19910 1542.74

19909 1542.62

19896 1542.62

19892 1542.62

19883 1542.62

19878 1542.62

19874 1542.62

19861 1542.62

19855 1542.62

19849 1542.49

19847 1542.62

19841 1542.62

19831 1542.49

19832 1542.62

19824 1542.62

19821 1542.62

19816 1542.62

19804 1542.62

19802 1542.62

19799 1542.49

19799 1542.62

19791 1542.62

19791 1542.62

19783 1542.74

19776 1542.49

19770 1542.49

19769 1542.62

19761 1542.62

19761 1542.62

19756 1542.62

19751 1542.62

19746 1542.62

19746 1542.62

19736 1542.49

19733 1542.49

19727 1542.62

19724 1542.49

19720 1542.62

19720 1542.62

19725 1542.49

19720 1542.62

19723 1542.62

19724 1542.62

19719 1542.62

19720 1542.62

19726 1542.62

19715 1542.74

19721 1542.62

19720 1542.62

19719 1542.49

19720 1542.62

19720 1542.62

19719 1

20832 1542.62

20859 1542.49

20886 1542.62

20909 1542.74

20936 1542.62

20968 1542.74

21004 1542.62

21025 1542.62

21057 1542.62

21090 1542.62

21119 1542.74

21153 1542.62

21184 1542.74

21222 1542.62

21257 1542.74

21292 1542.62

21329 1542.62

21355 1542.87

21392 1542.87

21429 1543.00

21452 1543.00

21490 1543.26

21526 1543.38

21560 1543.64

21604 1543.90

21642 1544.15

21685 1544.28

21733 1544.66

21787 1545.05

21836 1545.30

21901 1545.68

21959 1546.20

22030 1546.71

22101 1547.22

22174 1547.73

22246 1548.37

22307 1548.88

22361 1549.65

22430 1550.29

22497 1551.05

22576 1551.82

22651 1552.71

22739 1553.48

22819 1554.38

22889 1555.27

22963 1556.29

23018 1557.44

23071 1558.34

23114 1559.62

23144 1560.64

23160 1561.92

23157 1563.32

23181 1564.60

23212 1566.01

23244 1567.54

23300 1569.07

23322 1570.48

23368 1572.01

23431 1573.55

23504 1574.95

23552 1576.49

23615 1577.89

23638 1579.43

23660 1580.83

23676 1582.11

23681 1583.26

23629 1583.01

23543 1581.09

23483 1579.04

23433 1577.00

23388 1574.95

23357 1572.78

23289 1570.61

23222 1568.56

23194 1566.65

23168 1564.60

23153 1562.81

23129 1561.15

23133 1559.62

23135 1558.08

23126 1556.68

23111 1555.40

23088 1554.38

23075 1553.35

23062 1552.46

23056 1551.69

23053 1550.80

23045 1550.03

22995 1549.52

22944 1548.88

22860 1548.37

22772 1547.86

22677 1547.22

22588 1546.96

22489 1546.58

22390 1546.20

22270 1545.94

22166 1545.56

22070 1545.30

21990 1544.92

21907 1544.79

21840 1544.53

21792 1544.41

21739 1544.15

21676 1543.90

21628 1543.77

21586 1543.51

21544 1543.51

21509 1543.26

21472 1543.26

21450 1543.13

21425 1543.00

21394 1542.87

21369 1542.87

21346 1542.87

21334 1542.87

21305 1542.74

21268 1542.74

21230 1542.74

21201 1542.74

21168 1542.74

21135 1542.74

21100 1542.87

21076 1542.62

21042 1542.74

21011 1542.74

20979 1542.74

20955 1542.74

20924 1542.62

20895 1542.49

20868 1542.62

20845 1542.62

20817 1542.74

20798 1542.62

20774 1542.62

20750 1542.62

20724 1542.62

20707 1542.74

20683 1542.62

20660 1542.62

20640 1542.62

20618 1542.74

20598 1542.62

20574 1542.62

20552 1542.62

20540 1542.62

20523 1 1542.74

19725 1542.62

19725 1542.62

19730 1542.62

19730 1542.62

19739 1542.74

19739 1542.62

19747 1542.74

19752 1542.62

19757 1542.62

19758 1542.74

19759 1542.62

19766 1542.62

19771 1542.74

19775 1542.62

19780 1542.62

19789 1542.62

19787 1542.74

19794 1542.62

19801 1542.62

19801 1542.62

19809 1542.62

19819 1542.62

19821 1542.62

19825 1542.62

19833 1542.62

19833 1542.62

19841 1542.74

19842 1542.62

19852 1542.74

19860 1542.62

19864 1542.62

19866 1542.74

19878 1542.62

19876 1542.49

19889 1542.62

19895 1542.62

19902 1542.62

19910 1542.74

19915 1542.62

19920 1542.49

19925 1542.74

19933 1542.74

19947 1542.74

19948 1542.62

19955 1542.62

19963 1542.62

19972 1542.62

19981 1542.62

19987 1542.62

19996 1542.62

20003 1542.62

20013 1542.62

20024 1542.74

20030 1542.62

20037 1542.62

20047 1542.74

20059 1542.74

20067 1542.62

20078 1542.62

20089 1542.62

20100 1542.62

20105 1542.74

20116 1542.62

20128 1542.74

20142 1542.62

20150 1542.74

20165 1542.62

20173 1542.74

20185 1542.74

20198 1542.62

20209 1542.62

20221 1542.62

20235 1542.62

20245 1542.62

20261 1542.62

20276 1542.62

20292 1542.62

20299 1542.74

20316 1542.62

20328 1542.62

20339 1542.62

20367 1542.74

20378 1542.62

20390 1542.62

20409 1542.74

20425 1542.74

20435 1542.62

20455 1542.74

20473 1542.62

20491 1542.62

20511 1542.74

20532 1542.62

20547 1542.74

20569 1542.62

20590 1542.62

20608 1542.62

20627 1542.74

20646 1542.62

20675 1542.49

20685 1542.62

20712 1542.74

20730 1542.62

20755 1542.62

20779 1542.62

20806 1542.74

20836 1542.62

20857 1542.62

20881 1542.62

20906 1542.62

20938 1542.62

20970 1542.62

20998 1542.62

21026 1542.62

21055 1542.62

21085 1542.74

21124 1542.62

21152 1542.62

21181 1542.74

21223 1542.62

21257 1542.62

21290 1542.74

21325 1542.74

21356 1542.87

21386 1542.87

21419 1543.13

21456 1543.13

21481 1543.13

21525 1543.51

