Loop Time (ms)	IR (16 bit)	Force (N)	Force (N)	Color	Speed (mm/s)	Spatial (mm)	Angle (deg)
255.000	7873.000	1567.300	20.000	0.000	2.000	0.000	0.000
3284.000	7879.000	1567.300	20.000	0.000	2.000	0.000	0.000
64.000	7872.000	1567.170	20.000	0.000	2.000	0.000	0.000
64.000	7877.000	1567.300	20.000	0.000	2.000	0.000	0.000
64.000	7874.000	1567.300	20.000	0.000	2.000	0.000	0.000
80.000	7880.000	1567.300	20.000	0.000	2.000	0.000	0.000
64.000	7879.000	1567.300	20.000	0.000	2.000	0.000	0.000
64.000	7879.000	1567.170	20.000	0.000	2.000	0.000	0.000
64.000	7880.000	1567.170	20.000	0.000	2.000	0.000	0.000
64.000	7876.000	1567.170	20.000	0.000	2.000	0.000	0.000
64.000	7879.000	1567.300	20.000	0.000	2.000	0.000	0.000
65.000	7878.000	1567.040	20.000	0.000	2.000	0.000	0.000
63.000	7881.000	1567.170	20.000	0.000	2.000	0.000	0.000
64.000	7878.000	1567.170	20.000	0.000	2.000	0.000	0.000
63.000	7886.000	1567.170	20.000	0.000	2.000	0.000	0.000
65.000	7884.000	1567.300	20.000	0.000	2.000	0.000	0.000
63.000	7876.000	1567.300	20.000	0.000	2.000	0.000	0.000
80.000	7873.000	1567.170	20.000	0.000	2.000	0.000	0.000
64.000	7880.000	1567.300	20.000	0.000	2.000	0.000	0.000
64.000	7879.000	1567.170	20.000	0.000	2.000	0.000	0.000
64.000	7880.000	1567.170	20.000	0.000	2.000	0.000	0.000
64.000	7876.000	1567.170	20.000	0.000	2.000	0.000	0.000
64.000	7875.000	1567.300	20.000	0.000	2.000	0.000	0.000
63.000	7873.000	1567.300	20.000	0.000	2.000	0.000	0.000
64.000	7875.000	1567.170	20.000	0.000	2.000	0.000	0.000
65.000	7882.000	1567.300	20.000	0.000	2.000	0.000	0.000
63.000	7879.000	1567.300	20.000	0.000	2.000	0.000	0.000
64.000	7875.000	1567.300	20.000	0.000	2.000	0.000	0.000
64.000	7879.000	1567.170	20.000	0.000	2.000	0.000	0.000
80.000	7881.000	1567.170	20.000	0.000	2.000	0.000	0.000
64.000	7876.000	1567.300	20.000	0.000	2.000	0.000	0.000
64.000	7883.000	1567.300	20.000	0.000	2.000	0.000	0.000
64.000	7876.000	1567.170	20.000	0.000	2.000	0.000	0.000
64.000	7878.000	1567.300	20.000	0.000	2.000	0.000	0.000
63.000	7876.000	1567.300	20.000	0.000	2.000	0.000	0.000
65.000	7877.000	1567.170	20.000	0.000	2.000	0.000	0.000
64.000	7880.000	1567.300	20.000	0.000	2.000	0.000	0.000
64.000	7874.000	1567.300	20.000	0.000	2.000	0.000	0.000
64.000	7880.000	1567.300	20.000	0.000	2.000	0.000	0.000
64.000	7876.000	1567.170	20.000	0.000	2.000	0.000	0.000
80.000	7881.000	1567.300	20.000	0.000	2.000	0.000	0.000
63.000	7881.000	1567.300	20.000	0.000	2.000	0.000	0.000
64.000	7882.000	1567.300	20.000	0.000	2.000	0.000	0.000
64.000	7879.000	1567.300	20.000	0.000	2.000	0.000	0.000
63.000	7880.000	1567.170	20.000	0.000	2.000	0.000	0.000
65.000	7877.000	1567.170	20.000	0.000	2.000	0.000	0.000
63.000	7879.000	1567.300	20.000	0.000	2.000	0.000	0.000
64.000	7878.000	1567.300	20.000	0.000	2.000	0.000	0.000
64.000	7879.000	1567.300	20.000	0.000	2.000	0.000	0.000
64.000	7877.000	1567.300	20.000	0.000	2.000	0.000	0.000
65.000	7876.000	1567.300	20.000	0.000	2.000	0.000	0.000
64.000	7882.000	1567.300	20.000	0.000	2.000	0.000	0.000
80.000	7884.000	1567.300	20.000	0.000	2.000	0.000	0.000
63.000	7878.000	1567.300	20.000	0.000	2.000	0.000	0.000
65.000	7876.000	1567.170	20.000	0.000	2.000	0.000	0.000
63.000	7880.000	1567.300	20.000	0.000	2.000	0.000	0.000
63.000	7885.000	1567.170	20.000	0.000	2.000	0.000	0.000
65.000	7881.000	1567.300	20.000	0.000	2.000	0.000	0.000
64.000	7877.000	1567.300	20.000	0.000	2.000	0.000	0.000
64.000	7877.000	1567.300	20.000	0.000	2.000	0.000	0.000
64.000	7878.000	1567.300	20.000	0.000	2.000	0.000	0.000
64.000	7878.000	1567.300	20.000	0.000	2.000	0.000	0.000
63.000	7884.000	1567.300	20.000	0.000	2.000	0.000	0.000
65.000	7879.000	1567.300	20.000	0.000	2.000	0.000	0.000
79.000	7884.000	1567.300	20.000	0.000	2.000	0.000	0.000
64.000	7879.000	1567.300	20.000	0.000	2.000	0.000	0.000
64.000	7883.000	1567.170	20.000	0.000	2.000	0.000	0.000
64.000	7877.000	1567.300	20.000	0.000	2.000	0.000	0.000
64.000	7878.000	1567.300	20.000	0.000	2.000	0.000	0.000
64.000	7884.000	1567.300	20.000	0.000	2.000	0.000	0.000
63.000	7880.000	1567.300	20.000	0.000	2.000	0.000	0.000
65.000	7882.000	1567.300	20.000	0.000	2.000	0.000	0.000
64.000	7877.000	1567.300	20.000	0.000	2.000	0.000	0.000
63.000	7880.000	1567.300	20.000	0.000	2.000	0.000	0.000
65.000	7885.000	1567.300	20.000	0.000	2.000	0.000	0.000
79.000	7880.000	1567.300	20.000	0.000	2.000	0.000	0.000
64.000	7879.000	1567.170	20.000	0.000	2.000	0.000	0.000
64.000	7883.000	1567.300	20.000	0.000	2.000	0.000	0.000
64.000	7875.000	1567.300	20.000	0.000	2.000	0.000	0.000
64.000	7876.000	1567.170	20.000	0.000	2.000	0.000	0.000
64.000	7879.000	1567.300	20.000	0.000	2.000	0.000	0.000
64.000	7879.000	1567.300	20.000	0.000	2.000	0.000	0.000
64.000	7880.000	1567.170	20.000	0.000	2.000	0.000	0.000
63.000	7880.000	1567.170	20.000	0.000	2.000	0.000	0.000
65.000	7892.000	1567.170	20.000	0.000	2.000	0.000	0.000
64.000	7909.000	1567.300	20.000	0.000	2.000	0.000	0.000
63.000	7937.000	1567.300	20.000	0.000	2.000	0.000	0.000
80.000	7966.000	1567.300	20.000	0.000	2.000	0.000	0.000
64.000	7991.000	1567.170	20.000	0.000	2.000	0.000	0.000
64.000	8022.000	1567.300	20.000	0.000	2.000	0.000	0.000
64.000	8057.000	1567.170	20.000	0.000	2.000	0.000	0.000
64.000	8092.000	1567.170	20.000	0.000	2.000	0.000	0.000
64.000	8127.000	1567.170	20.000	0.000	2.000	0.000	0.000
64.000	8168.000	1567.170	20.000	0.000	2.000	0.000	0.000
64.000	8209.000	1567.300	20.000	0.000	2.000	0.000	0.000
64.000	8260.000	1567.170	20.000	0.000	2.000	0.000	0.000
66.000	8312.000	1567.300	20.000	0.000	2.000	0.000	0.000
62.000	8361.000	1567.170	20.000	0.000	2.000	0.000	0.000
64.000	8429.000	1567.170	20.000	0.000	2.000	0.000	0.000
80.000	8491.000	1567.300	20.000	0.000	2.000	0.000	0.000
64.000	8575.000	1567.300	20.000	0.000	2.000	0.000	0.000
64.000	8681.000	1567.300	20.000	0.000	2.000	0.000	0.000
63.000	8785.000	1567.430	20.000	0.000	2.000	0.000	0.000
64.000	8909.000	1567.430	20.000	0.000	2.000	0.000	0.000
64.000	9049.000	1567.550	20.000	0.000	2.000	0.000	0.000
64.000	9272.000	1567.550	20.000	0.000	2.000	0.000	0.000
64.000	9485.000	1567.810	20.000	0.000	2.000	0.000	0.000
64.000	9650.000	1568.060	20.000	0.000	2.000	0.000	0.000
64.000	9868.000	1568.190	20.000	0.000	2.000	0.000	0.000
64.000	10028.000	1568.570	20.000	0.000	2.000	0.000	0.000
79.000	10113.000	1568.830	20.000	0.000	2.000	0.000	0.000
74.000	10155.000	1569.210	20.000	0.000	2.000	0.000	0.000
55.000	10176.000	1569.590	20.000	0.000	2.000	0.000	0.000
63.000	10231.000	1569.970	20.000	0.000	2.000	0.000	0.000
64.000	10309.000	1570.350	20.000	0.000	2.000	0.000	0.000
64.000	10427.000	1570.860	20.000	0.000	2.000	0.000	0.000
64.000	10621.000	1571.370	20.000	0.000	2.000	0.000	0.000
64.000	10991.000	1572.010	20.000	0.000	2.000	0.000	0.000
63.000	11540.000	1572.390	20.000	0.000	2.000	0.000	0.000
65.000	12086.000	1572.770	20.000	0.000	2.000	0.000	0.000
64.000	12323.000	1572.520	20.000	0.000	2.000	0.000	0.000
64.000	12290.000	1571.750	20.000	0.000	2.000	0.000	0.000
80.000	12218.000	1571.120	20.000	0.000	2.000	0.000	0.000
63.000	12184.000	1570.350	20.000	0.000	2.000	0.000	0.000
65.000	12130.000	1569.970	20.000	0.000	2.000	0.000	0.000
63.000	12034.000	1569.460	20.000	0.000	2.000	0.000	0.000
64.000	11894.000	1569.210	20.000	0.000	2.000	0.000	0.000
64.000	11682.000	1568.830	20.000	0.000	2.000	0.000	0.000
64.000	11440.000	1568.440	20.000	0.000	2.000	0.000	0.000
65.000	11119.000	1568.190	20.000	0.000	2.000	0.000	0.000
63.000	10786.000	1568.190	20.000	0.000	2.000	0.000	0.000
64.000	10451.000	1567.930	20.000	0.000	2.000	0.000	0.000
64.000	10129.000	1567.810	20.000	0.000	2.000	0.000	0.000
64.000	9808.000	1567.680	20.000	0.000	2.000	0.000	0.000
80.000	9543.000	1567.550	20.000	0.000	2.000	0.000	0.000
63.000	9331.000	1567.550	20.000	0.000	2.000	0.000	0.000
64.000	9173.000	1567.430	20.000	0.000	2.000	0.000	0.000
65.000	9022.000	1567.430	20.000	0.000	2.000	0.000	0.000
64.000	8906.000	1567.300	20.000	0.000	2.000	0.000	0.000
63.000	8507.000	1567.300	20.000	0.000	2.000	0.000	0.000
64.000	8239.000	1567.430	20.000	0.000	2.000	0.000	0.000
64.000	8126.000	1567.300	20.000	0.000	2.000	0.000	0.000
64.000	8054.000	1567.300	20.000	0.000	2.000	0.000	0.000
64.000	7985.000	1567.300	20.000	0.000	2.000	0.000	0.000
64.000	7926.000	1567.300	20.000	0.000	2.000	0.000	0.000
79.000	7875.000	1567.300	20.000	0.000	2.000	0.000	0.000
65.000	7828.000	1567.300	20.000	0.000	2.000	0.000	0.000
64.000	7788.000	1567.300	20.000	0.000	2.000	0.000	0.000
64.000	7741.000	1567.300	20.000	0.000	2.000	0.000	0.000
63.000	7715.000	1567.300	20.000	0.000	2.000	0.000	0.000
65.000	7683.000	1567.430	20.000	0.000	2.000	0.000	0.000
64.000	7652.000	1567.430	20.000	0.000	2.000	0.000	0.000
63.000	7627.000	1567.300	20.000	0.000	2.000	0.000	0.000
65.000	7602.000	1567.300	20.000	0.000	2.000	0.000	0.000
63.000	7578.000	1567.430	20.000	0.000	2.000	0.000	0.000
64.000	7560.000	1567.300	20.000	0.000	2.000	0.000	0.000
64.000	7534.000	1567.430	20.000	0.000	2.000	0.000	0.000
80.000	7529.000	1567.430	20.000	0.000	2.000	0.000	0.000
64.000	7535.000	1567.430	20.000	0.000	2.000	0.000	0.000
64.000	7543.000	1567.300	20.000	0.000	2.000	0.000	0.000
63.000	7554.000	1567.430	20.000	0.000	2.000	0.000	0.000
65.000	7550.000	1567.430	20.000	0.000	2.000	0.000	0.000
63.000	7550.000	1567.300	20.000	0.000	2.000	0.000	0.000
64.000	7554.000	1567.300	20.000	0.000	2.000	0.000	0.000
64.000	7550.000	1567.300	20.000	0.000	2.000	0.000	0.000
64.000	7554.000	1567.300	20.000	0.000	2.000	0.000	0.000
64.000	7557.000	1567.300	20.000	0.000	2.000	0.000	0.000
63.000	7554.000	1567.300	20.000	0.000	2.000	0.000	0.000
65.000	7559.000	1567.300	20.000	0.000	2.000	0.000	0.000
80.000	7558.000	1567.430	20.000	0.000	2.000	0.000	0.000
64.000	7563.000	1567.300	20.000	0.000	2.000	0.000	0.000
64.000	7569.000	1567.430	20.000	0.000	2.000	0.000	0.000
63.000	7560.000	1567.430	20.000	0.000	2.000	0.000	0.000
64.000	7562.000	1567.300	20.000	0.000	2.000	0.000	0.000
65.000	7565.000	1567.300	20.000	0.000	2.000	0.000	0.000
63.000	7567.000	1567.300	20.000	0.000	2.000	0.000	0.000
65.000	7573.000	1567.430	20.000	0.000	2.000	0.000	0.000
63.000	7568.000	1567.170	20.000	0.000	2.000	0.000	0.000
64.000	7570.000	1567.300	20.000	0.000	2.000	0.000	0.000
64.000	7573.000	1567.300	20.000	0.000	2.000	0.000	0.000
80.000	7575.000	1567.300	20.000	0.000	2.000	0.000	0.000
64.000	7571.000	1567.430	20.000	0.000	2.000	0.000	0.000
64.000	7568.000	1567.300	20.000	0.000	2.000	0.000	0.000
63.000	7568.000	1567.300	20.000	0.000	2.000	0.000	0.000
65.000	7573.000	1567.300	20.000	0.000	2.000	0.000	0.000
63.000	7578.000	1567.300	20.000	0.000	2.000	0.000	0.000
65.000	7584.000	1567.300	20.000	0.000	2.000	0.000	0.000
64.000	7575.000	1567.300	20.000	0.000	2.000	0.000	0.000
63.000	7580.000	1567.300	20.000	0.000	2.000	0.000	0.000
65.000	7581.000	1567.170	20.000	0.000	2.000	0.000	0.000
63.000	7575.000	1567.300	20.000	0.000	2.000	0.000	0.000
64.000	7584.000	1567.300	20.000	0.000	2.000	0.000	0.000
80.000	7583.000	1567.300	20.000	0.000	2.000	0.000	0.000
64.000	7589.000	1567.300	20.000	0.000	2.000	0.000	0.000
64.000	7580.000	1567.300	20.000	0.000	2.000	0.000	0.000
64.000	7583.000	1567.300	20.000	0.000	2.000	0.000	0.000
64.000	7581.000	1567.300	20.000	0.000	2.000	0.000	0.000
64.000	7591.000	1567.300	20.000	0.000	2.000	0.000	0.000
64.000	7586.000	1567.300	20.000	0.000	2.000	0.000	0.000
63.000	7587.000	1567.300	20.000	0.000	2.000	0.000	0.000
64.000	7595.000	1567.300	20.000	0.000	2.000	0.000	0.000
64.000	7596.000	1567.300	20.000	0.000	2.000	0.000	0.000
65.000	7600.000	1567.300	20.000	0.000	2.000	0.000	0.000
63.000	7590.000	1567.300	20.000	0.000	2.000	0.000	0.000
80.000	7591.000	1567.300	20.000	0.000	2.000	0.000	0.000
64.000	7601.000	1567.300	20.000	0.000	2.000	0.000	0.000
64.000	7603.000	1567.300	20.000	0.000	2.000	0.000	0.000
64.000	7599.000	1567.300	20.000	0.000	2.000	0.000	0.000
64.000	7600.000	1567.430	20.000	0.000	2.000	0.000	0.000
63.000	7596.000	1567.300	20.000	0.000	2.000	0.000	0.000
65.000	7607.000	1567.300	20.000	0.000	2.000	0.000	0.000
64.000	7606.000	1567.300	20.000	0.000	2.000	0.000	0.000
64.000	7605.000	1567.170	20.000	0.000	2.000	0.000	0.000
63.000	7601.000	1567.300	20.000	0.000	2.000	0.000	0.000
65.000	7613.000	1567.300	20.000	0.000	2.000	0.000	0.000
79.000	7632.000	1567.170	20.000	0.000	2.000	0.000	0.000
64.000	7660.000	1567.300	20.000	0.000	2.000	0.000	0.000
64.000	7693.000	1567.170	20.000	0.000	2.000	0.000	0.000
64.000	7709.000	1567.300	20.000	0.000	2.000	0.000	0.000
64.000	7743.000	1567.430	20.000	0.000	2.000	0.000	0.000
64.000	7775.000	1567.300	20.000	0.000	2.000	0.000	0.000
64.000	7805.000	1567.300	20.000	0.000	2.000	0.000	0.000
64.000	7847.000	1567.170	20.000	0.000	2.000	0.000	0.000
63.000	7887.000	1567.040	20.000	0.000	2.000	0.000	0.000
65.000	7923.000	1567.300	20.000	0.000	2.000	0.000	0.000
64.000	7969.000	1567.170	20.000	0.000	2.000	0.000	0.000
63.000	8021.000	1567.300	20.000	0.000	2.000	0.000	0.000
80.000	8076.000	1567.170	20.000	0.000	2.000	0.000	0.000
64.000	8132.000	1567.430	20.000	0.000	2.000	0.000	0.000
64.000	8198.000	1567.300	20.000	0.000	2.000	0.000	0.000
64.000	8286.000	1567.300	20.000	0.000	2.000	0.000	0.000
64.000	8373.000	1567.430	20.000	0.000	2.000	0.000	0.000
64.000	8464.000	1567.430	20.000	0.000	2.000	0.000	0.000
64.000	8583.000	1567.430	20.000	0.000	2.000	0.000	0.000
63.000	8730.000	1567.430	20.000	0.000	2.000	0.000	0.000
64.000	8942.000	1567.550	20.000	0.000	2.000	0.000	0.000
64.000	9238.000	1567.810	20.000	0.000	2.000	0.000	0.000
65.000	9425.000	1567.930	20.000	0.000	2.000	0.000	0.000
63.000	9637.000	1568.190	20.000	0.000	2.000	0.000	0.000
80.000	9781.000	1568.570	20.000	0.000	2.000	0.000	0.000
63.000	9887.000	1568.830	20.000	0.000	2.000	0.000	0.000
65.000	9958.000	1569.080	20.000	0.000	2.000	0.000	0.000
68.000	9990.000	1569.460	20.000	0.000	2.000	0.000	0.000
60.000	10034.000	1570.100	20.000	0.000	2.000	0.000	0.000
64.000	10074.000	1570.350	20.000	0.000	2.000	0.000	0.000
63.000	10164.000	1570.990	20.000	0.000	2.000	0.000	0.000
64.000	10348.000	1571.370	20.000	0.000	2.000	0.000	0.000
65.000	10711.000	1571.880	20.000	0.000	2.000	0.000	0.000
64.000	11231.000	1572.390	20.000	0.000	2.000	0.000	0.000
63.000	11733.000	1572.770	20.000	0.000	2.000	0.000	0.000
80.000	12020.000	1572.770	20.000	0.000	2.000	0.000	0.000
64.000	12003.000	1571.880	20.000	0.000	2.000	0.000	0.000
64.000	11916.000	1571.120	20.000	0.000	2.000	0.000	0.000
64.000	11885.000	1570.610	20.000	0.000	2.000	0.000	0.000
64.000	11824.000	1570.100	20.000	0.000	2.000	0.000	0.000
64.000	11721.000	1569.720	20.000	0.000	2.000	0.000	0.000
64.000	11580.000	1569.210	20.000	0.000	2.000	0.000	0.000
63.000	11386.000	1568.830	20.000	0.000	2.000	0.000	0.000
65.000	11141.000	1568.570	20.000	0.000	2.000	0.000	0.000
63.000	10843.000	1568.320	20.000	0.000	2.000	0.000	0.000
65.000	10515.000	1568.190	20.000	0.000	2.000	0.000	0.000
64.000	10230.000	1568.060	20.000	0.000	2.000	0.000	0.000
79.000	9929.000	1567.810	20.000	0.000	2.000	0.000	0.000
65.000	9633.000	1567.810	20.000	0.000	2.000	0.000	0.000
63.000	9383.000	1567.550	20.000	0.000	2.000	0.000	0.000
64.000	9188.000	1567.550	20.000	0.000	2.000	0.000	0.000
64.000	9036.000	1567.430	20.000	0.000	2.000	0.000	0.000
64.000	8925.000	1567.430	20.000	0.000	2.000	0.000	0.000
64.000	8806.000	1567.430	20.000	0.000	2.000	0.000	0.000
64.000	8431.000	1567.300	20.000	0.000	2.000	0.000	0.000
64.000	8217.000	1567.300	20.000	0.000	2.000	0.000	0.000
64.000	8110.000	1567.430	20.000	0.000	2.000	0.000	0.000
63.000	8038.000	1567.430	20.000	0.000	2.000	0.000	0.000
65.000	7972.000	1567.300	20.000	0.000	2.000	0.000	0.000
80.000	7912.000	1567.300	20.000	0.000	2.000	0.000	0.000
63.000	7864.000	1567.430	20.000	0.000	2.000	0.000	0.000
65.000	7815.000	1567.430	20.000	0.000	2.000	0.000	0.000
63.000	7770.000	1567.430	20.000	0.000	2.000	0.000	0.000
65.000	7736.000	1567.300	20.000	0.000	2.000	0.000	0.000
63.000	7706.000	1567.300	20.000	0.000	2.000	0.000	0.000
64.000	7674.000	1567.300	20.000	0.000	2.000	0.000	0.000
64.000	7641.000	1567.300	20.000	0.000	2.000	0.000	0.000
64.000	7618.000	1567.430	20.000	0.000	2.000	0.000	0.000
64.000	7591.000	1567.300	20.000	0.000	2.000	0.000	0.000
64.000	7569.000	1567.300	20.000	0.000	2.000	0.000	0.000
80.000	7549.000	1567.300	20.000	0.000	2.000	0.000	0.000
64.000	7533.000	1567.430	20.000	0.000	2.000	0.000	0.000
63.000	7518.000	1567.300	20.000	0.000	2.000	0.000	0.000
65.000	7519.000	1567.300	20.000	0.000	2.000	0.000	0.000
64.000	7539.000	1567.430	20.000	0.000	2.000	0.000	0.000
63.000	7541.000	1567.300	20.000	0.000	2.000	0.000	0.000
65.000	7544.000	1567.300	20.000	0.000	2.000	0.000	0.000
64.000	7536.000	1567.300	20.000	0.000	2.000	0.000	0.000
63.000	7542.000	1567.300	20.000	0.000	2.000	0.000	0.000
64.000	7543.000	1567.300	20.000	0.000	2.000	0.000	0.000
64.000	7545.000	1567.300	20.000	0.000	2.000	0.000	0.000
64.000	7541.000	1567.430	20.000	0.000	2.000	0.000	0.000
80.000	7541.000	1567.300	20.000	0.000	2.000	0.000	0.000
64.000	7545.000	1567.430	20.000	0.000	2.000	0.000	0.000
64.000	7539.000	1567.300	20.000	0.000	2.000	0.000	0.000
63.000	7545.000	1567.300	20.000	0.000	2.000	0.000	0.000
65.000	7551.000	1567.300	20.000	0.000	2.000	0.000	0.000
64.000	7548.000	1567.430	20.000	0.000	2.000	0.000	0.000
63.000	7550.000	1567.300	20.000	0.000	2.000	0.000	0.000
65.000	7557.000	1567.430	20.000	0.000	2.000	0.000	0.000
63.000	7554.000	1567.430	20.000	0.000	2.000	0.000	0.000
64.000	7551.000	1567.300	20.000	0.000	2.000	0.000	0.000
64.000	7561.000	1567.430	20.000	0.000	2.000	0.000	0.000
64.000	7558.000	1567.430	20.000	0.000	2.000	0.000	0.000
80.000	7557.000	1567.300	20.000	0.000	2.000	0.000	0.000
64.000	7558.000	1567.300	20.000	0.000	2.000	0.000	0.000
64.000	7564.000	1567.300	20.000	0.000	2.000	0.000	0.000
64.000	7557.000	1567.300	20.000	0.000	2.000	0.000	0.000
64.000	7565.000	1567.300	20.000	0.000	2.000	0.000	0.000
63.000	7564.000	1567.430	20.000	0.000	2.000	0.000	0.000
65.000	7569.000	1567.430	20.000	0.000	2.000	0.000	0.000
64.000	7566.000	1567.300	20.000	0.000	2.000	0.000	0.000
63.000	7573.000	1567.300	20.000	0.000	2.000	0.000	0.000
64.000	7566.000	1567.300	20.000	0.000	2.000	0.000	0.000
64.000	7572.000	1567.300	20.000	0.000	2.000	0.000	0.000
80.000	7568.000	1567.300	20.000	0.000	2.000	0.000	0.000
64.000	7573.000	1567.170	20.000	0.000	2.000	0.000	0.000
64.000	7574.000	1567.430	20.000	0.000	2.000	0.000	0.000
64.000	7574.000	1567.300	20.000	0.000	2.000	0.000	0.000
64.000	7576.000	1567.300	20.000	0.000	2.000	0.000	0.000
63.000	7574.000	1567.300	20.000	0.000	2.000	0.000	0.000
65.000	7576.000	1567.300	20.000	0.000	2.000	0.000	0.000
64.000	7575.000	1567.170	20.000	0.000	2.000	0.000	0.000
63.000	7572.000	1567.300	20.000	0.000	2.000	0.000	0.000
64.000	7576.000	1567.300	20.000	0.000	2.000	0.000	0.000
64.000	7579.000	1567.300	20.000	0.000	2.000	0.000	0.000
64.000	7577.000	1567.430	20.000	0.000	2.000	0.000	0.000
80.000	7579.000	1567.300	20.000	0.000	2.000	0.000	0.000
64.000	7579.000	1567.300	20.000	0.000	2.000	0.000	0.000
64.000	7580.000	1567.300	20.000	0.000	2.000	0.000	0.000
64.000	7586.000	1567.300	20.000	0.000	2.000	0.000	0.000
64.000	7590.000	1567.300	20.000	0.000	2.000	0.000	0.000
64.000	7589.000	1567.300	20.000	0.000	2.000	0.000	0.000
64.000	7584.000	1567.300	20.000	0.000	2.000	0.000	0.000
64.000	7588.000	1567.300	20.000	0.000	2.000	0.000	0.000
63.000	7591.000	1567.430	20.000	0.000	2.000	0.000	0.000
65.000	7589.000	1567.430	20.000	0.000	2.000	0.000	0.000
64.000	7591.000	1567.430	20.000	0.000	2.000	0.000	0.000
64.000	7594.000	1567.430	20.000	0.000	2.000	0.000	0.000
79.000	7599.000	1567.300	20.000	0.000	2.000	0.000	0.000
64.000	7620.000	1567.430	20.000	0.000	2.000	0.000	0.000
64.000	7642.000	1567.300	20.000	0.000	2.000	0.000	0.000
64.000	7670.000	1567.300	20.000	0.000	2.000	0.000	0.000
64.000	7693.000	1567.300	20.000	0.000	2.000	0.000	0.000
64.000	7720.000	1567.300	20.000	0.000	2.000	0.000	0.000
64.000	7753.000	1567.430	20.000	0.000	2.000	0.000	0.000
64.000	7788.000	1567.430	20.000	0.000	2.000	0.000	0.000
63.000	7821.000	1567.300	20.000	0.000	2.000	0.000	0.000
65.000	7861.000	1567.300	20.000	0.000	2.000	0.000	0.000
63.000	7900.000	1567.300	20.000	0.000	2.000	0.000	0.000
80.000	7949.000	1567.300	20.000	0.000	2.000	0.000	0.000
64.000	7999.000	1567.300	20.000	0.000	2.000	0.000	0.000
64.000	8051.000	1567.430	20.000	0.000	2.000	0.000	0.000
64.000	8103.000	1567.430	20.000	0.000	2.000	0.000	0.000
64.000	8173.000	1567.300	20.000	0.000	2.000	0.000	0.000
64.000	8247.000	1567.300	20.000	0.000	2.000	0.000	0.000
64.000	8335.000	1567.300	20.000	0.000	2.000	0.000	0.000
64.000	8431.000	1567.430	20.000	0.000	2.000	0.000	0.000
64.000	8542.000	1567.430	20.000	0.000	2.000	0.000	0.000
64.000	8667.000	1567.550	20.000	0.000	2.000	0.000	0.000
64.000	8871.000	1567.680	20.000	0.000	2.000	0.000	0.000
64.000	9178.000	1567.810	20.000	0.000	2.000	0.000	0.000
79.000	9365.000	1568.060	20.000	0.000	2.000	0.000	0.000
64.000	9552.000	1568.190	20.000	0.000	2.000	0.000	0.000
65.000	9712.000	1568.570	20.000	0.000	2.000	0.000	0.000
63.000	9836.000	1568.700	20.000	0.000	2.000	0.000	0.000
64.000	9898.000	1569.210	20.000	0.000	2.000	0.000	0.000
64.000	9941.000	1569.590	20.000	0.000	2.000	0.000	0.000
63.000	9973.000	1569.840	20.000	0.000	2.000	0.000	0.000
65.000	10012.000	1570.230	20.000	0.000	2.000	0.000	0.000
64.000	10082.000	1570.860	20.000	0.000	2.000	0.000	0.000
64.000	10260.000	1571.250	20.000	0.000	2.000	0.000	0.000
64.000	10567.000	1571.750	20.000	0.000	2.000	0.000	0.000
64.000	11071.000	1572.390	20.000	0.000	2.000	0.000	0.000
79.000	11589.000	1572.900	20.000	0.000	2.000	0.000	0.000
65.000	12015.000	1572.900	20.000	0.000	2.000	0.000	0.000
63.000	12105.000	1572.390	20.000	0.000	2.000	0.000	0.000
64.000	12011.000	1571.500	20.000	0.000	2.000	0.000	0.000
64.000	11945.000	1570.860	20.000	0.000	2.000	0.000	0.000
64.000	11900.000	1570.350	20.000	0.000	2.000	0.000	0.000
65.000	11813.000	1569.840	20.000	0.000	2.000	0.000	0.000
63.000	11672.000	1569.460	20.000	0.000	2.000	0.000	0.000
64.000	11506.000	1569.080	20.000	0.000	2.000	0.000	0.000
64.000	11285.000	1568.830	20.000	0.000	2.000	0.000	0.000
64.000	11000.000	1568.570	20.000	0.000	2.000	0.000	0.000
80.000	10676.000	1568.440	20.000	0.000	2.000	0.000	0.000
64.000	10356.000	1568.190	20.000	0.000	2.000	0.000	0.000
64.000	10084.000	1568.060	20.000	0.000	2.000	0.000	0.000
64.000	9779.000	1567.810	20.000	0.000	2.000	0.000	0.000
63.000	9502.000	1567.680	20.000	0.000	2.000	0.000	0.000
64.000	9260.000	1567.550	20.000	0.000	2.000	0.000	0.000
64.000	9083.000	1567.430	20.000	0.000	2.000	0.000	0.000
64.000	8944.000	1567.430	20.000	0.000	2.000	0.000	0.000
64.000	8700.000	1567.430	20.000	0.000	2.000	0.000	0.000
64.000	8325.000	1567.300	20.000	0.000	2.000	0.000	0.000
64.000	8195.000	1567.550	20.000	0.000	2.000	0.000	0.000
64.000	8090.000	1567.430	20.000	0.000	2.000	0.000	0.000
79.000	8022.000	1567.300	20.000	0.000	2.000	0.000	0.000
65.000	7958.000	1567.430	20.000	0.000	2.000	0.000	0.000
64.000	7908.000	1567.430	20.000	0.000	2.000	0.000	0.000
63.000	7861.000	1567.430	20.000	0.000	2.000	0.000	0.000
64.000	7808.000	1567.430	20.000	0.000	2.000	0.000	0.000
64.000	7770.000	1567.430	20.000	0.000	2.000	0.000	0.000
64.000	7725.000	1567.430	20.000	0.000	2.000	0.000	0.000
64.000	7698.000	1567.430	20.000	0.000	2.000	0.000	0.000
64.000	7662.000	1567.430	20.000	0.000	2.000	0.000	0.000
64.000	7635.000	1567.300	20.000	0.000	2.000	0.000	0.000
64.000	7617.000	1567.300	20.000	0.000	2.000	0.000	0.000
63.000	7590.000	1567.430	20.000	0.000	2.000	0.000	0.000
81.000	7560.000	1567.300	20.000	0.000	2.000	0.000	0.000
64.000	7538.000	1567.300	20.000	0.000	2.000	0.000	0.000
64.000	7518.000	1567.430	20.000	0.000	2.000	0.000	0.000
63.000	7495.000	1567.430	20.000	0.000	2.000	0.000	0.000
65.000	7500.000	1567.300	20.000	0.000	2.000	0.000	0.000
63.000	7508.000	1567.300	20.000	0.000	2.000	0.000	0.000
65.000	7513.000	1567.430	20.000	0.000	2.000	0.000	0.000
63.000	7523.000	1567.430	20.000	0.000	2.000	0.000	0.000
64.000	7523.000	1567.430	20.000	0.000	2.000	0.000	0.000
64.000	7519.000	1567.300	20.000	0.000	2.000	0.000	0.000
64.000	7521.000	1567.430	20.000	0.000	2.000	0.000	0.000
80.000	7514.000	1567.430	20.000	0.000	2.000	0.000	0.000
64.000	7526.000	1567.300	20.000	0.000	2.000	0.000	0.000
64.000	7525.000	1567.430	20.000	0.000	2.000	0.000	0.000
64.000	7526.000	1567.300	20.000	0.000	2.000	0.000	0.000
64.000	7523.000	1567.430	20.000	0.000	2.000	0.000	0.000
63.000	7527.000	1567.300	20.000	0.000	2.000	0.000	0.000
65.000	7535.000	1567.430	20.000	0.000	2.000	0.000	0.000
63.000	7528.000	1567.430	20.000	0.000	2.000	0.000	0.000
64.000	7529.000	1567.430	20.000	0.000	2.000	0.000	0.000
64.000	7530.000	1567.300	20.000	0.000	2.000	0.000	0.000
64.000	7538.000	1567.430	20.000	0.000	2.000	0.000	0.000
64.000	7536.000	1567.300	20.000	0.000	2.000	0.000	0.000
80.000	7533.000	1567.430	20.000	0.000	2.000	0.000	0.000
63.000	7544.000	1567.300	20.000	0.000	2.000	0.000	0.000
64.000	7541.000	1567.300	20.000	0.000	2.000	0.000	0.000
64.000	7538.000	1567.430	20.000	0.000	2.000	0.000	0.000
64.000	7545.000	1567.430	20.000	0.000	2.000	0.000	0.000
64.000	7546.000	1567.300	20.000	0.000	2.000	0.000	0.000
64.000	7551.000	1567.430	20.000	0.000	2.000	0.000	0.000
64.000	7547.000	1567.430	20.000	0.000	2.000	0.000	0.000
63.000	7552.000	1567.430	20.000	0.000	2.000	0.000	0.000
65.000	7547.000	1567.430	20.000	0.000	2.000	0.000	0.000
64.000	7554.000	1567.300	20.000	0.000	2.000	0.000	0.000
64.000	7550.000	1567.550	20.000	0.000	2.000	0.000	0.000
80.000	7548.000	1567.300	20.000	0.000	2.000	0.000	0.000
63.000	7552.000	1567.430	20.000	0.000	2.000	0.000	0.000
65.000	7558.000	1567.430	20.000	0.000	2.000	0.000	0.000
64.000	7557.000	1567.430	20.000	0.000	2.000	0.000	0.000
64.000	7558.000	1567.300	20.000	0.000	2.000	0.000	0.000
63.000	7558.000	1567.430	20.000	0.000	2.000	0.000	0.000
65.000	7558.000	1567.300	20.000	0.000	2.000	0.000	0.000
63.000	7557.000	1567.430	20.000	0.000	2.000	0.000	0.000
64.000	7564.000	1567.430	20.000	0.000	2.000	0.000	0.000
65.000	7566.000	1567.430	20.000	0.000	2.000	0.000	0.000
63.000	7561.000	1567.430	20.000	0.000	2.000	0.000	0.000
80.000	7560.000	1567.300	20.000	0.000	2.000	0.000	0.000
64.000	7565.000	1567.430	20.000	0.000	2.000	0.000	0.000
63.000	7563.000	1567.430	20.000	0.000	2.000	0.000	0.000
65.000	7568.000	1567.430	20.000	0.000	2.000	0.000	0.000
63.000	7567.000	1567.300	20.000	0.000	2.000	0.000	0.000
64.000	7566.000	1567.430	20.000	0.000	2.000	0.000	0.000
64.000	7565.000	1567.550	20.000	0.000	2.000	0.000	0.000
65.000	7574.000	1567.430	20.000	0.000	2.000	0.000	0.000
64.000	7571.000	1567.430	20.000	0.000	2.000	0.000	0.000
63.000	7569.000	1567.300	20.000	0.000	2.000	0.000	0.000
64.000	7566.000	1567.300	20.000	0.000	2.000	0.000	0.000
64.000	7575.000	1567.300	20.000	0.000	2.000	0.000	0.000
81.000	7576.000	1567.430	20.000	0.000	2.000	0.000	0.000
63.000	7577.000	1567.300	20.000	0.000	2.000	0.000	0.000
64.000	7574.000	1567.430	20.000	0.000	2.000	0.000	0.000
64.000	7593.000	1567.430	20.000	0.000	2.000	0.000	0.000
64.000	7612.000	1567.430	20.000	0.000	2.000	0.000	0.000
63.000	7635.000	1567.430	20.000	0.000	2.000	0.000	0.000
65.000	7654.000	1567.430	20.000	0.000	2.000	0.000	0.000
63.000	7689.000	1567.300	20.000	0.000	2.000	0.000	0.000
65.000	7714.000	1567.430	20.000	0.000	2.000	0.000	0.000
64.000	7745.000	1567.300	20.000	0.000	2.000	0.000	0.000
64.000	7781.000	1567.430	20.000	0.000	2.000	0.000	0.000
63.000	7814.000	1567.430	20.000	0.000	2.000	0.000	0.000
80.000	7865.000	1567.430	20.000	0.000	2.000	0.000	0.000
64.000	7903.000	1567.300	20.000	0.000	2.000	0.000	0.000
64.000	7950.000	1567.430	20.000	0.000	2.000	0.000	0.000
64.000	7996.000	1567.430	20.000	0.000	2.000	0.000	0.000
64.000	8053.000	1567.430	20.000	0.000	2.000	0.000	0.000
64.000	8112.000	1567.430	20.000	0.000	2.000	0.000	0.000
64.000	8177.000	1567.430	20.000	0.000	2.000	0.000	0.000
63.000	8257.000	1567.430	20.000	0.000	2.000	0.000	0.000
65.000	8358.000	1567.430	20.000	0.000	2.000	0.000	0.000
63.000	8457.000	1567.430	20.000	0.000	2.000	0.000	0.000
64.000	8581.000	1567.550	20.000	0.000	2.000	0.000	0.000
80.000	8746.000	1567.550	20.000	0.000	2.000	0.000	0.000
64.000	8961.000	1567.810	20.000	0.000	2.000	0.000	0.000
64.000	9254.000	1567.930	20.000	0.000	2.000	0.000	0.000
64.000	9430.000	1568.060	20.000	0.000	2.000	0.000	0.000
64.000	9613.000	1568.440	20.000	0.000	2.000	0.000	0.000
63.000	9782.000	1568.570	20.000	0.000	2.000	0.000	0.000
65.000	9866.000	1568.950	20.000	0.000	2.000	0.000	0.000
63.000	9930.000	1569.210	20.000	0.000	2.000	0.000	0.000
64.000	9975.000	1569.720	20.000	0.000	2.000	0.000	0.000
65.000	9987.000	1570.100	20.000	0.000	2.000	0.000	0.000
63.000	10025.000	1570.610	20.000	0.000	2.000	0.000	0.000
64.000	10122.000	1570.990	20.000	0.000	2.000	0.000	0.000
80.000	10314.000	1571.500	20.000	0.000	2.000	0.000	0.000
64.000	10717.000	1572.140	20.000	0.000	2.000	0.000	0.000
65.000	11203.000	1572.520	20.000	0.000	2.000	0.000	0.000
63.000	11712.000	1573.030	20.000	0.000	2.000	0.000	0.000
64.000	12000.000	1572.770	20.000	0.000	2.000	0.000	0.000
64.000	11985.000	1572.010	20.000	0.000	2.000	0.000	0.000
63.000	11910.000	1571.250	20.000	0.000	2.000	0.000	0.000
64.000	11865.000	1570.610	20.000	0.000	2.000	0.000	0.000
65.000	11813.000	1570.230	20.000	0.000	2.000	0.000	0.000
64.000	11714.000	1569.720	20.000	0.000	2.000	0.000	0.000
64.000	11576.000	1569.460	20.000	0.000	2.000	0.000	0.000
63.000	11379.000	1569.080	20.000	0.000	2.000	0.000	0.000
81.000	11111.000	1568.700	20.000	0.000	2.000	0.000	0.000
63.000	10817.000	1568.440	20.000	0.000	2.000	0.000	0.000
64.000	10487.000	1568.320	20.000	0.000	2.000	0.000	0.000
64.000	10192.000	1568.190	20.000	0.000	2.000	0.000	0.000
64.000	9906.000	1567.930	20.000	0.000	2.000	0.000	0.000
64.000	9604.000	1567.810	20.000	0.000	2.000	0.000	0.000
64.000	9357.000	1567.680	20.000	0.000	2.000	0.000	0.000
64.000	9142.000	1567.550	20.000	0.000	2.000	0.000	0.000
64.000	8984.000	1567.550	20.000	0.000	2.000	0.000	0.000
64.000	8873.000	1567.550	20.000	0.000	2.000	0.000	0.000
64.000	8742.000	1567.430	20.000	0.000	2.000	0.000	0.000
80.000	8303.000	1567.430	20.000	0.000	2.000	0.000	0.000
63.000	8167.000	1567.430	20.000	0.000	2.000	0.000	0.000
64.000	8082.000	1567.300	20.000	0.000	2.000	0.000	0.000
64.000	8015.000	1567.430	20.000	0.000	2.000	0.000	0.000
64.000	7954.000	1567.430	20.000	0.000	2.000	0.000	0.000
64.000	7900.000	1567.430	20.000	0.000	2.000	0.000	0.000
64.000	7854.000	1567.430	20.000	0.000	2.000	0.000	0.000
64.000	7805.000	1567.430	20.000	0.000	2.000	0.000	0.000
64.000	7758.000	1567.430	20.000	0.000	2.000	0.000	0.000
64.000	7727.000	1567.430	20.000	0.000	2.000	0.000	0.000
63.000	7696.000	1567.430	20.000	0.000	2.000	0.000	0.000
65.000	7664.000	1567.430	20.000	0.000	2.000	0.000	0.000
79.000	7635.000	1567.430	20.000	0.000	2.000	0.000	0.000
64.000	7606.000	1567.430	20.000	0.000	2.000	0.000	0.000
64.000	7581.000	1567.430	20.000	0.000	2.000	0.000	0.000
64.000	7571.000	1567.550	20.000	0.000	2.000	0.000	0.000
65.000	7542.000	1567.430	20.000	0.000	2.000	0.000	0.000
63.000	7519.000	1567.430	20.000	0.000	2.000	0.000	0.000
64.000	7504.000	1567.430	20.000	0.000	2.000	0.000	0.000
64.000	7509.000	1567.430	20.000	0.000	2.000	0.000	0.000
64.000	7525.000	1567.430	20.000	0.000	2.000	0.000	0.000
64.000	7534.000	1567.430	20.000	0.000	2.000	0.000	0.000
63.000	7536.000	1567.430	20.000	0.000	2.000	0.000	0.000
65.000	7530.000	1567.430	20.000	0.000	2.000	0.000	0.000
79.000	7540.000	1567.430	20.000	0.000	2.000	0.000	0.000
65.000	7536.000	1567.430	20.000	0.000	2.000	0.000	0.000
64.000	7539.000	1567.430	20.000	0.000	2.000	0.000	0.000
63.000	7536.000	1567.430	20.000	0.000	2.000	0.000	0.000
65.000	7534.000	1567.430	20.000	0.000	2.000	0.000	0.000
63.000	7536.000	1567.550	20.000	0.000	2.000	0.000	0.000
64.000	7543.000	1567.430	20.000	0.000	2.000	0.000	0.000
64.000	7539.000	1567.430	20.000	0.000	2.000	0.000	0.000
64.000	7536.000	1567.430	20.000	0.000	2.000	0.000	0.000
64.000	7542.000	1567.430	20.000	0.000	2.000	0.000	0.000
63.000	7545.000	1567.430	20.000	0.000	2.000	0.000	0.000
81.000	7549.000	1567.430	20.000	0.000	2.000	0.000	0.000
64.000	7551.000	1567.430	20.000	0.000	2.000	0.000	0.000
63.000	7548.000	1567.430	20.000	0.000	2.000	0.000	0.000
65.000	7548.000	1567.300	20.000	0.000	2.000	0.000	0.000
63.000	7557.000	1567.430	20.000	0.000	2.000	0.000	0.000
65.000	7551.000	1567.430	20.000	0.000	2.000	0.000	0.000
64.000	7555.000	1567.300	20.000	0.000	2.000	0.000	0.000
63.000	7556.000	1567.430	20.000	0.000	2.000	0.000	0.000
64.000	7559.000	1567.430	20.000	0.000	2.000	0.000	0.000
64.000	7553.000	1567.430	20.000	0.000	2.000	0.000	0.000
64.000	7555.000	1567.300	20.000	0.000	2.000	0.000	0.000
64.000	7557.000	1567.430	20.000	0.000	2.000	0.000	0.000
80.000	7555.000	1567.430	20.000	0.000	2.000	0.000	0.000
64.000	7558.000	1567.430	20.000	0.000	2.000	0.000	0.000
64.000	7560.000	1567.430	20.000	0.000	2.000	0.000	0.000
64.000	7556.000	1567.430	20.000	0.000	2.000	0.000	0.000
63.000	7566.000	1567.430	20.000	0.000	2.000	0.000	0.000
64.000	7562.000	1567.430	20.000	0.000	2.000	0.000	0.000
64.000	7564.000	1567.430	20.000	0.000	2.000	0.000	0.000
64.000	7567.000	1567.430	20.000	0.000	2.000	0.000	0.000
64.000	7564.000	1567.550	20.000	0.000	2.000	0.000	0.000
64.000	7570.000	1567.430	20.000	0.000	2.000	0.000	0.000
64.000	7569.000	1567.430	20.000	0.000	2.000	0.000	0.000
64.000	7567.000	1567.430	20.000	0.000	2.000	0.000	0.000
80.000	7573.000	1567.300	20.000	0.000	2.000	0.000	0.000
63.000	7577.000	1567.550	20.000	0.000	2.000	0.000	0.000
65.000	7578.000	1567.300	20.000	0.000	2.000	0.000	0.000
64.000	7569.000	1567.430	20.000	0.000	2.000	0.000	0.000
63.000	7576.000	1567.430	20.000	0.000	2.000	0.000	0.000
64.000	7574.000	1567.430	20.000	0.000	2.000	0.000	0.000
64.000	7577.000	1567.430	20.000	0.000	2.000	0.000	0.000
64.000	7571.000	1567.430	20.000	0.000	2.000	0.000	0.000
64.000	7577.000	1567.550	20.000	0.000	2.000	0.000	0.000
64.000	7580.000	1567.430	20.000	0.000	2.000	0.000	0.000
64.000	7574.000	1567.430	20.000	0.000	2.000	0.000	0.000
80.000	7582.000	1567.300	20.000	0.000	2.000	0.000	0.000
64.000	7592.000	1567.430	20.000	0.000	2.000	0.000	0.000
64.000	7581.000	1567.430	20.000	0.000	2.000	0.000	0.000
64.000	7586.000	1567.430	20.000	0.000	2.000	0.000	0.000
64.000	7578.000	1567.430	20.000	0.000	2.000	0.000	0.000
63.000	7587.000	1567.430	20.000	0.000	2.000	0.000	0.000
64.000	7601.000	1567.550	20.000	0.000	2.000	0.000	0.000
64.000	7628.000	1567.300	20.000	0.000	2.000	0.000	0.000
65.000	7644.000	1567.300	20.000	0.000	2.000	0.000	0.000
63.000	7677.000	1567.300	20.000	0.000	2.000	0.000	0.000
64.000	7703.000	1567.430	20.000	0.000	2.000	0.000	0.000
64.000	7732.000	1567.430	20.000	0.000	2.000	0.000	0.000
80.000	7764.000	1567.430	20.000	0.000	2.000	0.000	0.000
64.000	7801.000	1567.300	20.000	0.000	2.000	0.000	0.000
64.000	7832.000	1567.550	20.000	0.000	2.000	0.000	0.000
64.000	7880.000	1567.430	20.000	0.000	2.000	0.000	0.000
63.000	7922.000	1567.430	20.000	0.000	2.000	0.000	0.000
65.000	7965.000	1567.430	20.000	0.000	2.000	0.000	0.000
63.000	8017.000	1567.430	20.000	0.000	2.000	0.000	0.000
64.000	8071.000	1567.300	20.000	0.000	2.000	0.000	0.000
65.000	8131.000	1567.430	20.000	0.000	2.000	0.000	0.000
63.000	8203.000	1567.430	20.000	0.000	2.000	0.000	0.000
64.000	8281.000	1567.550	20.000	0.000	2.000	0.000	0.000
64.000	8375.000	1567.550	20.000	0.000	2.000	0.000	0.000
80.000	8484.000	1567.430	20.000	0.000	2.000	0.000	0.000
64.000	8603.000	1567.550	20.000	0.000	2.000	0.000	0.000
64.000	8770.000	1567.680	20.000	0.000	2.000	0.000	0.000
63.000	8997.000	1567.810	20.000	0.000	2.000	0.000	0.000
64.000	9252.000	1567.930	20.000	0.000	2.000	0.000	0.000
64.000	9439.000	1568.060	20.000	0.000	2.000	0.000	0.000
65.000	9610.000	1568.440	20.000	0.000	2.000	0.000	0.000
64.000	9763.000	1568.700	20.000	0.000	2.000	0.000	0.000
64.000	9834.000	1569.080	20.000	0.000	2.000	0.000	0.000
64.000	9905.000	1569.460	20.000	0.000	2.000	0.000	0.000
68.000	9933.000	1569.840	20.000	0.000	2.000	0.000	0.000
75.000	9976.000	1570.230	20.000	0.000	2.000	0.000	0.000
64.000	10012.000	1570.740	20.000	0.000	2.000	0.000	0.000
64.000	10133.000	1571.120	20.000	0.000	2.000	0.000	0.000
64.000	10340.000	1571.630	20.000	0.000	2.000	0.000	0.000
64.000	10778.000	1572.260	20.000	0.000	2.000	0.000	0.000
71.000	11270.000	1572.900	20.000	0.000	2.000	0.000	0.000
56.000	11713.000	1572.900	20.000	0.000	2.000	0.000	0.000
64.000	11873.000	1572.390	20.000	0.000	2.000	0.000	0.000
64.000	11803.000	1571.630	20.000	0.000	2.000	0.000	0.000
64.000	11758.000	1570.990	20.000	0.000	2.000	0.000	0.000
65.000	11717.000	1570.350	20.000	0.000	2.000	0.000	0.000
63.000	11639.000	1569.970	20.000	0.000	2.000	0.000	0.000
80.000	11520.000	1569.460	20.000	0.000	2.000	0.000	0.000
64.000	11357.000	1569.210	20.000	0.000	2.000	0.000	0.000
64.000	11145.000	1568.950	20.000	0.000	2.000	0.000	0.000
64.000	10879.000	1568.570	20.000	0.000	2.000	0.000	0.000
64.000	10575.000	1568.320	20.000	0.000	2.000	0.000	0.000
64.000	10276.000	1568.190	20.000	0.000	2.000	0.000	0.000
64.000	10006.000	1568.060	20.000	0.000	2.000	0.000	0.000
64.000	9710.000	1567.810	20.000	0.000	2.000	0.000	0.000
63.000	9447.000	1567.680	20.000	0.000	2.000	0.000	0.000
64.000	9227.000	1567.680	20.000	0.000	2.000	0.000	0.000
64.000	9070.000	1567.550	20.000	0.000	2.000	0.000	0.000
64.000	8931.000	1567.550	20.000	0.000	2.000	0.000	0.000
80.000	8826.000	1567.550	20.000	0.000	2.000	0.000	0.000
64.000	8731.000	1567.550	20.000	0.000	2.000	0.000	0.000
64.000	8354.000	1567.430	20.000	0.000	2.000	0.000	0.000
64.000	8208.000	1567.550	20.000	0.000	2.000	0.000	0.000
64.000	8085.000	1567.430	20.000	0.000	2.000	0.000	0.000
64.000	8021.000	1567.430	20.000	0.000	2.000	0.000	0.000
64.000	7960.000	1567.430	20.000	0.000	2.000	0.000	0.000
63.000	7899.000	1567.430	20.000	0.000	2.000	0.000	0.000
65.000	7849.000	1567.550	20.000	0.000	2.000	0.000	0.000
64.000	7807.000	1567.430	20.000	0.000	2.000	0.000	0.000
64.000	7761.000	1567.430	20.000	0.000	2.000	0.000	0.000
79.000	7731.000	1567.430	20.000	0.000	2.000	0.000	0.000
64.000	7697.000	1567.550	20.000	0.000	2.000	0.000	0.000
64.000	7668.000	1567.430	20.000	0.000	2.000	0.000	0.000
64.000	7641.000	1567.430	20.000	0.000	2.000	0.000	0.000
64.000	7613.000	1567.430	20.000	0.000	2.000	0.000	0.000
64.000	7586.000	1567.430	20.000	0.000	2.000	0.000	0.000
64.000	7565.000	1567.550	20.000	0.000	2.000	0.000	0.000
63.000	7545.000	1567.430	20.000	0.000	2.000	0.000	0.000
65.000	7530.000	1567.430	20.000	0.000	2.000	0.000	0.000
64.000	7521.000	1567.430	20.000	0.000	2.000	0.000	0.000
63.000	7538.000	1567.550	20.000	0.000	2.000	0.000	0.000
65.000	7548.000	1567.300	20.000	0.000	2.000	0.000	0.000
79.000	7541.000	1567.430	20.000	0.000	2.000	0.000	0.000
64.000	7547.000	1567.550	20.000	0.000	2.000	0.000	0.000
64.000	7550.000	1567.430	20.000	0.000	2.000	0.000	0.000
64.000	7552.000	1567.550	20.000	0.000	2.000	0.000	0.000
64.000	7553.000	1567.430	20.000	0.000	2.000	0.000	0.000
64.000	7552.000	1567.430	20.000	0.000	2.000	0.000	0.000
64.000	7550.000	1567.550	20.000	0.000	2.000	0.000	0.000
63.000	7551.000	1567.550	20.000	0.000	2.000	0.000	0.000
65.000	7555.000	1567.430	20.000	0.000	2.000	0.000	0.000
64.000	7560.000	1567.430	20.000	0.000	2.000	0.000	0.000
64.000	7552.000	1567.430	20.000	0.000	2.000	0.000	0.000
63.000	7560.000	1567.430	20.000	0.000	2.000	0.000	0.000
80.000	7559.000	1567.430	20.000	0.000	2.000	0.000	0.000
64.000	7563.000	1567.300	20.000	0.000	2.000	0.000	0.000
64.000	7554.000	1567.430	20.000	0.000	2.000	0.000	0.000
64.000	7564.000	1567.550	20.000	0.000	2.000	0.000	0.000
64.000	7557.000	1567.430	20.000	0.000	2.000	0.000	0.000
64.000	7564.000	1567.430	20.000	0.000	2.000	0.000	0.000
63.000	7574.000	1567.430	20.000	0.000	2.000	0.000	0.000
65.000	7571.000	1567.300	20.000	0.000	2.000	0.000	0.000
64.000	7567.000	1567.430	20.000	0.000	2.000	0.000	0.000
64.000	7568.000	1567.430	20.000	0.000	2.000	0.000	0.000
64.000	7565.000	1567.430	20.000	0.000	2.000	0.000	0.000
80.000	7571.000	1567.430	20.000	0.000	2.000	0.000	0.000
63.000	7574.000	1567.430	20.000	0.000	2.000	0.000	0.000
64.000	7570.000	1567.430	20.000	0.000	2.000	0.000	0.000
64.000	7573.000	1567.430	20.000	0.000	2.000	0.000	0.000
64.000	7572.000	1567.550	20.000	0.000	2.000	0.000	0.000
64.000	7570.000	1567.550	20.000	0.000	2.000	0.000	0.000
64.000	7572.000	1567.430	20.000	0.000	2.000	0.000	0.000
64.000	7582.000	1567.430	20.000	0.000	2.000	0.000	0.000
63.000	7571.000	1567.430	20.000	0.000	2.000	0.000	0.000
65.000	7574.000	1567.550	20.000	0.000	2.000	0.000	0.000
63.000	7581.000	1567.430	20.000	0.000	2.000	0.000	0.000
64.000	7577.000	1567.430	20.000	0.000	2.000	0.000	0.000
80.000	7584.000	1567.430	20.000	0.000	2.000	0.000	0.000
64.000	7582.000	1567.300	20.000	0.000	2.000	0.000	0.000
65.000	7583.000	1567.430	20.000	0.000	2.000	0.000	0.000
63.000	7583.000	1567.550	20.000	0.000	2.000	0.000	0.000
64.000	7580.000	1567.430	20.000	0.000	2.000	0.000	0.000
64.000	7581.000	1567.430	20.000	0.000	2.000	0.000	0.000
64.000	7587.000	1567.430	20.000	0.000	2.000	0.000	0.000
64.000	7590.000	1567.430	20.000	0.000	2.000	0.000	0.000
64.000	7587.000	1567.550	20.000	0.000	2.000	0.000	0.000
64.000	7587.000	1567.430	20.000	0.000	2.000	0.000	0.000
64.000	7587.000	1567.430	20.000	0.000	2.000	0.000	0.000
63.000	7592.000	1567.430	20.000	0.000	2.000	0.000	0.000
81.000	7589.000	1567.430	20.000	0.000	2.000	0.000	0.000
64.000	7594.000	1567.550	20.000	0.000	2.000	0.000	0.000
64.000	7595.000	1567.430	20.000	0.000	2.000	0.000	0.000
63.000	7595.000	1567.430	20.000	0.000	2.000	0.000	0.000
64.000	7592.000	1567.430	20.000	0.000	2.000	0.000	0.000
64.000	7593.000	1567.430	20.000	0.000	2.000	0.000	0.000
64.000	7595.000	1567.430	20.000	0.000	2.000	0.000	0.000
64.000	7609.000	1567.430	20.000	0.000	2.000	0.000	0.000
64.000	7638.000	1567.430	20.000	0.000	2.000	0.000	0.000
64.000	7659.000	1567.430	20.000	0.000	2.000	0.000	0.000
64.000	7686.000	1567.430	20.000	0.000	2.000	0.000	0.000
80.000	7717.000	1567.430	20.000	0.000	2.000	0.000	0.000
63.000	7742.000	1567.430	20.000	0.000	2.000	0.000	0.000
65.000	7771.000	1567.430	20.000	0.000	2.000	0.000	0.000
64.000	7808.000	1567.430	20.000	0.000	2.000	0.000	0.000
64.000	7848.000	1567.430	20.000	0.000	2.000	0.000	0.000
63.000	7884.000	1567.550	20.000	0.000	2.000	0.000	0.000
64.000	7933.000	1567.430	20.000	0.000	2.000	0.000	0.000
64.000	7975.000	1567.550	20.000	0.000	2.000	0.000	0.000
64.000	8028.000	1567.300	20.000	0.000	2.000	0.000	0.000
64.000	8081.000	1567.550	20.000	0.000	2.000	0.000	0.000
64.000	8142.000	1567.430	20.000	0.000	2.000	0.000	0.000
64.000	8217.000	1567.550	20.000	0.000	2.000	0.000	0.000
80.000	8296.000	1567.550	20.000	0.000	2.000	0.000	0.000
64.000	8386.000	1567.430	20.000	0.000	2.000	0.000	0.000
64.000	8489.000	1567.550	20.000	0.000	2.000	0.000	0.000
64.000	8603.000	1567.550	20.000	0.000	2.000	0.000	0.000
63.000	8764.000	1567.680	20.000	0.000	2.000	0.000	0.000
65.000	8995.000	1567.930	20.000	0.000	2.000	0.000	0.000
69.000	9255.000	1567.930	20.000	0.000	2.000	0.000	0.000
58.000	9416.000	1568.190	20.000	0.000	2.000	0.000	0.000
65.000	9586.000	1568.440	20.000	0.000	2.000	0.000	0.000
63.000	9731.000	1568.700	20.000	0.000	2.000	0.000	0.000
64.000	9803.000	1569.080	20.000	0.000	2.000	0.000	0.000
64.000	9867.000	1569.460	20.000	0.000	2.000	0.000	0.000
80.000	9912.000	1569.970	20.000	0.000	2.000	0.000	0.000
64.000	9952.000	1570.230	20.000	0.000	2.000	0.000	0.000
64.000	9986.000	1570.740	20.000	0.000	2.000	0.000	0.000
63.000	10101.000	1571.120	20.000	0.000	2.000	0.000	0.000
65.000	10310.000	1571.630	20.000	0.000	2.000	0.000	0.000
68.000	10752.000	1572.140	20.000	0.000	2.000	0.000	0.000
61.000	11240.000	1572.770	20.000	0.000	2.000	0.000	0.000
63.000	11690.000	1572.770	20.000	0.000	2.000	0.000	0.000
64.000	11846.000	1572.390	20.000	0.000	2.000	0.000	0.000
63.000	11774.000	1571.750	20.000	0.000	2.000	0.000	0.000
64.000	11729.000	1571.120	20.000	0.000	2.000	0.000	0.000
80.000	11698.000	1570.480	20.000	0.000	2.000	0.000	0.000
64.000	11619.000	1569.970	20.000	0.000	2.000	0.000	0.000
64.000	11496.000	1569.590	20.000	0.000	2.000	0.000	0.000
64.000	11331.000	1569.210	20.000	0.000	2.000	0.000	0.000
64.000	11114.000	1568.950	20.000	0.000	2.000	0.000	0.000
64.000	10861.000	1568.570	20.000	0.000	2.000	0.000	0.000
64.000	10550.000	1568.440	20.000	0.000	2.000	0.000	0.000
64.000	10252.000	1568.320	20.000	0.000	2.000	0.000	0.000
63.000	9994.000	1567.930	20.000	0.000	2.000	0.000	0.000
64.000	9714.000	1567.930	20.000	0.000	2.000	0.000	0.000
64.000	9438.000	1567.810	20.000	0.000	2.000	0.000	0.000
65.000	9211.000	1567.680	20.000	0.000	2.000	0.000	0.000
79.000	9041.000	1567.550	20.000	0.000	2.000	0.000	0.000
64.000	8912.000	1567.550	20.000	0.000	2.000	0.000	0.000
64.000	8801.000	1567.550	20.000	0.000	2.000	0.000	0.000
64.000	8689.000	1567.430	20.000	0.000	2.000	0.000	0.000
64.000	8329.000	1567.550	20.000	0.000	2.000	0.000	0.000
64.000	8172.000	1567.550	20.000	0.000	2.000	0.000	0.000
64.000	8082.000	1567.430	20.000	0.000	2.000	0.000	0.000
64.000	8017.000	1567.430	20.000	0.000	2.000	0.000	0.000
64.000	7957.000	1567.430	20.000	0.000	2.000	0.000	0.000
63.000	7906.000	1567.430	20.000	0.000	2.000	0.000	0.000
64.000	7854.000	1567.430	20.000	0.000	2.000	0.000	0.000
64.000	7807.000	1567.430	20.000	0.000	2.000	0.000	0.000
80.000	7766.000	1567.550	20.000	0.000	2.000	0.000	0.000
64.000	7729.000	1567.550	20.000	0.000	2.000	0.000	0.000
64.000	7704.000	1567.300	20.000	0.000	2.000	0.000	0.000
64.000	7667.000	1567.430	20.000	0.000	2.000	0.000	0.000
64.000	7644.000	1567.430	20.000	0.000	2.000	0.000	0.000
64.000	7614.000	1567.430	20.000	0.000	2.000	0.000	0.000
63.000	7590.000	1567.430	20.000	0.000	2.000	0.000	0.000
65.000	7568.000	1567.430	20.000	0.000	2.000	0.000	0.000
63.000	7551.000	1567.430	20.000	0.000	2.000	0.000	0.000
64.000	7528.000	1567.430	20.000	0.000	2.000	0.000	0.000
65.000	7531.000	1567.550	20.000	0.000	2.000	0.000	0.000
79.000	7538.000	1567.430	20.000	0.000	2.000	0.000	0.000
64.000	7549.000	1567.430	20.000	0.000	2.000	0.000	0.000
64.000	7549.000	1567.430	20.000	0.000	2.000	0.000	0.000
64.000	7554.000	1567.430	20.000	0.000	2.000	0.000	0.000
64.000	7554.000	1567.430	20.000	0.000	2.000	0.000	0.000
64.000	7549.000	1567.550	20.000	0.000	2.000	0.000	0.000
64.000	7554.000	1567.430	20.000	0.000	2.000	0.000	0.000
64.000	7546.000	1567.430	20.000	0.000	2.000	0.000	0.000
64.000	7553.000	1567.550	20.000	0.000	2.000	0.000	0.000
64.000	7553.000	1567.300	20.000	0.000	2.000	0.000	0.000
63.000	7553.000	1567.430	20.000	0.000	2.000	0.000	0.000
64.000	7553.000	1567.430	20.000	0.000	2.000	0.000	0.000
80.000	7554.000	1567.430	20.000	0.000	2.000	0.000	0.000
64.000	7557.000	1567.430	20.000	0.000	2.000	0.000	0.000
64.000	7563.000	1567.430	20.000	0.000	2.000	0.000	0.000
64.000	7560.000	1567.430	20.000	0.000	2.000	0.000	0.000
64.000	7566.000	1567.430	20.000	0.000	2.000	0.000	0.000
63.000	7558.000	1567.430	20.000	0.000	2.000	0.000	0.000
65.000	7564.000	1567.430	20.000	0.000	2.000	0.000	0.000
63.000	7564.000	1567.430	20.000	0.000	2.000	0.000	0.000
64.000	7571.000	1567.430	20.000	0.000	2.000	0.000	0.000
64.000	7564.000	1567.550	20.000	0.000	2.000	0.000	0.000
64.000	7565.000	1567.300	20.000	0.000	2.000	0.000	0.000
65.000	7572.000	1567.430	20.000	0.000	2.000	0.000	0.000
79.000	7566.000	1567.430	20.000	0.000	2.000	0.000	0.000
64.000	7570.000	1567.430	20.000	0.000	2.000	0.000	0.000
64.000	7569.000	1567.430	20.000	0.000	2.000	0.000	0.000
64.000	7577.000	1567.430	20.000	0.000	2.000	0.000	0.000
64.000	7578.000	1567.430	20.000	0.000	2.000	0.000	0.000
63.000	7577.000	1567.430	20.000	0.000	2.000	0.000	0.000
65.000	7576.000	1567.550	20.000	0.000	2.000	0.000	0.000
64.000	7583.000	1567.430	20.000	0.000	2.000	0.000	0.000
64.000	7576.000	1567.430	20.000	0.000	2.000	0.000	0.000
63.000	7578.000	1567.430	20.000	0.000	2.000	0.000	0.000
64.000	7581.000	1567.430	20.000	0.000	2.000	0.000	0.000
81.000	7586.000	1567.430	20.000	0.000	2.000	0.000	0.000
63.000	7588.000	1567.430	20.000	0.000	2.000	0.000	0.000
64.000	7589.000	1567.430	20.000	0.000	2.000	0.000	0.000
64.000	7580.000	1567.550	20.000	0.000	2.000	0.000	0.000
64.000	7582.000	1567.430	20.000	0.000	2.000	0.000	0.000
64.000	7595.000	1567.430	20.000	0.000	2.000	0.000	0.000
63.000	7589.000	1567.430	20.000	0.000	2.000	0.000	0.000
65.000	7583.000	1567.430	20.000	0.000	2.000	0.000	0.000
63.000	7588.000	1567.430	20.000	0.000	2.000	0.000	0.000
64.000	7589.000	1567.550	20.000	0.000	2.000	0.000	0.000
64.000	7590.000	1567.430	20.000	0.000	2.000	0.000	0.000
64.000	7591.000	1567.430	20.000	0.000	2.000	0.000	0.000
80.000	7589.000	1567.430	20.000	0.000	2.000	0.000	0.000
64.000	7592.000	1567.550	20.000	0.000	2.000	0.000	0.000
64.000	7589.000	1567.430	20.000	0.000	2.000	0.000	0.000
64.000	7596.000	1567.430	20.000	0.000	2.000	0.000	0.000
65.000	7596.000	1567.430	20.000	0.000	2.000	0.000	0.000
63.000	7604.000	1567.430	20.000	0.000	2.000	0.000	0.000
64.000	7595.000	1567.430	20.000	0.000	2.000	0.000	0.000
64.000	7597.000	1567.300	20.000	0.000	2.000	0.000	0.000
64.000	7600.000	1567.550	20.000	0.000	2.000	0.000	0.000
64.000	7612.000	1567.550	20.000	0.000	2.000	0.000	0.000
64.000	7639.000	1567.430	20.000	0.000	2.000	0.000	0.000
64.000	7663.000	1567.550	20.000	0.000	2.000	0.000	0.000
80.000	7691.000	1567.430	20.000	0.000	2.000	0.000	0.000
63.000	7718.000	1567.550	20.000	0.000	2.000	0.000	0.000
64.000	7743.000	1567.430	20.000	0.000	2.000	0.000	0.000
64.000	7773.000	1567.430	20.000	0.000	2.000	0.000	0.000
64.000	7810.000	1567.550	20.000	0.000	2.000	0.000	0.000
64.000	7852.000	1567.430	20.000	0.000	2.000	0.000	0.000
64.000	7886.000	1567.430	20.000	0.000	2.000	0.000	0.000
64.000	7933.000	1567.430	20.000	0.000	2.000	0.000	0.000
64.000	7979.000	1567.430	20.000	0.000	2.000	0.000	0.000
64.000	8030.000	1567.430	20.000	0.000	2.000	0.000	0.000
63.000	8083.000	1567.430	20.000	0.000	2.000	0.000	0.000
80.000	8146.000	1567.430	20.000	0.000	2.000	0.000	0.000
65.000	8213.000	1567.430	20.000	0.000	2.000	0.000	0.000
63.000	8290.000	1567.550	20.000	0.000	2.000	0.000	0.000
64.000	8384.000	1567.550	20.000	0.000	2.000	0.000	0.000
64.000	8483.000	1567.680	20.000	0.000	2.000	0.000	0.000
64.000	8604.000	1567.680	20.000	0.000	2.000	0.000	0.000
64.000	8750.000	1567.680	20.000	0.000	2.000	0.000	0.000
64.000	8965.000	1567.810	20.000	0.000	2.000	0.000	0.000
63.000	9225.000	1568.060	20.000	0.000	2.000	0.000	0.000
65.000	9393.000	1568.320	20.000	0.000	2.000	0.000	0.000
63.000	9558.000	1568.440	20.000	0.000	2.000	0.000	0.000
64.000	9721.000	1568.700	20.000	0.000	2.000	0.000	0.000
80.000	9796.000	1569.080	20.000	0.000	2.000	0.000	0.000
65.000	9862.000	1569.460	20.000	0.000	2.000	0.000	0.000
64.000	9909.000	1569.970	20.000	0.000	2.000	0.000	0.000
65.000	9923.000	1570.230	20.000	0.000	2.000	0.000	0.000
62.000	9959.000	1570.740	20.000	0.000	2.000	0.000	0.000
64.000	10056.000	1571.250	20.000	0.000	2.000	0.000	0.000
64.000	10269.000	1571.630	20.000	0.000	2.000	0.000	0.000
65.000	10692.000	1572.260	20.000	0.000	2.000	0.000	0.000
63.000	11176.000	1572.770	20.000	0.000	2.000	0.000	0.000
64.000	11665.000	1573.030	20.000	0.000	2.000	0.000	0.000
63.000	11883.000	1572.650	20.000	0.000	2.000	0.000	0.000
81.000	11831.000	1571.880	20.000	0.000	2.000	0.000	0.000
64.000	11769.000	1571.250	20.000	0.000	2.000	0.000	0.000
64.000	11728.000	1570.610	20.000	0.000	2.000	0.000	0.000
63.000	11672.000	1570.230	20.000	0.000	2.000	0.000	0.000
64.000	11556.000	1569.720	20.000	0.000	2.000	0.000	0.000
64.000	11409.000	1569.340	20.000	0.000	2.000	0.000	0.000
65.000	11199.000	1568.950	20.000	0.000	2.000	0.000	0.000
63.000	10954.000	1568.830	20.000	0.000	2.000	0.000	0.000
64.000	10648.000	1568.440	20.000	0.000	2.000	0.000	0.000
64.000	10341.000	1568.320	20.000	0.000	2.000	0.000	0.000
63.000	10075.000	1568.190	20.000	0.000	2.000	0.000	0.000
65.000	9786.000	1567.930	20.000	0.000	2.000	0.000	0.000
79.000	9537.000	1567.930	20.000	0.000	2.000	0.000	0.000
64.000	9274.000	1567.810	20.000	0.000	2.000	0.000	0.000
65.000	9078.000	1567.680	20.000	0.000	2.000	0.000	0.000
63.000	8944.000	1567.550	20.000	0.000	2.000	0.000	0.000
64.000	8844.000	1567.430	20.000	0.000	2.000	0.000	0.000
64.000	8731.000	1567.430	20.000	0.000	2.000	0.000	0.000
64.000	8358.000	1567.550	20.000	0.000	2.000	0.000	0.000
64.000	8205.000	1567.430	20.000	0.000	2.000	0.000	0.000
64.000	8118.000	1567.550	20.000	0.000	2.000	0.000	0.000
64.000	8056.000	1567.550	20.000	0.000	2.000	0.000	0.000
64.000	7968.000	1567.430	20.000	0.000	2.000	0.000	0.000
64.000	7913.000	1567.550	20.000	0.000	2.000	0.000	0.000
80.000	7860.000	1567.430	20.000	0.000	2.000	0.000	0.000
64.000	7814.000	1567.430	20.000	0.000	2.000	0.000	0.000
64.000	7774.000	1567.430	20.000	0.000	2.000	0.000	0.000
64.000	7738.000	1567.550	20.000	0.000	2.000	0.000	0.000
63.000	7706.000	1567.430	20.000	0.000	2.000	0.000	0.000
64.000	7670.000	1567.430	20.000	0.000	2.000	0.000	0.000
64.000	7647.000	1567.430	20.000	0.000	2.000	0.000	0.000
64.000	7621.000	1567.430	20.000	0.000	2.000	0.000	0.000
64.000	7592.000	1567.550	20.000	0.000	2.000	0.000	0.000
64.000	7574.000	1567.430	20.000	0.000	2.000	0.000	0.000
63.000	7553.000	1567.430	20.000	0.000	2.000	0.000	0.000
81.000	7532.000	1567.430	20.000	0.000	2.000	0.000	0.000
63.000	7528.000	1567.430	20.000	0.000	2.000	0.000	0.000
64.000	7531.000	1567.550	20.000	0.000	2.000	0.000	0.000
65.000	7540.000	1567.430	20.000	0.000	2.000	0.000	0.000
64.000	7545.000	1567.550	20.000	0.000	2.000	0.000	0.000
63.000	7551.000	1567.430	20.000	0.000	2.000	0.000	0.000
64.000	7551.000	1567.430	20.000	0.000	2.000	0.000	0.000
65.000	7545.000	1567.550	20.000	0.000	2.000	0.000	0.000
63.000	7550.000	1567.430	20.000	0.000	2.000	0.000	0.000
65.000	7555.000	1567.550	20.000	0.000	2.000	0.000	0.000
63.000	7553.000	1567.550	20.000	0.000	2.000	0.000	0.000
64.000	7551.000	1567.550	20.000	0.000	2.000	0.000	0.000
80.000	7551.000	1567.550	20.000	0.000	2.000	0.000	0.000
64.000	7557.000	1567.430	20.000	0.000	2.000	0.000	0.000
64.000	7560.000	1567.550	20.000	0.000	2.000	0.000	0.000
64.000	7560.000	1567.430	20.000	0.000	2.000	0.000	0.000
64.000	7559.000	1567.550	20.000	0.000	2.000	0.000	0.000
64.000	7560.000	1567.550	20.000	0.000	2.000	0.000	0.000
63.000	7559.000	1567.550	20.000	0.000	2.000	0.000	0.000
64.000	7562.000	1567.550	20.000	0.000	2.000	0.000	0.000
65.000	7564.000	1567.430	20.000	0.000	2.000	0.000	0.000
63.000	7564.000	1567.430	20.000	0.000	2.000	0.000	0.000
64.000	7568.000	1567.430	20.000	0.000	2.000	0.000	0.000
64.000	7575.000	1567.430	20.000	0.000	2.000	0.000	0.000
80.000	7575.000	1567.550	20.000	0.000	2.000	0.000	0.000
64.000	7576.000	1567.550	20.000	0.000	2.000	0.000	0.000
64.000	7578.000	1567.430	20.000	0.000	2.000	0.000	0.000
64.000	7576.000	1567.550	20.000	0.000	2.000	0.000	0.000
64.000	7574.000	1567.430	20.000	0.000	2.000	0.000	0.000
64.000	7576.000	1567.550	20.000	0.000	2.000	0.000	0.000
63.000	7581.000	1567.430	20.000	0.000	2.000	0.000	0.000
65.000	7579.000	1567.430	20.000	0.000	2.000	0.000	0.000
64.000	7574.000	1567.550	20.000	0.000	2.000	0.000	0.000
64.000	7579.000	1567.430	20.000	0.000	2.000	0.000	0.000
63.000	7579.000	1567.550	20.000	0.000	2.000	0.000	0.000
64.000	7581.000	1567.550	20.000	0.000	2.000	0.000	0.000
80.000	7577.000	1567.550	20.000	0.000	2.000	0.000	0.000
64.000	7588.000	1567.430	20.000	0.000	2.000	0.000	0.000
64.000	7591.000	1567.430	20.000	0.000	2.000	0.000	0.000
64.000	7589.000	1567.430	20.000	0.000	2.000	0.000	0.000
64.000	7579.000	1567.430	20.000	0.000	2.000	0.000	0.000
63.000	7586.000	1567.430	20.000	0.000	2.000	0.000	0.000
64.000	7593.000	1567.430	20.000	0.000	2.000	0.000	0.000
64.000	7593.000	1567.430	20.000	0.000	2.000	0.000	0.000
64.000	7586.000	1567.430	20.000	0.000	2.000	0.000	0.000
64.000	7584.000	1567.550	20.000	0.000	2.000	0.000	0.000
64.000	7593.000	1567.550	20.000	0.000	2.000	0.000	0.000
80.000	7594.000	1567.550	20.000	0.000	2.000	0.000	0.000
64.000	7594.000	1567.550	20.000	0.000	2.000	0.000	0.000
63.000	7593.000	1567.430	20.000	0.000	2.000	0.000	0.000
64.000	7594.000	1567.550	20.000	0.000	2.000	0.000	0.000
65.000	7594.000	1567.430	20.000	0.000	2.000	0.000	0.000
64.000	7604.000	1567.430	20.000	0.000	2.000	0.000	0.000
64.000	7596.000	1567.430	20.000	0.000	2.000	0.000	0.000
64.000	7600.000	1567.550	20.000	0.000	2.000	0.000	0.000
64.000	7602.000	1567.550	20.000	0.000	2.000	0.000	0.000
63.000	7599.000	1567.430	20.000	0.000	2.000	0.000	0.000
64.000	7604.000	1567.550	20.000	0.000	2.000	0.000	0.000
65.000	7612.000	1567.550	20.000	0.000	2.000	0.000	0.000
79.000	7634.000	1567.550	20.000	0.000	2.000	0.000	0.000
64.000	7655.000	1567.550	20.000	0.000	2.000	0.000	0.000
64.000	7681.000	1567.550	20.000	0.000	2.000	0.000	0.000
64.000	7715.000	1567.430	20.000	0.000	2.000	0.000	0.000
64.000	7744.000	1567.550	20.000	0.000	2.000	0.000	0.000
64.000	7770.000	1567.430	20.000	0.000	2.000	0.000	0.000
64.000	7807.000	1567.550	20.000	0.000	2.000	0.000	0.000
64.000	7845.000	1567.430	20.000	0.000	2.000	0.000	0.000
63.000	7888.000	1567.550	20.000	0.000	2.000	0.000	0.000
65.000	7922.000	1567.430	20.000	0.000	2.000	0.000	0.000
63.000	7970.000	1567.550	20.000	0.000	2.000	0.000	0.000
64.000	8016.000	1567.550	20.000	0.000	2.000	0.000	0.000
80.000	8076.000	1567.550	20.000	0.000	2.000	0.000	0.000
64.000	8138.000	1567.550	20.000	0.000	2.000	0.000	0.000
64.000	8205.000	1567.550	20.000	0.000	2.000	0.000	0.000
64.000	8285.000	1567.550	20.000	0.000	2.000	0.000	0.000
64.000	8371.000	1567.550	20.000	0.000	2.000	0.000	0.000
64.000	8467.000	1567.550	20.000	0.000	2.000	0.000	0.000
64.000	8582.000	1567.680	20.000	0.000	2.000	0.000	0.000
64.000	8726.000	1567.810	20.000	0.000	2.000	0.000	0.000
63.000	8914.000	1567.810	20.000	0.000	2.000	0.000	0.000
71.000	9203.000	1567.930	20.000	0.000	2.000	0.000	0.000
63.000	9372.000	1568.190	20.000	0.000	2.000	0.000	0.000
74.000	9537.000	1568.440	20.000	0.000	2.000	0.000	0.000
65.000	9707.000	1568.700	20.000	0.000	2.000	0.000	0.000
63.000	9795.000	1569.080	20.000	0.000	2.000	0.000	0.000
64.000	9875.000	1569.340	20.000	0.000	2.000	0.000	0.000
64.000	9914.000	1569.720	20.000	0.000	2.000	0.000	0.000
67.000	9930.000	1570.230	20.000	0.000	2.000	0.000	0.000
61.000	9958.000	1570.610	20.000	0.000	2.000	0.000	0.000
64.000	10029.000	1571.120	20.000	0.000	2.000	0.000	0.000
64.000	10214.000	1571.630	20.000	0.000	2.000	0.000	0.000
64.000	10600.000	1572.140	20.000	0.000	2.000	0.000	0.000
63.000	11076.000	1572.650	20.000	0.000	2.000	0.000	0.000
64.000	11570.000	1573.030	20.000	0.000	2.000	0.000	0.000
80.000	11866.000	1572.770	20.000	0.000	2.000	0.000	0.000
66.000	11832.000	1572.010	20.000	0.000	2.000	0.000	0.000
63.000	11767.000	1571.370	20.000	0.000	2.000	0.000	0.000
63.000	11730.000	1570.860	20.000	0.000	2.000	0.000	0.000
64.000	11676.000	1570.230	20.000	0.000	2.000	0.000	0.000
64.000	11570.000	1569.840	20.000	0.000	2.000	0.000	0.000
64.000	11438.000	1569.340	20.000	0.000	2.000	0.000	0.000
64.000	11234.000	1569.080	20.000	0.000	2.000	0.000	0.000
64.000	11002.000	1568.830	20.000	0.000	2.000	0.000	0.000
64.000	10711.000	1568.570	20.000	0.000	2.000	0.000	0.000
64.000	10397.000	1568.320	20.000	0.000	2.000	0.000	0.000
63.000	10127.000	1568.190	20.000	0.000	2.000	0.000	0.000
80.000	9834.000	1568.060	20.000	0.000	2.000	0.000	0.000
64.000	9586.000	1567.810	20.000	0.000	2.000	0.000	0.000
65.000	9319.000	1567.810	20.000	0.000	2.000	0.000	0.000
63.000	9109.000	1567.680	20.000	0.000	2.000	0.000	0.000
64.000	8962.000	1567.680	20.000	0.000	2.000	0.000	0.000
64.000	8862.000	1567.430	20.000	0.000	2.000	0.000	0.000
64.000	8752.000	1567.680	20.000	0.000	2.000	0.000	0.000
64.000	8419.000	1567.550	20.000	0.000	2.000	0.000	0.000
64.000	8233.000	1567.550	20.000	0.000	2.000	0.000	0.000
64.000	8133.000	1567.550	20.000	0.000	2.000	0.000	0.000
64.000	8065.000	1567.430	20.000	0.000	2.000	0.000	0.000
80.000	7982.000	1567.430	20.000	0.000	2.000	0.000	0.000
64.000	7928.000	1567.550	20.000	0.000	2.000	0.000	0.000
64.000	7876.000	1567.550	20.000	0.000	2.000	0.000	0.000
63.000	7827.000	1567.550	20.000	0.000	2.000	0.000	0.000
64.000	7783.000	1567.430	20.000	0.000	2.000	0.000	0.000
64.000	7740.000	1567.430	20.000	0.000	2.000	0.000	0.000
64.000	7710.000	1567.430	20.000	0.000	2.000	0.000	0.000
64.000	7686.000	1567.430	20.000	0.000	2.000	0.000	0.000
64.000	7650.000	1567.550	20.000	0.000	2.000	0.000	0.000
64.000	7627.000	1567.550	20.000	0.000	2.000	0.000	0.000
64.000	7598.000	1567.550	20.000	0.000	2.000	0.000	0.000
64.000	7580.000	1567.430	20.000	0.000	2.000	0.000	0.000
80.000	7558.000	1567.550	20.000	0.000	2.000	0.000	0.000
63.000	7532.000	1567.550	20.000	0.000	2.000	0.000	0.000
64.000	7523.000	1567.430	20.000	0.000	2.000	0.000	0.000
65.000	7529.000	1567.430	20.000	0.000	2.000	0.000	0.000
63.000	7545.000	1567.550	20.000	0.000	2.000	0.000	0.000
65.000	7544.000	1567.550	20.000	0.000	2.000	0.000	0.000
63.000	7549.000	1567.430	20.000	0.000	2.000	0.000	0.000
64.000	7551.000	1567.550	20.000	0.000	2.000	0.000	0.000
64.000	7550.000	1567.430	20.000	0.000	2.000	0.000	0.000
64.000	7548.000	1567.430	20.000	0.000	2.000	0.000	0.000
64.000	7552.000	1567.550	20.000	0.000	2.000	0.000	0.000
80.000	7543.000	1567.430	20.000	0.000	2.000	0.000	0.000
64.000	7545.000	1567.550	20.000	0.000	2.000	0.000	0.000
64.000	7554.000	1567.550	20.000	0.000	2.000	0.000	0.000
63.000	7551.000	1567.550	20.000	0.000	2.000	0.000	0.000
64.000	7552.000	1567.550	20.000	0.000	2.000	0.000	0.000
65.000	7560.000	1567.550	20.000	0.000	2.000	0.000	0.000
64.000	7558.000	1567.550	20.000	0.000	2.000	0.000	0.000
63.000	7554.000	1567.550	20.000	0.000	2.000	0.000	0.000
64.000	7555.000	1567.430	20.000	0.000	2.000	0.000	0.000
64.000	7562.000	1567.550	20.000	0.000	2.000	0.000	0.000
64.000	7565.000	1567.550	20.000	0.000	2.000	0.000	0.000
64.000	7564.000	1567.550	20.000	0.000	2.000	0.000	0.000
80.000	7568.000	1567.550	20.000	0.000	2.000	0.000	0.000
64.000	7567.000	1567.550	20.000	0.000	2.000	0.000	0.000
64.000	7572.000	1567.550	20.000	0.000	2.000	0.000	0.000
64.000	7569.000	1567.550	20.000	0.000	2.000	0.000	0.000
64.000	7570.000	1567.550	20.000	0.000	2.000	0.000	0.000
64.000	7575.000	1567.430	20.000	0.000	2.000	0.000	0.000
63.000	7567.000	1567.550	20.000	0.000	2.000	0.000	0.000
64.000	7577.000	1567.430	20.000	0.000	2.000	0.000	0.000
64.000	7575.000	1567.550	20.000	0.000	2.000	0.000	0.000
64.000	7575.000	1567.430	20.000	0.000	2.000	0.000	0.000
64.000	7578.000	1567.430	20.000	0.000	2.000	0.000	0.000
64.000	7571.000	1567.550	20.000	0.000	2.000	0.000	0.000
80.000	7576.000	1567.550	20.000	0.000	2.000	0.000	0.000
64.000	7580.000	1567.550	20.000	0.000	2.000	0.000	0.000
63.000	7581.000	1567.430	20.000	0.000	2.000	0.000	0.000
64.000	7588.000	1567.430	20.000	0.000	2.000	0.000	0.000
64.000	7585.000	1567.550	20.000	0.000	2.000	0.000	0.000
64.000	7587.000	1567.550	20.000	0.000	2.000	0.000	0.000
64.000	7585.000	1567.550	20.000	0.000	2.000	0.000	0.000
64.000	7583.000	1567.550	20.000	0.000	2.000	0.000	0.000
64.000	7588.000	1567.430	20.000	0.000	2.000	0.000	0.000
64.000	7591.000	1567.430	20.000	0.000	2.000	0.000	0.000
64.000	7588.000	1567.430	20.000	0.000	2.000	0.000	0.000
80.000	7585.000	1567.430	20.000	0.000	2.000	0.000	0.000
64.000	7590.000	1567.430	20.000	0.000	2.000	0.000	0.000
64.000	7586.000	1567.550	20.000	0.000	2.000	0.000	0.000
64.000	7593.000	1567.550	20.000	0.000	2.000	0.000	0.000
63.000	7595.000	1567.550	20.000	0.000	2.000	0.000	0.000
65.000	7599.000	1567.550	20.000	0.000	2.000	0.000	0.000
64.000	7595.000	1567.550	20.000	0.000	2.000	0.000	0.000
63.000	7595.000	1567.550	20.000	0.000	2.000	0.000	0.000
65.000	7597.000	1567.550	20.000	0.000	2.000	0.000	0.000
63.000	7594.000	1567.550	20.000	0.000	2.000	0.000	0.000
64.000	7594.000	1567.550	20.000	0.000	2.000	0.000	0.000
64.000	7600.000	1567.550	20.000	0.000	2.000	0.000	0.000
80.000	7607.000	1567.550	20.000	0.000	2.000	0.000	0.000
64.000	7607.000	1567.550	20.000	0.000	2.000	0.000	0.000
64.000	7619.000	1567.550	20.000	0.000	2.000	0.000	0.000
64.000	7642.000	1567.550	20.000	0.000	2.000	0.000	0.000
63.000	7669.000	1567.550	20.000	0.000	2.000	0.000	0.000
65.000	7695.000	1567.430	20.000	0.000	2.000	0.000	0.000
63.000	7722.000	1567.430	20.000	0.000	2.000	0.000	0.000
65.000	7749.000	1567.550	20.000	0.000	2.000	0.000	0.000
63.000	7786.000	1567.430	20.000	0.000	2.000	0.000	0.000
65.000	7818.000	1567.300	20.000	0.000	2.000	0.000	0.000
64.000	7854.000	1567.550	20.000	0.000	2.000	0.000	0.000
63.000	7896.000	1567.550	20.000	0.000	2.000	0.000	0.000
80.000	7938.000	1567.430	20.000	0.000	2.000	0.000	0.000
64.000	7988.000	1567.430	20.000	0.000	2.000	0.000	0.000
64.000	8039.000	1567.550	20.000	0.000	2.000	0.000	0.000
64.000	8097.000	1567.550	20.000	0.000	2.000	0.000	0.000
64.000	8161.000	1567.430	20.000	0.000	2.000	0.000	0.000
64.000	8227.000	1567.550	20.000	0.000	2.000	0.000	0.000
64.000	8314.000	1567.550	20.000	0.000	2.000	0.000	0.000
64.000	8407.000	1567.550	20.000	0.000	2.000	0.000	0.000
63.000	8499.000	1567.550	20.000	0.000	2.000	0.000	0.000
70.000	8637.000	1567.680	20.000	0.000	2.000	0.000	0.000
58.000	8790.000	1567.810	20.000	0.000	2.000	0.000	0.000
64.000	9027.000	1567.930	20.000	0.000	2.000	0.000	0.000
80.000	9258.000	1568.060	20.000	0.000	2.000	0.000	0.000
64.000	9427.000	1568.320	20.000	0.000	2.000	0.000	0.000
64.000	9589.000	1568.440	20.000	0.000	2.000	0.000	0.000
64.000	9737.000	1568.830	20.000	0.000	2.000	0.000	0.000
64.000	9811.000	1569.210	20.000	0.000	2.000	0.000	0.000
64.000	9865.000	1569.460	20.000	0.000	2.000	0.000	0.000
64.000	9906.000	1569.970	20.000	0.000	2.000	0.000	0.000
63.000	9909.000	1570.480	20.000	0.000	2.000	0.000	0.000
65.000	9973.000	1570.740	20.000	0.000	2.000	0.000	0.000
64.000	10088.000	1571.370	20.000	0.000	2.000	0.000	0.000
64.000	10317.000	1571.750	20.000	0.000	2.000	0.000	0.000
79.000	10762.000	1572.390	20.000	0.000	2.000	0.000	0.000
64.000	11237.000	1572.900	20.000	0.000	2.000	0.000	0.000
64.000	11713.000	1573.030	20.000	0.000	2.000	0.000	0.000
64.000	11890.000	1572.650	20.000	0.000	2.000	0.000	0.000
64.000	11805.000	1571.880	20.000	0.000	2.000	0.000	0.000
64.000	11751.000	1571.250	20.000	0.000	2.000	0.000	0.000
63.000	11716.000	1570.740	20.000	0.000	2.000	0.000	0.000
65.000	11642.000	1570.100	20.000	0.000	2.000	0.000	0.000
63.000	11518.000	1569.720	20.000	0.000	2.000	0.000	0.000
65.000	11368.000	1569.340	20.000	0.000	2.000	0.000	0.000
63.000	11150.000	1569.080	20.000	0.000	2.000	0.000	0.000
64.000	10897.000	1568.830	20.000	0.000	2.000	0.000	0.000
80.000	10588.000	1568.440	20.000	0.000	2.000	0.000	0.000
65.000	10292.000	1568.320	20.000	0.000	2.000	0.000	0.000
63.000	10035.000	1568.190	20.000	0.000	2.000	0.000	0.000
65.000	9735.000	1568.060	20.000	0.000	2.000	0.000	0.000
63.000	9469.000	1567.810	20.000	0.000	2.000	0.000	0.000
64.000	9244.000	1567.680	20.000	0.000	2.000	0.000	0.000
64.000	9048.000	1567.810	20.000	0.000	2.000	0.000	0.000
64.000	8916.000	1567.550	20.000	0.000	2.000	0.000	0.000
64.000	8826.000	1567.680	20.000	0.000	2.000	0.000	0.000
64.000	8689.000	1567.550	20.000	0.000	2.000	0.000	0.000
64.000	8329.000	1567.550	20.000	0.000	2.000	0.000	0.000
64.000	8186.000	1567.550	20.000	0.000	2.000	0.000	0.000
79.000	8097.000	1567.680	20.000	0.000	2.000	0.000	0.000
64.000	8025.000	1567.550	20.000	0.000	2.000	0.000	0.000
64.000	7958.000	1567.430	20.000	0.000	2.000	0.000	0.000
64.000	7901.000	1567.550	20.000	0.000	2.000	0.000	0.000
64.000	7850.000	1567.430	20.000	0.000	2.000	0.000	0.000
64.000	7809.000	1567.550	20.000	0.000	2.000	0.000	0.000
64.000	7765.000	1567.430	20.000	0.000	2.000	0.000	0.000
64.000	7738.000	1567.430	20.000	0.000	2.000	0.000	0.000
64.000	7695.000	1567.550	20.000	0.000	2.000	0.000	0.000
63.000	7664.000	1567.550	20.000	0.000	2.000	0.000	0.000
64.000	7645.000	1567.300	20.000	0.000	2.000	0.000	0.000
81.000	7613.000	1567.430	20.000	0.000	2.000	0.000	0.000
64.000	7592.000	1567.550	20.000	0.000	2.000	0.000	0.000
63.000	7569.000	1567.550	20.000	0.000	2.000	0.000	0.000
65.000	7550.000	1567.550	20.000	0.000	2.000	0.000	0.000
64.000	7525.000	1567.550	20.000	0.000	2.000	0.000	0.000
63.000	7522.000	1567.550	20.000	0.000	2.000	0.000	0.000
64.000	7528.000	1567.430	20.000	0.000	2.000	0.000	0.000
64.000	7543.000	1567.680	20.000	0.000	2.000	0.000	0.000
64.000	7540.000	1567.550	20.000	0.000	2.000	0.000	0.000
63.000	7545.000	1567.550	20.000	0.000	2.000	0.000	0.000
65.000	7554.000	1567.550	20.000	0.000	2.000	0.000	0.000
64.000	7544.000	1567.550	20.000	0.000	2.000	0.000	0.000
80.000	7544.000	1567.550	20.000	0.000	2.000	0.000	0.000
63.000	7549.000	1567.680	20.000	0.000	2.000	0.000	0.000
64.000	7551.000	1567.680	20.000	0.000	2.000	0.000	0.000
65.000	7557.000	1567.550	20.000	0.000	2.000	0.000	0.000
63.000	7551.000	1567.430	20.000	0.000	2.000	0.000	0.000
64.000	7556.000	1567.430	20.000	0.000	2.000	0.000	0.000
64.000	7552.000	1567.550	20.000	0.000	2.000	0.000	0.000
64.000	7554.000	1567.430	20.000	0.000	2.000	0.000	0.000
64.000	7557.000	1567.550	20.000	0.000	2.000	0.000	0.000
64.000	7555.000	1567.550	20.000	0.000	2.000	0.000	0.000
64.000	7559.000	1567.550	20.000	0.000	2.000	0.000	0.000
64.000	7563.000	1567.550	20.000	0.000	2.000	0.000	0.000
80.000	7572.000	1567.430	20.000	0.000	2.000	0.000	0.000
64.000	7563.000	1567.550	20.000	0.000	2.000	0.000	0.000
64.000	7568.000	1567.550	20.000	0.000	2.000	0.000	0.000
63.000	7573.000	1567.430	20.000	0.000	2.000	0.000	0.000
65.000	7568.000	1567.550	20.000	0.000	2.000	0.000	0.000
64.000	7565.000	1567.550	20.000	0.000	2.000	0.000	0.000
63.000	7567.000	1567.550	20.000	0.000	2.000	0.000	0.000
64.000	7569.000	1567.430	20.000	0.000	2.000	0.000	0.000
64.000	7569.000	1567.430	20.000	0.000	2.000	0.000	0.000
64.000	7576.000	1567.430	20.000	0.000	2.000	0.000	0.000
64.000	7575.000	1567.430	20.000	0.000	2.000	0.000	0.000
79.000	7574.000	1567.550	20.000	0.000	2.000	0.000	0.000
65.000	7576.000	1567.550	20.000	0.000	2.000	0.000	0.000
63.000	7574.000	1567.550	20.000	0.000	2.000	0.000	0.000
64.000	7579.000	1567.550	20.000	0.000	2.000	0.000	0.000
65.000	7584.000	1567.550	20.000	0.000	2.000	0.000	0.000
63.000	7582.000	1567.430	20.000	0.000	2.000	0.000	0.000
65.000	7578.000	1567.550	20.000	0.000	2.000	0.000	0.000
63.000	7583.000	1567.550	20.000	0.000	2.000	0.000	0.000
64.000	7580.000	1567.550	20.000	0.000	2.000	0.000	0.000
64.000	7580.000	1567.430	20.000	0.000	2.000	0.000	0.000
64.000	7587.000	1567.430	20.000	0.000	2.000	0.000	0.000
64.000	7591.000	1567.550	20.000	0.000	2.000	0.000	0.000
80.000	7592.000	1567.550	20.000	0.000	2.000	0.000	0.000
64.000	7582.000	1567.550	20.000	0.000	2.000	0.000	0.000
64.000	7588.000	1567.430	20.000	0.000	2.000	0.000	0.000
63.000	7593.000	1567.550	20.000	0.000	2.000	0.000	0.000
65.000	7597.000	1567.430	20.000	0.000	2.000	0.000	0.000
63.000	7590.000	1567.430	20.000	0.000	2.000	0.000	0.000
64.000	7592.000	1567.430	20.000	0.000	2.000	0.000	0.000
64.000	7593.000	1567.550	20.000	0.000	2.000	0.000	0.000
64.000	7593.000	1567.430	20.000	0.000	2.000	0.000	0.000
64.000	7597.000	1567.550	20.000	0.000	2.000	0.000	0.000
64.000	7596.000	1567.550	20.000	0.000	2.000	0.000	0.000
64.000	7596.000	1567.430	20.000	0.000	2.000	0.000	0.000
80.000	7598.000	1567.550	20.000	0.000	2.000	0.000	0.000
64.000	7601.000	1567.430	20.000	0.000	2.000	0.000	0.000
64.000	7599.000	1567.430	20.000	0.000	2.000	0.000	0.000
64.000	7612.000	1567.550	20.000	0.000	2.000	0.000	0.000
64.000	7632.000	1567.430	20.000	0.000	2.000	0.000	0.000
63.000	7652.000	1567.550	20.000	0.000	2.000	0.000	0.000
65.000	7683.000	1567.680	20.000	0.000	2.000	0.000	0.000
64.000	7713.000	1567.430	20.000	0.000	2.000	0.000	0.000
64.000	7736.000	1567.550	20.000	0.000	2.000	0.000	0.000
63.000	7774.000	1567.550	20.000	0.000	2.000	0.000	0.000
64.000	7803.000	1567.550	20.000	0.000	2.000	0.000	0.000
79.000	7839.000	1567.550	20.000	0.000	2.000	0.000	0.000
65.000	7884.000	1567.550	20.000	0.000	2.000	0.000	0.000
64.000	7920.000	1567.550	20.000	0.000	2.000	0.000	0.000
64.000	7972.000	1567.550	20.000	0.000	2.000	0.000	0.000
64.000	8017.000	1567.550	20.000	0.000	2.000	0.000	0.000
63.000	8072.000	1567.550	20.000	0.000	2.000	0.000	0.000
64.000	8127.000	1567.550	20.000	0.000	2.000	0.000	0.000
64.000	8198.000	1567.550	20.000	0.000	2.000	0.000	0.000
64.000	8278.000	1567.550	20.000	0.000	2.000	0.000	0.000
65.000	8368.000	1567.550	20.000	0.000	2.000	0.000	0.000
63.000	8458.000	1567.550	20.000	0.000	2.000	0.000	0.000
64.000	8583.000	1567.810	20.000	0.000	2.000	0.000	0.000
80.000	8725.000	1567.810	20.000	0.000	2.000	0.000	0.000
64.000	8915.000	1567.930	20.000	0.000	2.000	0.000	0.000
64.000	9191.000	1568.060	20.000	0.000	2.000	0.000	0.000
63.000	9360.000	1568.320	20.000	0.000	2.000	0.000	0.000
65.000	9513.000	1568.570	20.000	0.000	2.000	0.000	0.000
63.000	9673.000	1568.700	20.000	0.000	2.000	0.000	0.000
65.000	9777.000	1568.950	20.000	0.000	2.000	0.000	0.000
64.000	9839.000	1569.460	20.000	0.000	2.000	0.000	0.000
63.000	9893.000	1569.840	20.000	0.000	2.000	0.000	0.000
64.000	9909.000	1570.230	20.000	0.000	2.000	0.000	0.000
64.000	9952.000	1570.740	20.000	0.000	2.000	0.000	0.000
64.000	10009.000	1571.120	20.000	0.000	2.000	0.000	0.000
80.000	10190.000	1571.750	20.000	0.000	2.000	0.000	0.000
65.000	10573.000	1572.260	20.000	0.000	2.000	0.000	0.000
63.000	11047.000	1572.650	20.000	0.000	2.000	0.000	0.000
64.000	11555.000	1573.160	20.000	0.000	2.000	0.000	0.000
64.000	11946.000	1573.030	20.000	0.000	2.000	0.000	0.000
64.000	11943.000	1572.390	20.000	0.000	2.000	0.000	0.000
63.000	11846.000	1571.630	20.000	0.000	2.000	0.000	0.000
64.000	11795.000	1571.120	20.000	0.000	2.000	0.000	0.000
64.000	11746.000	1570.610	20.000	0.000	2.000	0.000	0.000
64.000	11653.000	1569.840	20.000	0.000	2.000	0.000	0.000
65.000	11520.000	1569.590	20.000	0.000	2.000	0.000	0.000
79.000	11339.000	1569.210	20.000	0.000	2.000	0.000	0.000
64.000	11098.000	1568.950	20.000	0.000	2.000	0.000	0.000
64.000	10836.000	1568.700	20.000	0.000	2.000	0.000	0.000
64.000	10508.000	1568.320	20.000	0.000	2.000	0.000	0.000
64.000	10211.000	1568.320	20.000	0.000	2.000	0.000	0.000
64.000	9951.000	1568.190	20.000	0.000	2.000	0.000	0.000
64.000	9677.000	1567.930	20.000	0.000	2.000	0.000	0.000
64.000	9405.000	1567.810	20.000	0.000	2.000	0.000	0.000
64.000	9176.000	1567.680	20.000	0.000	2.000	0.000	0.000
64.000	9006.000	1567.680	20.000	0.000	2.000	0.000	0.000
63.000	8888.000	1567.680	20.000	0.000	2.000	0.000	0.000
65.000	8537.000	1567.680	20.000	0.000	2.000	0.000	0.000
79.000	8292.000	1567.680	20.000	0.000	2.000	0.000	0.000
65.000	8180.000	1567.550	20.000	0.000	2.000	0.000	0.000
63.000	8095.000	1567.550	20.000	0.000	2.000	0.000	0.000
64.000	8023.000	1567.550	20.000	0.000	2.000	0.000	0.000
64.000	7959.000	1567.550	20.000	0.000	2.000	0.000	0.000
64.000	7905.000	1567.550	20.000	0.000	2.000	0.000	0.000
64.000	7855.000	1567.550	20.000	0.000	2.000	0.000	0.000
63.000	7812.000	1567.430	20.000	0.000	2.000	0.000	0.000
65.000	7764.000	1567.430	20.000	0.000	2.000	0.000	0.000
64.000	7736.000	1567.550	20.000	0.000	2.000	0.000	0.000
64.000	7695.000	1567.550	20.000	0.000	2.000	0.000	0.000
64.000	7668.000	1567.550	20.000	0.000	2.000	0.000	0.000
79.000	7636.000	1567.550	20.000	0.000	2.000	0.000	0.000
64.000	7617.000	1567.550	20.000	0.000	2.000	0.000	0.000
65.000	7595.000	1567.550	20.000	0.000	2.000	0.000	0.000
64.000	7568.000	1567.680	20.000	0.000	2.000	0.000	0.000
63.000	7546.000	1567.550	20.000	0.000	2.000	0.000	0.000
64.000	7520.000	1567.550	20.000	0.000	2.000	0.000	0.000
64.000	7508.000	1567.680	20.000	0.000	2.000	0.000	0.000
63.000	7510.000	1567.680	20.000	0.000	2.000	0.000	0.000
65.000	7528.000	1567.550	20.000	0.000	2.000	0.000	0.000
64.000	7527.000	1567.550	20.000	0.000	2.000	0.000	0.000
64.000	7531.000	1567.430	20.000	0.000	2.000	0.000	0.000
80.000	7532.000	1567.550	20.000	0.000	2.000	0.000	0.000
63.000	7533.000	1567.680	20.000	0.000	2.000	0.000	0.000
65.000	7526.000	1567.550	20.000	0.000	2.000	0.000	0.000
64.000	7541.000	1567.550	20.000	0.000	2.000	0.000	0.000
64.000	7536.000	1567.550	20.000	0.000	2.000	0.000	0.000
63.000	7539.000	1567.550	20.000	0.000	2.000	0.000	0.000
64.000	7538.000	1567.550	20.000	0.000	2.000	0.000	0.000
64.000	7537.000	1567.550	20.000	0.000	2.000	0.000	0.000
65.000	7544.000	1567.680	20.000	0.000	2.000	0.000	0.000
63.000	7546.000	1567.550	20.000	0.000	2.000	0.000	0.000
64.000	7541.000	1567.430	20.000	0.000	2.000	0.000	0.000
64.000	7545.000	1567.680	20.000	0.000	2.000	0.000	0.000
80.000	7550.000	1567.550	20.000	0.000	2.000	0.000	0.000
64.000	7544.000	1567.550	20.000	0.000	2.000	0.000	0.000
64.000	7549.000	1567.550	20.000	0.000	2.000	0.000	0.000
64.000	7556.000	1567.550	20.000	0.000	2.000	0.000	0.000
63.000	7560.000	1567.550	20.000	0.000	2.000	0.000	0.000
65.000	7557.000	1567.550	20.000	0.000	2.000	0.000	0.000
64.000	7556.000	1567.550	20.000	0.000	2.000	0.000	0.000
63.000	7559.000	1567.550	20.000	0.000	2.000	0.000	0.000
64.000	7556.000	1567.550	20.000	0.000	2.000	0.000	0.000
64.000	7555.000	1567.430	20.000	0.000	2.000	0.000	0.000
64.000	7558.000	1567.550	20.000	0.000	2.000	0.000	0.000
64.000	7561.000	1567.550	20.000	0.000	2.000	0.000	0.000
80.000	7563.000	1567.550	20.000	0.000	2.000	0.000	0.000
64.000	7564.000	1567.550	20.000	0.000	2.000	0.000	0.000
63.000	7568.000	1567.550	20.000	0.000	2.000	0.000	0.000
65.000	7564.000	1567.550	20.000	0.000	2.000	0.000	0.000
64.000	7568.000	1567.550	20.000	0.000	2.000	0.000	0.000
64.000	7569.000	1567.550	20.000	0.000	2.000	0.000	0.000
63.000	7569.000	1567.550	20.000	0.000	2.000	0.000	0.000
64.000	7571.000	1567.550	20.000	0.000	2.000	0.000	0.000
64.000	7571.000	1567.550	20.000	0.000	2.000	0.000	0.000
64.000	7573.000	1567.430	20.000	0.000	2.000	0.000	0.000
64.000	7569.000	1567.680	20.000	0.000	2.000	0.000	0.000
79.000	7572.000	1567.550	20.000	0.000	2.000	0.000	0.000
65.000	7577.000	1567.550	20.000	0.000	2.000	0.000	0.000
64.000	7573.000	1567.550	20.000	0.000	2.000	0.000	0.000
64.000	7575.000	1567.550	20.000	0.000	2.000	0.000	0.000
63.000	7574.000	1567.550	20.000	0.000	2.000	0.000	0.000
64.000	7579.000	1567.550	20.000	0.000	2.000	0.000	0.000
64.000	7579.000	1567.550	20.000	0.000	2.000	0.000	0.000
64.000	7579.000	1567.550	20.000	0.000	2.000	0.000	0.000
64.000	7582.000	1567.550	20.000	0.000	2.000	0.000	0.000
64.000	7587.000	1567.550	20.000	0.000	2.000	0.000	0.000
64.000	7583.000	1567.430	20.000	0.000	2.000	0.000	0.000
64.000	7581.000	1567.550	20.000	0.000	2.000	0.000	0.000
80.000	7591.000	1567.550	20.000	0.000	2.000	0.000	0.000
64.000	7587.000	1567.550	20.000	0.000	2.000	0.000	0.000
64.000	7585.000	1567.550	20.000	0.000	2.000	0.000	0.000
64.000	7584.000	1567.550	20.000	0.000	2.000	0.000	0.000
64.000	7583.000	1567.550	20.000	0.000	2.000	0.000	0.000
64.000	7590.000	1567.550	20.000	0.000	2.000	0.000	0.000
64.000	7590.000	1567.550	20.000	0.000	2.000	0.000	0.000
64.000	7592.000	1567.550	20.000	0.000	2.000	0.000	0.000
64.000	7584.000	1567.550	20.000	0.000	2.000	0.000	0.000
63.000	7594.000	1567.430	20.000	0.000	2.000	0.000	0.000
64.000	7597.000	1567.550	20.000	0.000	2.000	0.000	0.000
65.000	7592.000	1567.550	20.000	0.000	2.000	0.000	0.000
79.000	7590.000	1567.550	20.000	0.000	2.000	0.000	0.000
64.000	7595.000	1567.550	20.000	0.000	2.000	0.000	0.000
64.000	7595.000	1567.680	20.000	0.000	2.000	0.000	0.000
64.000	7596.000	1567.550	20.000	0.000	2.000	0.000	0.000
64.000	7602.000	1567.550	20.000	0.000	2.000	0.000	0.000
64.000	7597.000	1567.550	20.000	0.000	2.000	0.000	0.000
63.000	7599.000	1567.550	20.000	0.000	2.000	0.000	0.000
65.000	7604.000	1567.550	20.000	0.000	2.000	0.000	0.000
63.000	7599.000	1567.550	20.000	0.000	2.000	0.000	0.000
64.000	7597.000	1567.550	20.000	0.000	2.000	0.000	0.000
65.000	7595.000	1567.680	20.000	0.000	2.000	0.000	0.000
80.000	7604.000	1567.550	20.000	0.000	2.000	0.000	0.000
63.000	7601.000	1567.550	20.000	0.000	2.000	0.000	0.000
64.000	7607.000	1567.680	20.000	0.000	2.000	0.000	0.000
64.000	7602.000	1567.550	20.000	0.000	2.000	0.000	0.000
64.000	7609.000	1567.550	20.000	0.000	2.000	0.000	0.000
64.000	7608.000	1567.550	20.000	0.000	2.000	0.000	0.000
63.000	7601.000	1567.680	20.000	0.000	2.000	0.000	0.000
64.000	7605.000	1567.550	20.000	0.000	2.000	0.000	0.000
64.000	7608.000	1567.430	20.000	0.000	2.000	0.000	0.000
64.000	7608.000	1567.550	20.000	0.000	2.000	0.000	0.000
64.000	7607.000	1567.680	20.000	0.000	2.000	0.000	0.000
64.000	7604.000	1567.550	20.000	0.000	2.000	0.000	0.000
80.000	7607.000	1567.550	20.000	0.000	2.000	0.000	0.000
64.000	7607.000	1567.550	20.000	0.000	2.000	0.000	0.000
64.000	7608.000	1567.680	20.000	0.000	2.000	0.000	0.000
64.000	7613.000	1567.550	20.000	0.000	2.000	0.000	0.000
64.000	7619.000	1567.550	20.000	0.000	2.000	0.000	0.000
64.000	7605.000	1567.550	20.000	0.000	2.000	0.000	0.000
64.000	7615.000	1567.550	20.000	0.000	2.000	0.000	0.000
64.000	7615.000	1567.680	20.000	0.000	2.000	0.000	0.000
63.000	7620.000	1567.430	20.000	0.000	2.000	0.000	0.000
64.000	7619.000	1567.680	20.000	0.000	2.000	0.000	0.000
64.000	7610.000	1567.550	20.000	0.000	2.000	0.000	0.000
64.000	7623.000	1567.550	20.000	0.000	2.000	0.000	0.000
80.000	7613.000	1567.680	20.000	0.000	2.000	0.000	0.000
64.000	7627.000	1567.550	20.000	0.000	2.000	0.000	0.000
63.000	7616.000	1567.550	20.000	0.000	2.000	0.000	0.000
66.000	7620.000	1567.550	20.000	0.000	2.000	0.000	0.000
63.000	7619.000	1567.550	20.000	0.000	2.000	0.000	0.000
64.000	7622.000	1567.430	20.000	0.000	2.000	0.000	0.000
63.000	7625.000	1567.550	20.000	0.000	2.000	0.000	0.000
64.000	7622.000	1567.680	20.000	0.000	2.000	0.000	0.000
64.000	7625.000	1567.680	20.000	0.000	2.000	0.000	0.000
64.000	7619.000	1567.550	20.000	0.000	2.000	0.000	0.000
64.000	7622.000	1567.550	20.000	0.000	2.000	0.000	0.000
80.000	7621.000	1567.550	20.000	0.000	2.000	0.000	0.000
64.000	7623.000	1567.550	20.000	0.000	2.000	0.000	0.000
64.000	7624.000	1567.550	20.000	0.000	2.000	0.000	0.000
64.000	7631.000	1567.550	20.000	0.000	2.000	0.000	0.000
64.000	7630.000	1567.680	20.000	0.000	2.000	0.000	0.000
64.000	7626.000	1567.550	20.000	0.000	2.000	0.000	0.000
64.000	7633.000	1567.550	20.000	0.000	2.000	0.000	0.000
64.000	7626.000	1567.550	20.000	0.000	2.000	0.000	0.000
64.000	7628.000	1567.680	20.000	0.000	2.000	0.000	0.000
63.000	7629.000	1567.550	20.000	0.000	2.000	0.000	0.000
64.000	7635.000	1567.550	20.000	0.000	2.000	0.000	0.000
64.000	7631.000	1567.550	20.000	0.000	2.000	0.000	0.000
80.000	7625.000	1567.550	20.000	0.000	2.000	0.000	0.000
66.000	7636.000	1567.550	20.000	0.000	2.000	0.000	0.000
75.000	7634.000	1567.430	20.000	0.000	2.000	0.000	0.000
51.000	7630.000	1567.680	20.000	0.000	2.000	0.000	0.000
64.000	7638.000	1567.550	20.000	0.000	2.000	0.000	0.000
63.000	7631.000	1567.550	20.000	0.000	2.000	0.000	0.000
65.000	7637.000	1567.550	20.000	0.000	2.000	0.000	0.000
63.000	7632.000	1567.550	20.000	0.000	2.000	0.000	0.000
64.000	7634.000	1567.550	20.000	0.000	2.000	0.000	0.000
65.000	7639.000	1567.550	20.000	0.000	2.000	0.000	0.000
64.000	7640.000	1567.550	20.000	0.000	2.000	0.000	0.000
63.000	7639.000	1567.680	20.000	0.000	2.000	0.000	0.000
80.000	7638.000	1567.680	20.000	0.000	2.000	0.000	0.000
