""
"Test Method","Radhen_Load_Cntrl_Cmprsn_250N_12-7.msm"
"Sample I. D.","Sample1.mss"
"Specimen Number","7"

"TheCycle_Output ()","_Time (s)","_Load (N)","_Extension (mm)","RealTimeDepth (mm)","CycleNumber ()"

1,0.200,0.00,0.0000,0.00000,1.000
1,0.250,0.00,0.0191,0.01910,1.000
1,0.300,0.00,0.0693,0.06930,1.000
1,0.350,0.00,0.1192,0.11920,1.000
1,0.400,0.00,0.1694,0.16940,1.000
1,0.450,0.00,0.2195,0.21950,1.000
1,0.500,0.00,0.2695,0.26950,1.000
1,0.550,0.00,0.3195,0.31950,1.000
1,0.600,0.00,0.3693,0.36930,1.000
1,0.650,0.00,0.4195,0.41950,1.000
1,0.700,0.00,0.4695,0.46950,1.000
1,0.750,0.00,0.5196,0.51960,1.000
1,0.800,0.00,0.5694,0.56940,1.000
1,0.850,0.00,0.6195,0.61950,1.000
1,0.900,0.00,0.6696,0.66960,1.000
1,0.950,0.00,0.7195,0.71950,1.000
1,1.000,0.00,0.7694,0.76940,1.000
1,1.050,0.00,0.8195,0.81950,1.000
1,1.100,0.00,0.8696,0.86960,1.000
1,1.150,0.00,0.9195,0.91950,1.000
1,1.200,0.00,0.9694,0.96940,1.000
1,1.250,0.00,1.0194,1.01940,1.000
1,1.300,0.00,1.0696,1.06960,1.000
1,1.350,0.00,1.1196,1.11960,1.000
1,1.400,0.00,1.1694,1.16940,1.000
1,1.450,0.00,1.2195,1.21950,1.000
1,1.500,0.00,1.2695,1.26950,1.000
1,1.550,0.00,1.3195,1.31950,1.000
1,1.600,0.00,1.3695,1.36950,1.000
1,1.650,0.00,1.4195,1.41950,1.000
1,1.700,0.00,1.4697,1.46970,1.000
1,1.750,0.00,1.5197,1.51970,1.000
1,1.800,0.00,1.5695,1.56950,1.000
1,1.850,0.00,1.6194,1.61940,1.000
1,1.900,0.00,1.6696,1.66960,1.000
1,1.950,0.00,1.7196,1.71960,1.000
1,2.000,0.00,1.7695,1.76950,1.000
1,2.050,0.00,1.8196,1.81960,1.000
1,2.100,0.00,1.8697,1.86970,1.000
1,2.150,0.00,1.9196,1.91960,1.000
1,2.200,0.00,1.9695,1.96950,1.000
1,2.250,0.00,2.0196,2.01960,1.000
1,2.300,0.00,2.0695,2.06950,1.000
1,2.350,0.00,2.1198,2.11980,1.000
1,2.400,0.00,2.1696,2.16960,1.000
1,2.450,0.00,2.2196,2.21960,1.000
1,2.500,0.00,2.2696,2.26960,1.000
1,2.550,0.00,2.3197,2.31970,1.000
1,2.600,0.00,2.3696,2.36960,1.000
1,2.650,0.00,2.4196,2.41960,1.000
1,2.700,0.00,2.4696,2.46960,1.000
1,2.750,0.00,2.5198,2.51980,1.000
1,2.800,0.00,2.5695,2.56950,1.000
1,2.850,0.00,2.6196,2.61960,1.000
1,2.900,0.00,2.6696,2.66960,1.000
1,2.950,0.00,2.7197,2.71970,1.000
1,3.000,0.00,2.7696,2.76960,1.000
1,3.050,0.00,2.8197,2.81970,1.000
1,3.100,0.00,2.8696,2.86960,1.000
1,3.150,0.00,2.9197,2.91970,1.000
1,3.200,0.00,2.9696,2.96960,1.000
1,3.250,0.00,3.0196,3.01960,1.000
1,3.300,0.00,3.0697,3.06970,1.000
1,3.350,0.00,3.1198,3.11980,1.000
1,3.400,0.00,3.1698,3.16980,1.000
1,3.450,0.00,3.2197,3.21970,1.000
1,3.500,-0.01,3.2697,3.26970,1.000
1,3.550,0.00,3.3197,3.31970,1.000
1,3.600,0.00,3.3696,3.36960,1.000
1,3.650,0.00,3.4195,3.41950,1.000
1,3.700,0.00,3.4698,3.46980,1.000
1,3.750,0.00,3.5198,3.51980,1.000
1,3.800,0.00,3.5698,3.56980,1.000
1,3.850,0.00,3.6196,3.61960,1.000
1,3.900,0.00,3.6697,3.66970,1.000
1,3.950,0.00,3.7198,3.71980,1.000
1,4.000,0.00,3.7698,3.76980,1.000
1,4.050,0.00,3.8197,3.81970,1.000
1,4.100,0.00,3.8697,3.86970,1.000
1,4.150,0.00,3.9197,3.91970,1.000
1,4.200,0.00,3.9698,3.96980,1.000
1,4.250,0.00,4.0197,4.01970,1.000
1,4.300,0.00,4.0698,4.06980,1.000
1,4.350,0.00,4.1198,4.11980,1.000
1,4.400,0.00,4.1697,4.16970,1.000
1,4.450,0.00,4.2195,4.21950,1.000
1,4.500,0.00,4.2699,4.26990,1.000
1,4.550,0.00,4.3199,4.31990,1.000
1,4.600,0.00,4.3700,4.37000,1.000
1,4.650,0.00,4.4198,4.41980,1.000
1,4.700,0.00,4.4698,4.46980,1.000
1,4.750,0.00,4.5198,4.51980,1.000
1,4.800,0.00,4.5697,4.56970,1.000
1,4.850,-0.01,4.6196,4.61960,1.000
1,4.900,0.00,4.6697,4.66970,1.000
1,4.950,0.00,4.7199,4.71990,1.000
1,5.000,0.00,4.7699,4.76990,1.000
1,5.050,0.00,4.8196,4.81960,1.000
1,5.100,0.00,4.8697,4.86970,1.000
1,5.150,-0.01,4.9198,4.91980,1.000
1,5.200,0.00,4.9697,4.96970,1.000
1,5.250,0.00,5.0197,5.01970,1.000
1,5.300,0.00,5.0697,5.06970,1.000
1,5.350,0.00,5.1198,5.11980,1.000
1,5.400,0.00,5.1698,5.16980,1.000
1,5.450,0.00,5.2197,5.21970,1.000
1,5.500,0.00,5.2697,5.26970,1.000
1,5.550,0.00,5.3199,5.31990,1.000
1,5.600,0.01,5.3700,5.37000,1.000
1,5.650,0.03,5.4198,5.41980,1.000
1,5.700,0.09,5.4698,5.46980,1.000
1,5.750,0.16,5.5198,5.51980,1.000
1,5.800,0.26,5.5700,5.57000,1.000
1,5.850,0.38,5.6200,5.62000,1.000
1,5.900,0.52,5.6698,5.66980,1.000
1,5.950,0.67,5.7200,5.72000,1.000
1,6.000,0.86,5.7697,5.76970,1.000
1,6.050,1.07,5.8196,5.81960,1.000
1,6.100,1.31,5.8697,5.86970,1.000
1,6.150,1.57,5.9197,5.91970,1.000
1,6.200,1.87,5.9699,5.96990,1.000
1,6.250,2.20,6.0197,6.01970,1.000
1,6.300,2.56,6.0698,6.06980,1.000
1,6.350,2.96,6.1199,6.11990,1.000
1,6.400,3.41,6.1699,6.16990,1.000
1,6.450,3.89,6.2197,6.21970,1.000
1,6.500,4.42,6.2697,6.26970,1.000
1,6.550,4.98,6.3198,6.31980,1.000
1,6.600,5.60,6.3699,6.36990,1.000
1,6.650,6.26,6.4197,6.41970,1.000
1,6.700,6.98,6.4697,6.46970,1.000
1,6.750,7.74,6.5198,6.51980,1.000
1,6.800,8.58,6.5699,6.56990,1.000
1,6.850,9.49,6.6199,6.61990,1.000
1,6.900,10.47,6.6698,6.66980,1.000
1,6.950,11.53,6.7198,6.71980,1.000
1,7.000,12.68,6.7700,6.77000,1.000
1,7.050,13.89,6.8198,6.81980,1.000
1,7.100,15.22,6.8698,6.86980,1.000
1,7.150,16.64,6.9198,6.91980,1.000
1,7.200,18.19,6.9698,6.96980,1.000
1,7.250,19.85,7.0198,7.01980,1.000
1,7.300,21.61,7.0696,7.06960,1.000
1,7.350,23.51,7.1199,7.11990,1.000
1,7.400,25.51,7.1699,7.16990,1.000
1,7.450,27.65,7.2199,7.21990,1.000
1,7.500,29.90,7.2697,7.26970,1.000
1,7.550,32.23,7.3199,7.31990,1.000
1,7.600,34.64,7.3700,7.37000,1.000
1,7.650,37.05,7.4197,7.41970,1.000
1,7.700,39.38,7.4698,7.46980,1.000
1,7.750,41.40,7.5198,7.51980,1.000
1,7.800,42.13,7.5700,7.57000,1.000
1,7.850,41.49,7.6198,7.61980,1.000
1,7.900,44.33,7.6697,7.66970,1.000
1,7.950,47.24,7.7198,7.71980,1.000
1,8.000,50.20,7.7698,7.76980,1.000
1,8.100,51.94,7.8059,7.80590,1.000
1,8.150,44.71,7.7566,7.75660,1.000
1,8.200,38.33,7.7065,7.70650,1.000
1,8.250,33.40,7.6567,7.65670,1.000
1,8.300,29.38,7.6068,7.60680,1.000
1,8.350,26.07,7.5567,7.55670,1.000
1,8.400,23.22,7.5066,7.50660,1.000
1,8.450,20.72,7.4567,7.45670,1.000
1,8.500,18.56,7.4066,7.40660,1.000
1,8.550,16.67,7.3566,7.35660,1.000
1,8.600,14.96,7.3066,7.30660,1.000
1,8.650,13.42,7.2566,7.25660,1.000
1,8.700,12.07,7.2068,7.20680,1.000
1,8.750,10.87,7.1566,7.15660,1.000
1,8.800,9.78,7.1064,7.10640,1.000
1,8.850,8.81,7.0566,7.05660,1.000
1,8.900,7.91,7.0066,7.00660,1.000
1,8.950,7.12,6.9566,6.95660,1.000
1,9.000,6.41,6.9065,6.90650,1.000
1,9.050,5.76,6.8566,6.85660,1.000
1,9.100,5.16,6.8067,6.80670,1.000
1,9.150,4.63,6.7567,6.75670,1.000
1,9.200,4.13,6.7065,6.70650,1.000
1,9.250,3.68,6.6566,6.65660,1.000
1,9.300,3.27,6.6066,6.60660,1.000
1,9.350,2.90,6.5566,6.55660,1.000
1,9.400,2.56,6.5065,6.50650,1.000
1,9.450,2.25,6.4565,6.45650,1.000
1,9.500,1.96,6.4067,6.40670,1.000
1,9.550,1.70,6.3566,6.35660,1.000
1,9.600,1.46,6.3064,6.30640,1.000
1,9.650,1.25,6.2565,6.25650,1.000
1,9.700,1.06,6.2065,6.20650,1.000
1,9.750,0.89,6.1565,6.15650,1.000
1,9.800,0.74,6.1064,6.10640,1.000
1,9.850,0.60,6.0565,6.05650,1.000
1,9.900,0.48,6.0065,6.00650,1.000
1,9.950,0.37,5.9566,5.95660,1.000
1,10.000,0.28,5.9063,5.90630,1.000
1,10.050,0.20,5.8563,5.85630,1.000
1,10.100,0.14,5.8064,5.80640,1.000
1,10.150,0.09,5.7565,5.75650,1.000
1,10.200,0.04,5.7064,5.70640,1.000
1,10.250,0.01,5.6565,5.65650,1.000
1,10.300,0.00,5.6067,5.60670,1.000
1,10.350,-0.01,5.5565,5.55650,1.000
1,10.400,-0.01,5.5064,5.50640,1.000
1,10.450,0.00,5.4566,5.45660,1.000
1,10.500,0.00,5.4065,5.40650,1.000
1,10.550,0.00,5.3566,5.35660,1.000
1,10.600,0.00,5.3063,5.30630,1.000
1,10.650,0.00,5.2565,5.25650,1.000
1,10.700,0.00,5.2065,5.20650,1.000
1,10.750,0.00,5.1565,5.15650,1.000
1,10.800,0.00,5.1063,5.10630,1.000
1,10.850,0.00,5.0564,5.05640,1.000
1,10.900,0.00,5.0064,5.00640,1.000
1,10.950,0.00,4.9564,4.95640,1.000
1,11.000,0.00,4.9062,4.90620,1.000
1,11.050,0.00,4.8563,4.85630,1.000
1,11.100,0.00,4.8064,4.80640,1.000
1,11.150,0.00,4.7565,4.75650,1.000
1,11.200,0.00,4.7063,4.70630,1.000
1,11.250,0.00,4.6564,4.65640,1.000
1,11.300,0.00,4.6063,4.60630,1.000
1,11.350,0.00,4.5564,4.55640,1.000
1,11.400,0.00,4.5063,4.50630,1.000
1,11.450,0.00,4.4564,4.45640,1.000
1,11.500,0.00,4.4066,4.40660,1.000
1,11.550,-0.01,4.3566,4.35660,1.000
1,11.600,0.00,4.3063,4.30630,1.000
1,11.650,0.00,4.2562,4.25620,1.000
1,11.700,0.00,4.2064,4.20640,1.000
1,11.750,0.00,4.1565,4.15650,1.000
1,11.800,0.00,4.1063,4.10630,1.000
1,11.850,0.00,4.0563,4.05630,1.000
1,11.900,0.00,4.0064,4.00640,1.000
1,11.950,0.00,3.9564,3.95640,1.000
1,12.000,0.00,3.9062,3.90620,1.000
1,12.050,0.00,3.8563,3.85630,1.000
1,12.100,0.00,3.8065,3.80650,1.000
1,12.150,0.00,3.7564,3.75640,1.000
1,12.200,0.00,3.7063,3.70630,1.000
1,12.250,0.00,3.6563,3.65630,1.000
1,12.300,0.00,3.6064,3.60640,1.000
1,12.350,0.00,3.5565,3.55650,1.000
1,12.400,0.00,3.5063,3.50630,1.000
1,12.450,0.00,3.4564,3.45640,1.000
1,12.500,0.00,3.4064,3.40640,1.000
1,12.550,0.00,3.3564,3.35640,1.000
1,12.600,0.00,3.3062,3.30620,1.000
1,12.650,0.00,3.2562,3.25620,1.000
1,12.700,0.00,3.2064,3.20640,1.000
1,12.750,0.00,3.1566,3.15660,1.000
1,12.800,0.00,3.1064,3.10640,1.000
1,12.850,0.00,3.0561,3.05610,1.000
1,12.900,0.00,3.0064,3.00640,1.000
1,12.950,0.00,2.9563,2.95630,1.000
1,13.000,0.00,2.9064,2.90640,1.000
1,13.050,0.00,2.8563,2.85630,1.000
1,13.100,0.00,2.8064,2.80640,1.000
1,13.150,0.00,2.7564,2.75640,1.000
1,13.200,0.00,2.7062,2.70620,1.000
1,13.250,0.00,2.6562,2.65620,1.000
1,13.300,0.00,2.6063,2.60630,1.000
1,13.350,0.00,2.5563,2.55630,1.000
1,13.400,0.00,2.5062,2.50620,1.000
1,13.450,0.00,2.4562,2.45620,1.000
1,13.500,0.00,2.4063,2.40630,1.000
1,13.550,0.00,2.3563,2.35630,1.000
1,13.600,0.00,2.3062,2.30620,1.000
1,13.650,0.00,2.2562,2.25620,1.000
1,13.700,0.00,2.2063,2.20630,1.000
1,13.750,0.01,2.1564,2.15640,1.000
1,13.800,0.00,2.1062,2.10620,1.000
1,13.850,0.00,2.0561,2.05610,1.000
1,13.900,0.00,2.0061,2.00610,1.000
1,13.950,0.00,1.9564,1.95640,1.000
1,14.000,0.00,1.9062,1.90620,1.000
1,14.050,0.00,1.8562,1.85620,1.000
1,14.100,0.00,1.8062,1.80620,1.000
1,14.150,0.00,1.7563,1.75630,1.000
1,14.200,0.00,1.7062,1.70620,1.000
1,14.250,0.00,1.6561,1.65610,1.000
1,14.300,0.00,1.6062,1.60620,1.000
1,14.350,0.00,1.5562,1.55620,1.000
1,14.400,0.00,1.5063,1.50630,1.000
1,14.450,0.00,1.4562,1.45620,1.000
1,14.500,0.00,1.4062,1.40620,1.000
1,14.550,0.00,1.3562,1.35620,1.000
1,14.600,0.00,1.3062,1.30620,1.000
1,14.650,0.00,1.2560,1.25600,1.000
1,14.700,0.00,1.2062,1.20620,1.000
1,14.750,0.00,1.1562,1.15620,1.000
1,14.800,0.00,1.1063,1.10630,1.000
1,14.850,0.00,1.0560,1.05600,1.000
1,14.900,0.00,1.0062,1.00620,1.000
1,14.950,0.00,0.9562,0.95620,1.000
1,15.000,0.00,0.9063,0.90630,1.000
1,15.050,0.00,0.8561,0.85610,1.000
1,15.100,0.00,0.8061,0.80610,1.000
1,15.150,0.00,0.7562,0.75620,1.000
1,15.200,0.00,0.7063,0.70630,1.000
1,15.250,0.00,0.6561,0.65610,1.000
1,15.300,0.00,0.6060,0.60600,1.000
1,15.350,0.00,0.5562,0.55620,1.000
1,15.400,0.00,0.5062,0.50620,1.000
1,15.450,0.00,0.4560,0.45600,1.000
1,15.500,0.00,0.4061,0.40610,1.000
1,15.550,0.00,0.3562,0.35620,1.000
1,15.600,0.00,0.3062,0.30620,1.000
1,15.650,0.00,0.2561,0.25610,1.000
1,15.700,0.00,0.2061,0.20610,1.000
1,15.750,0.00,0.1561,0.15610,1.000
1,15.800,0.00,0.1061,0.10610,1.000
1,15.850,0.00,0.0558,0.05580,1.000
1,15.900,0.00,0.0061,0.00610,1.000
1,16.000,0.00,-0.0494,-0.04940,1.000
1,16.050,0.00,-0.0067,-0.00670,1.000
1,16.100,0.00,-0.0004,-0.00040,1.000
1,16.150,0.00,-0.0004,-0.00040,1.000
1,16.200,0.00,-0.0004,-0.00040,1.000
1,16.250,0.00,-0.0004,-0.00040,1.000
1,16.300,0.00,-0.0004,-0.00040,1.000
1,16.350,0.00,-0.0004,-0.00040,1.000
1,16.400,0.00,-0.0004,-0.00040,1.000
1,16.450,0.00,-0.0004,-0.00040,1.000
1,16.500,0.00,-0.0004,-0.00040,1.000
1,16.550,0.00,-0.0004,-0.00040,1.000
1,16.600,0.00,-0.0004,-0.00040,1.000
1,16.650,0.00,-0.0004,-0.00040,1.000
1,16.700,0.00,-0.0004,-0.00040,1.000
1,16.750,0.00,-0.0004,-0.00040,1.000
1,16.800,0.00,-0.0004,-0.00040,1.000
1,16.850,0.00,-0.0004,-0.00040,1.000
1,16.900,0.00,-0.0004,-0.00040,1.000
1,16.950,0.00,-0.0004,-0.00040,1.000
1,17.000,0.00,-0.0004,-0.00040,1.000
1,17.050,0.00,-0.0004,-0.00040,1.000
1,17.100,0.00,-0.0004,-0.00040,1.000
1,17.150,0.00,-0.0004,-0.00040,1.000
1,17.200,0.00,-0.0004,-0.00040,1.000
1,17.250,0.00,-0.0004,-0.00040,1.000
1,17.300,0.00,-0.0004,-0.00040,1.000
1,17.350,0.00,-0.0003,-0.00030,1.000
1,17.400,0.00,-0.0003,-0.00030,1.000
1,17.450,0.00,-0.0003,-0.00030,1.000
1,17.500,0.00,-0.0003,-0.00030,1.000
1,17.550,0.00,-0.0003,-0.00030,1.000
1,17.600,0.00,-0.0003,-0.00030,1.000
1,17.650,0.00,-0.0003,-0.00030,1.000
1,17.700,0.00,-0.0003,-0.00030,1.000
1,17.750,0.00,-0.0003,-0.00030,1.000
1,17.800,0.01,-0.0003,-0.00030,1.000
1,17.850,0.01,-0.0003,-0.00030,1.000
1,17.900,0.00,-0.0003,-0.00030,1.000
1,17.950,0.00,-0.0003,-0.00030,1.000
1,18.000,0.00,-0.0003,-0.00030,1.000
1,18.050,0.00,-0.0003,-0.00030,1.000
1,18.100,0.00,-0.0003,-0.00030,1.000
1,18.150,0.00,-0.0003,-0.00030,1.000
1,18.200,0.00,-0.0003,-0.00030,1.000
1,18.250,0.00,-0.0003,-0.00030,1.000
1,18.300,0.00,-0.0003,-0.00030,1.000
1,18.350,0.00,-0.0003,-0.00030,1.000
1,18.400,0.00,-0.0003,-0.00030,1.000
1,18.450,0.01,-0.0003,-0.00030,1.000
1,18.500,0.00,-0.0003,-0.00030,1.000
1,18.550,0.00,-0.0003,-0.00030,1.000
1,18.600,0.00,-0.0003,-0.00030,1.000
1,18.650,0.00,-0.0003,-0.00030,1.000
1,18.700,0.00,-0.0003,-0.00030,1.000
1,18.750,0.00,-0.0003,-0.00030,1.000
1,18.800,0.00,-0.0003,-0.00030,1.000
1,18.850,0.00,-0.0003,-0.00030,1.000
1,18.900,0.00,-0.0003,-0.00030,1.000
1,18.950,0.00,-0.0003,-0.00030,1.000
1,19.050,0.01,-0.0003,-0.00030,1.000
1,19.100,0.00,-0.0002,-0.00020,1.000
1,19.150,0.00,-0.0002,-0.00020,1.000
1,19.200,0.00,-0.0002,-0.00020,1.000
1,19.250,0.00,-0.0002,-0.00020,1.000
1,19.300,0.00,-0.0002,-0.00020,1.000
1,19.350,0.00,-0.0002,-0.00020,1.000
1,19.400,0.00,-0.0002,-0.00020,1.000
1,19.450,0.00,-0.0002,-0.00020,1.000
1,19.500,0.01,-0.0002,-0.00020,1.000
1,19.550,0.00,-0.0002,-0.00020,1.000
1,19.600,0.00,-0.0002,-0.00020,1.000
1,19.650,0.00,-0.0002,-0.00020,1.000
1,19.700,0.00,-0.0002,-0.00020,1.000
1,19.750,0.00,-0.0002,-0.00020,1.000
1,19.800,0.00,-0.0002,-0.00020,1.000
1,19.850,0.00,-0.0002,-0.00020,1.000
1,19.900,0.01,-0.0002,-0.00020,1.000
1,19.950,0.00,-0.0002,-0.00020,1.000
2,20.150,0.00,0.0192,0.01930,2.000
2,20.200,0.00,0.0696,0.06970,2.000
2,20.250,0.00,0.1194,0.11950,2.000
2,20.300,0.00,0.1695,0.16960,2.000
2,20.350,0.00,0.2196,0.21970,2.000
2,20.400,0.00,0.2696,0.26970,2.000
2,20.450,0.00,0.3198,0.31990,2.000
2,20.500,0.00,0.3695,0.36960,2.000
2,20.550,0.00,0.4196,0.41970,2.000
2,20.600,0.00,0.4696,0.46970,2.000
2,20.650,0.00,0.5196,0.51970,2.000
2,20.700,0.00,0.5695,0.56960,2.000
2,20.750,0.00,0.6196,0.61970,2.000
2,20.800,0.00,0.6698,0.66990,2.000
2,20.850,0.00,0.7198,0.71990,2.000
2,20.900,0.00,0.7696,0.76970,2.000
2,20.950,0.00,0.8196,0.81970,2.000
2,21.000,0.00,0.8698,0.86990,2.000
2,21.050,0.00,0.9197,0.91980,2.000
2,21.100,0.00,0.9696,0.96970,2.000
2,21.150,0.00,1.0197,1.01980,2.000
2,21.200,0.00,1.0696,1.06970,2.000
2,21.250,0.00,1.1199,1.12000,2.000
2,21.300,0.00,1.1696,1.16970,2.000
2,21.350,0.00,1.2196,1.21970,2.000
2,21.400,0.00,1.2697,1.26980,2.000
2,21.450,0.00,1.3196,1.31970,2.000
2,21.500,0.00,1.3697,1.36980,2.000
2,21.550,0.00,1.4197,1.41980,2.000
2,21.600,0.00,1.4697,1.46980,2.000
2,21.650,0.00,1.5198,1.51990,2.000
2,21.700,0.00,1.5696,1.56970,2.000
2,21.750,0.00,1.6196,1.61970,2.000
2,21.800,0.00,1.6697,1.66980,2.000
2,21.850,0.00,1.7197,1.71980,2.000
2,21.900,0.00,1.7696,1.76970,2.000
2,21.950,0.00,1.8197,1.81980,2.000
2,22.000,0.00,1.8698,1.86990,2.000
2,22.050,0.00,1.9197,1.91980,2.000
2,22.100,0.00,1.9696,1.96970,2.000
2,22.150,0.00,2.0197,2.01980,2.000
2,22.200,0.01,2.0696,2.06970,2.000
2,22.250,0.00,2.1198,2.11990,2.000
2,22.300,0.01,2.1697,2.16980,2.000
2,22.350,0.00,2.2197,2.21980,2.000
2,22.400,0.00,2.2698,2.26990,2.000
2,22.450,0.00,2.3199,2.32000,2.000
2,22.500,0.00,2.3696,2.36970,2.000
2,22.550,0.00,2.4197,2.41980,2.000
2,22.600,0.00,2.4698,2.46990,2.000
2,22.650,0.00,2.5197,2.51980,2.000
2,22.700,0.00,2.5696,2.56970,2.000
2,22.750,0.00,2.6196,2.61970,2.000
2,22.800,0.01,2.6696,2.66970,2.000
2,22.850,0.00,2.7198,2.71990,2.000
2,22.900,0.00,2.7697,2.76980,2.000
2,22.950,0.00,2.8197,2.81980,2.000
2,23.000,0.00,2.8698,2.86990,2.000
2,23.050,0.01,2.9199,2.92000,2.000
2,23.100,0.00,2.9697,2.96980,2.000
2,23.150,0.00,3.0197,3.01980,2.000
2,23.200,0.00,3.0698,3.06990,2.000
2,23.250,0.00,3.1199,3.12000,2.000
2,23.300,0.00,3.1699,3.17000,2.000
2,23.350,0.00,3.2197,3.21980,2.000
2,23.400,0.00,3.2697,3.26980,2.000
2,23.450,0.00,3.3197,3.31980,2.000
2,23.500,0.00,3.3698,3.36990,2.000
2,23.550,0.00,3.4197,3.41980,2.000
2,23.600,0.00,3.4697,3.46980,2.000
2,23.650,0.00,3.5199,3.52000,2.000
2,23.700,0.00,3.5700,3.57010,2.000
2,23.750,0.00,3.6197,3.61980,2.000
2,23.800,0.00,3.6698,3.66990,2.000
2,23.850,0.00,3.7199,3.72000,2.000
2,23.900,0.00,3.7699,3.77000,2.000
2,23.950,0.00,3.8198,3.81990,2.000
2,24.000,0.00,3.8698,3.86990,2.000
2,24.050,0.00,3.9199,3.92000,2.000
2,24.100,0.00,3.9697,3.96980,2.000
2,24.150,0.00,4.0197,4.01980,2.000
2,24.200,0.00,4.0698,4.06990,2.000
2,24.250,0.00,4.1199,4.12000,2.000
2,24.300,0.00,4.1698,4.16990,2.000
2,24.350,0.00,4.2197,4.21980,2.000
2,24.400,0.00,4.2698,4.26990,2.000
2,24.450,0.00,4.3199,4.32000,2.000
2,24.500,0.00,4.3700,4.37010,2.000
2,24.550,0.00,4.4198,4.41990,2.000
2,24.600,0.00,4.4699,4.47000,2.000
2,24.650,0.00,4.5198,4.51990,2.000
2,24.700,0.01,4.5699,4.57000,2.000
2,24.750,0.00,4.6198,4.61990,2.000
2,24.800,0.00,4.6699,4.67000,2.000
2,24.850,0.00,4.7199,4.72000,2.000
2,24.900,0.00,4.7700,4.77010,2.000
2,24.950,0.00,4.8197,4.81980,2.000
2,25.000,0.00,4.8698,4.86990,2.000
2,25.050,0.00,4.9198,4.91990,2.000
2,25.100,0.00,4.9698,4.96990,2.000
2,25.150,0.00,5.0197,5.01980,2.000
2,25.200,0.00,5.0699,5.07000,2.000
2,25.250,0.00,5.1198,5.11990,2.000
2,25.300,0.00,5.1699,5.17000,2.000
2,25.350,0.00,5.2197,5.21980,2.000
2,25.400,0.00,5.2699,5.27000,2.000
2,25.450,0.00,5.3199,5.32000,2.000
2,25.500,0.00,5.3700,5.37010,2.000
2,25.550,0.00,5.4199,5.42000,2.000
2,25.600,0.00,5.4699,5.47000,2.000
2,25.650,0.01,5.5200,5.52010,2.000
2,25.700,0.04,5.5701,5.57020,2.000
2,25.750,0.10,5.6199,5.62000,2.000
2,25.800,0.17,5.6700,5.67010,2.000
2,25.850,0.27,5.7199,5.72000,2.000
2,25.900,0.39,5.7700,5.77010,2.000
2,25.950,0.53,5.8197,5.81980,2.000
2,26.000,0.68,5.8698,5.86990,2.000
2,26.050,0.87,5.9199,5.92000,2.000
2,26.100,1.08,5.9699,5.97000,2.000
2,26.150,1.32,6.0198,6.01990,2.000
2,26.200,1.58,6.0698,6.06990,2.000
2,26.250,1.88,6.1199,6.12000,2.000
2,26.300,2.20,6.1699,6.17000,2.000
2,26.350,2.56,6.2197,6.21980,2.000
2,26.400,2.95,6.2699,6.27000,2.000
2,26.450,3.38,6.3198,6.31990,2.000
2,26.500,3.85,6.3700,6.37010,2.000
2,26.550,4.36,6.4198,6.41990,2.000
2,26.600,4.91,6.4698,6.46990,2.000
2,26.650,5.51,6.5200,6.52010,2.000
2,26.700,6.15,6.5699,6.57000,2.000
2,26.750,6.85,6.6198,6.61990,2.000
2,26.800,7.60,6.6698,6.66990,2.000
2,26.850,8.40,6.7199,6.72000,2.000
2,26.900,9.26,6.7700,6.77010,2.000
2,26.950,10.19,6.8199,6.82000,2.000
2,27.000,11.18,6.8698,6.86990,2.000
2,27.050,12.25,6.9199,6.92000,2.000
2,27.100,13.38,6.9699,6.97000,2.000
2,27.150,14.60,7.0198,7.01990,2.000
2,27.200,15.90,7.0698,7.06990,2.000
2,27.250,17.29,7.1198,7.11990,2.000
2,27.300,18.79,7.1699,7.17000,2.000
2,27.350,20.41,7.2199,7.22000,2.000
2,27.400,22.12,7.2698,7.26990,2.000
2,27.450,23.96,7.3199,7.32000,2.000
2,27.500,25.97,7.3700,7.37010,2.000
2,27.550,28.11,7.4198,7.41990,2.000
2,27.600,30.45,7.4698,7.46990,2.000
2,27.650,32.96,7.5199,7.52000,2.000
2,27.700,35.69,7.5699,7.57000,2.000
2,27.750,38.72,7.6199,7.62000,2.000
2,27.800,41.98,7.6698,7.66990,2.000
2,27.850,45.49,7.7199,7.72000,2.000
2,27.900,49.30,7.7699,7.77000,2.000
2,28.000,52.44,7.8077,7.80780,2.000
2,28.050,45.20,7.7587,7.75880,2.000
2,28.100,38.76,7.7085,7.70860,2.000
2,28.150,33.82,7.6587,7.65880,2.000
2,28.200,29.76,7.6088,7.60890,2.000
2,28.250,26.38,7.5587,7.55880,2.000
2,28.300,23.52,7.5086,7.50870,2.000
2,28.350,21.00,7.4586,7.45870,2.000
2,28.400,18.80,7.4087,7.40880,2.000
2,28.450,16.86,7.3587,7.35880,2.000
2,28.500,15.12,7.3086,7.30870,2.000
2,28.550,13.58,7.2587,7.25880,2.000
2,28.600,12.21,7.2087,7.20880,2.000
2,28.650,10.99,7.1588,7.15890,2.000
2,28.700,9.88,7.1086,7.10870,2.000
2,28.750,8.90,7.0586,7.05870,2.000
2,28.800,8.04,7.0087,7.00880,2.000
2,28.850,7.25,6.9586,6.95870,2.000
2,28.900,6.53,6.9085,6.90860,2.000
2,28.950,5.87,6.8586,6.85870,2.000
2,29.000,5.27,6.8086,6.80870,2.000
2,29.050,4.71,6.7586,6.75870,2.000
2,29.100,4.21,6.7085,6.70860,2.000
2,29.150,3.75,6.6586,6.65870,2.000
2,29.200,3.34,6.6087,6.60880,2.000
2,29.250,2.95,6.5586,6.55870,2.000
2,29.300,2.60,6.5084,6.50850,2.000
2,29.350,2.28,6.4585,6.45860,2.000
2,29.400,1.99,6.4086,6.40870,2.000
2,29.450,1.73,6.3587,6.35880,2.000
2,29.500,1.49,6.3085,6.30860,2.000
2,29.550,1.27,6.2584,6.25850,2.000
2,29.600,1.07,6.2085,6.20860,2.000
2,29.650,0.90,6.1586,6.15870,2.000
2,29.700,0.74,6.1084,6.10850,2.000
2,29.750,0.61,6.0585,6.05860,2.000
2,29.800,0.48,6.0085,6.00860,2.000
2,29.850,0.37,5.9586,5.95870,2.000
2,29.900,0.28,5.9083,5.90840,2.000
2,29.950,0.20,5.8584,5.85850,2.000
2,30.000,0.13,5.8084,5.80850,2.000
2,30.050,0.08,5.7585,5.75860,2.000
2,30.100,0.04,5.7083,5.70840,2.000
2,30.150,0.01,5.6585,5.65860,2.000
2,30.200,-0.01,5.6086,5.60870,2.000
2,30.250,0.00,5.5585,5.55860,2.000
2,30.300,0.00,5.5084,5.50850,2.000
2,30.350,-0.01,5.4585,5.45860,2.000
2,30.400,0.00,5.4086,5.40870,2.000
2,30.450,0.00,5.3586,5.35870,2.000
2,30.500,0.00,5.3083,5.30840,2.000
2,30.550,0.00,5.2584,5.25850,2.000
2,30.600,0.00,5.2085,5.20860,2.000
2,30.650,0.00,5.1585,5.15860,2.000
2,30.700,0.00,5.1084,5.10850,2.000
2,30.750,0.00,5.0583,5.05840,2.000
2,30.800,0.00,5.0085,5.00860,2.000
2,30.850,0.00,4.9585,4.95860,2.000
2,30.900,0.00,4.9082,4.90830,2.000
2,30.950,0.00,4.8583,4.85840,2.000
2,31.000,0.00,4.8083,4.80840,2.000
2,31.050,0.00,4.7586,4.75870,2.000
2,31.100,0.00,4.7084,4.70850,2.000
2,31.150,0.00,4.6584,4.65850,2.000
2,31.200,0.00,4.6084,4.60850,2.000
2,31.250,0.00,4.5585,4.55860,2.000
2,31.300,0.00,4.5083,4.50840,2.000
2,31.350,0.00,4.4583,4.45840,2.000
2,31.400,0.00,4.4086,4.40870,2.000
2,31.450,0.00,4.3585,4.35860,2.000
2,31.500,0.00,4.3084,4.30850,2.000
2,31.550,0.00,4.2584,4.25850,2.000
2,31.600,0.00,4.2084,4.20850,2.000
2,31.650,0.00,4.1584,4.15850,2.000
2,31.700,0.00,4.1083,4.10840,2.000
2,31.750,0.01,4.0583,4.05840,2.000
2,31.800,0.00,4.0083,4.00840,2.000
2,31.850,0.00,3.9584,3.95850,2.000
2,31.900,0.00,3.9082,3.90830,2.000
2,31.950,0.00,3.8583,3.85840,2.000
2,32.000,0.00,3.8084,3.80850,2.000
2,32.050,0.00,3.7585,3.75860,2.000
2,32.100,0.00,3.7084,3.70850,2.000
2,32.150,0.00,3.6584,3.65850,2.000
2,32.200,0.01,3.6084,3.60850,2.000
2,32.250,0.00,3.5584,3.55850,2.000
2,32.300,0.01,3.5084,3.50850,2.000
2,32.350,0.00,3.4583,3.45840,2.000
2,32.400,0.00,3.4083,3.40840,2.000
2,32.450,0.01,3.3583,3.35840,2.000
2,32.500,0.00,3.3083,3.30840,2.000
2,32.550,0.00,3.2582,3.25830,2.000
2,32.600,0.00,3.2084,3.20850,2.000
2,32.650,0.00,3.1586,3.15870,2.000
2,32.700,0.00,3.1084,3.10850,2.000
2,32.750,0.00,3.0583,3.05840,2.000
2,32.800,0.00,3.0084,3.00850,2.000
2,32.850,0.00,2.9584,2.95850,2.000
2,32.900,0.00,2.9084,2.90850,2.000
2,32.950,0.00,2.8583,2.85840,2.000
2,33.000,0.00,2.8085,2.80860,2.000
2,33.050,0.00,2.7585,2.75860,2.000
2,33.100,0.00,2.7083,2.70840,2.000
2,33.150,0.00,2.6581,2.65820,2.000
2,33.200,0.00,2.6083,2.60840,2.000
2,33.250,0.00,2.5583,2.55840,2.000
2,33.300,0.00,2.5082,2.50830,2.000
2,33.350,0.00,2.4581,2.45820,2.000
2,33.400,0.00,2.4082,2.40830,2.000
2,33.450,0.00,2.3584,2.35850,2.000
2,33.500,0.00,2.3083,2.30840,2.000
2,33.550,0.00,2.2582,2.25830,2.000
2,33.600,0.00,2.2083,2.20840,2.000
2,33.650,0.00,2.1583,2.15840,2.000
2,33.700,0.00,2.1082,2.10830,2.000
2,33.750,0.00,2.0581,2.05820,2.000
2,33.800,0.00,2.0082,2.00830,2.000
2,33.850,0.00,1.9582,1.95830,2.000
2,33.900,0.00,1.9082,1.90830,2.000
2,33.950,0.00,1.8581,1.85820,2.000
2,34.000,0.00,1.8081,1.80820,2.000
2,34.050,0.00,1.7583,1.75840,2.000
2,34.100,0.00,1.7082,1.70830,2.000
2,34.150,0.00,1.6581,1.65820,2.000
2,34.200,0.00,1.6081,1.60820,2.000
2,34.250,0.00,1.5583,1.55840,2.000
2,34.300,0.00,1.5084,1.50850,2.000
2,34.350,0.00,1.4582,1.45830,2.000
2,34.400,0.00,1.4082,1.40830,2.000
2,34.450,0.00,1.3582,1.35830,2.000
2,34.500,0.00,1.3082,1.30830,2.000
2,34.550,0.00,1.2581,1.25820,2.000
2,34.600,0.00,1.2080,1.20810,2.000
2,34.650,0.00,1.1583,1.15840,2.000
2,34.700,0.00,1.1082,1.10830,2.000
2,34.750,0.00,1.0581,1.05820,2.000
2,34.800,0.00,1.0082,1.00830,2.000
2,34.850,0.00,0.9582,0.95830,2.000
2,34.900,0.00,0.9083,0.90840,2.000
2,34.950,0.00,0.8580,0.85810,2.000
2,35.000,0.00,0.8082,0.80830,2.000
2,35.050,0.00,0.7582,0.75830,2.000
2,35.100,0.00,0.7083,0.70840,2.000
2,35.150,0.00,0.6581,0.65820,2.000
2,35.200,0.00,0.6082,0.60830,2.000
2,35.250,0.00,0.5582,0.55830,2.000
2,35.300,0.01,0.5081,0.50820,2.000
2,35.350,0.00,0.4580,0.45810,2.000
2,35.400,0.00,0.4080,0.40810,2.000
2,35.450,0.00,0.3582,0.35830,2.000
2,35.500,0.00,0.3082,0.30830,2.000
2,35.550,0.00,0.2581,0.25820,2.000
2,35.600,0.01,0.2082,0.20830,2.000
2,35.650,0.00,0.1581,0.15820,2.000
2,35.700,0.00,0.1081,0.10820,2.000
2,35.750,0.00,0.0579,0.05800,2.000
2,35.800,0.00,0.0081,0.00820,2.000
2,35.900,0.00,-0.0297,-0.02960,2.000
2,35.950,0.00,0.0000,0.00010,2.000
2,36.000,0.00,-0.0003,-0.00020,2.000
2,36.050,0.00,-0.0003,-0.00020,2.000
2,36.100,0.00,-0.0003,-0.00020,2.000
2,36.150,0.00,-0.0003,-0.00020,2.000
2,36.200,0.00,-0.0003,-0.00020,2.000
2,36.250,0.00,-0.0003,-0.00020,2.000
2,36.300,0.00,-0.0003,-0.00020,2.000
2,36.350,0.01,-0.0003,-0.00020,2.000
2,36.400,0.00,-0.0003,-0.00020,2.000
2,36.450,0.00,-0.0003,-0.00020,2.000
2,36.500,0.00,-0.0003,-0.00020,2.000
2,36.550,0.00,-0.0003,-0.00020,2.000
2,36.600,0.00,-0.0003,-0.00020,2.000
2,36.650,0.01,-0.0003,-0.00020,2.000
2,36.700,0.01,-0.0003,-0.00020,2.000
2,36.750,0.01,-0.0003,-0.00020,2.000
2,36.800,0.01,-0.0003,-0.00020,2.000
2,36.850,0.00,-0.0003,-0.00020,2.000
2,36.900,0.00,-0.0003,-0.00020,2.000
2,36.950,0.00,-0.0003,-0.00020,2.000
2,37.000,0.01,-0.0003,-0.00020,2.000
2,37.050,-0.01,-0.0003,-0.00020,2.000
2,37.100,0.00,-0.0003,-0.00020,2.000
2,37.150,0.00,-0.0003,-0.00020,2.000
2,37.200,0.00,-0.0003,-0.00020,2.000
2,37.250,0.00,-0.0003,-0.00020,2.000
2,37.300,0.00,-0.0003,-0.00020,2.000
2,37.350,0.00,-0.0003,-0.00020,2.000
2,37.400,0.00,-0.0003,-0.00020,2.000
2,37.450,-0.01,-0.0003,-0.00020,2.000
2,37.500,0.00,-0.0003,-0.00020,2.000
2,37.550,0.00,-0.0003,-0.00020,2.000
2,37.600,0.00,-0.0003,-0.00020,2.000
2,37.650,0.00,-0.0003,-0.00020,2.000
2,37.700,0.00,-0.0003,-0.00020,2.000
2,37.750,0.00,-0.0003,-0.00020,2.000
2,37.800,0.01,-0.0003,-0.00020,2.000
2,37.850,0.00,-0.0003,-0.00020,2.000
2,37.900,0.00,-0.0003,-0.00020,2.000
2,37.950,0.00,-0.0003,-0.00020,2.000
2,38.000,0.00,-0.0003,-0.00020,2.000
2,38.050,0.00,-0.0003,-0.00020,2.000
2,38.100,0.00,-0.0003,-0.00020,2.000
2,38.150,0.00,-0.0003,-0.00020,2.000
2,38.200,0.00,-0.0003,-0.00020,2.000
2,38.250,0.00,-0.0003,-0.00020,2.000
2,38.300,0.00,-0.0003,-0.00020,2.000
2,38.350,0.00,-0.0003,-0.00020,2.000
2,38.400,0.00,-0.0003,-0.00020,2.000
2,38.450,0.00,-0.0003,-0.00020,2.000
2,38.500,0.00,-0.0003,-0.00020,2.000
2,38.550,0.00,-0.0003,-0.00020,2.000
2,38.600,0.00,-0.0003,-0.00020,2.000
2,38.650,0.00,-0.0002,-0.00010,2.000
2,38.700,0.00,-0.0002,-0.00010,2.000
2,38.750,0.00,-0.0002,-0.00010,2.000
2,38.800,0.00,-0.0002,-0.00010,2.000
2,38.850,0.00,-0.0002,-0.00010,2.000
2,38.950,0.00,-0.0002,-0.00010,2.000
2,39.000,0.01,-0.0002,-0.00010,2.000
2,39.050,0.00,-0.0002,-0.00010,2.000
2,39.100,0.00,-0.0002,-0.00010,2.000
2,39.150,0.00,-0.0002,-0.00010,2.000
2,39.200,0.00,-0.0002,-0.00010,2.000
2,39.250,0.00,-0.0002,-0.00010,2.000
2,39.300,0.00,-0.0002,-0.00010,2.000
2,39.350,0.00,-0.0002,-0.00010,2.000
2,39.400,0.00,-0.0002,-0.00010,2.000
2,39.450,0.00,-0.0002,-0.00010,2.000
2,39.500,0.00,-0.0002,-0.00010,2.000
2,39.550,0.00,-0.0002,-0.00010,2.000
2,39.600,0.00,-0.0002,-0.00010,2.000
2,39.650,0.00,-0.0002,-0.00010,2.000
2,39.700,0.00,-0.0002,-0.00010,2.000
2,39.750,0.00,-0.0002,-0.00010,2.000
2,39.800,0.00,-0.0002,-0.00010,2.000
2,39.850,0.00,-0.0002,-0.00010,2.000
2,39.900,0.00,-0.0002,-0.00010,2.000
3,40.100,0.00,0.0297,0.02980,3.000
3,40.150,0.00,0.0794,0.07950,3.000
3,40.200,0.00,0.1294,0.12950,3.000
3,40.250,0.00,0.1795,0.17960,3.000
3,40.300,0.00,0.2296,0.22970,3.000
3,40.350,-0.01,0.2798,0.27990,3.000
3,40.400,0.00,0.3295,0.32960,3.000
3,40.450,-0.01,0.3796,0.37970,3.000
3,40.500,0.00,0.4296,0.42970,3.000
3,40.550,-0.01,0.4796,0.47970,3.000
3,40.600,0.00,0.5295,0.52960,3.000
3,40.650,0.00,0.5796,0.57970,3.000
3,40.700,0.00,0.6297,0.62980,3.000
3,40.750,0.00,0.6797,0.67980,3.000
3,40.800,0.00,0.7296,0.72970,3.000
3,40.850,-0.01,0.7797,0.77980,3.000
3,40.900,0.00,0.8297,0.82980,3.000
3,40.950,-0.01,0.8797,0.87980,3.000
3,41.000,0.00,0.9296,0.92970,3.000
3,41.050,0.00,0.9796,0.97970,3.000
3,41.100,0.00,1.0296,1.02970,3.000
3,41.150,0.00,1.0797,1.07980,3.000
3,41.200,0.00,1.1296,1.12970,3.000
3,41.250,0.00,1.1796,1.17970,3.000
3,41.300,0.00,1.2296,1.22970,3.000
3,41.350,0.00,1.2797,1.27980,3.000
3,41.400,0.00,1.3295,1.32960,3.000
3,41.450,0.00,1.3796,1.37970,3.000
3,41.500,0.00,1.4297,1.42980,3.000
3,41.550,0.00,1.4798,1.47990,3.000
3,41.600,0.00,1.5298,1.52990,3.000
3,41.650,0.00,1.5796,1.57970,3.000
3,41.700,0.00,1.6296,1.62970,3.000
3,41.750,0.00,1.6798,1.67990,3.000
3,41.800,0.00,1.7296,1.72970,3.000
3,41.850,0.00,1.7796,1.77970,3.000
3,41.900,-0.01,1.8297,1.82980,3.000
3,41.950,0.00,1.8798,1.87990,3.000
3,42.000,0.00,1.9296,1.92970,3.000
3,42.050,0.00,1.9796,1.97970,3.000
3,42.100,0.00,2.0297,2.02980,3.000
3,42.150,0.00,2.0797,2.07980,3.000
3,42.200,-0.01,2.1297,2.12980,3.000
3,42.250,-0.01,2.1797,2.17980,3.000
3,42.300,0.00,2.2296,2.22970,3.000
3,42.350,-0.01,2.2799,2.28000,3.000
3,42.400,0.00,2.3297,2.32980,3.000
3,42.450,0.00,2.3796,2.37970,3.000
3,42.500,-0.01,2.4297,2.42980,3.000
3,42.550,0.00,2.4797,2.47980,3.000
3,42.600,0.00,2.5297,2.52980,3.000
3,42.650,0.00,2.5795,2.57960,3.000
3,42.700,-0.01,2.6297,2.62980,3.000
3,42.750,-0.01,2.6798,2.67990,3.000
3,42.800,0.00,2.7298,2.72990,3.000
3,42.850,-0.01,2.7797,2.77980,3.000
3,42.900,0.00,2.8297,2.82980,3.000
3,42.950,0.00,2.8799,2.88000,3.000
3,43.000,-0.01,2.9297,2.92980,3.000
3,43.050,0.00,2.9795,2.97960,3.000
3,43.100,0.00,3.0298,3.02990,3.000
3,43.150,0.00,3.0798,3.07990,3.000
3,43.200,0.00,3.1299,3.13000,3.000
3,43.250,-0.01,3.1797,3.17980,3.000
3,43.300,-0.01,3.2298,3.22990,3.000
3,43.350,0.00,3.2798,3.27990,3.000
3,43.400,0.00,3.3297,3.32980,3.000
3,43.450,-0.01,3.3797,3.37980,3.000
3,43.500,0.00,3.4298,3.42990,3.000
3,43.550,0.00,3.4799,3.48000,3.000
3,43.600,0.00,3.5298,3.52990,3.000
3,43.650,0.00,3.5798,3.57990,3.000
3,43.700,0.00,3.6299,3.63000,3.000
3,43.750,0.00,3.6799,3.68000,3.000
3,43.800,0.00,3.7298,3.72990,3.000
3,43.850,-0.01,3.7797,3.77980,3.000
3,43.900,-0.01,3.8298,3.82990,3.000
3,43.950,0.01,3.8797,3.87980,3.000
3,44.000,0.00,3.9298,3.92990,3.000
3,44.050,-0.01,3.9797,3.97980,3.000
3,44.100,0.00,4.0298,4.02990,3.000
3,44.150,0.00,4.0799,4.08000,3.000
3,44.200,0.00,4.1299,4.13000,3.000
3,44.250,-0.01,4.1796,4.17970,3.000
3,44.300,0.00,4.2298,4.22990,3.000
3,44.350,0.00,4.2799,4.28000,3.000
3,44.400,0.00,4.3299,4.33000,3.000
3,44.450,0.00,4.3798,4.37990,3.000
3,44.500,-0.01,4.4299,4.43000,3.000
3,44.550,0.00,4.4801,4.48020,3.000
3,44.600,0.00,4.5299,4.53000,3.000
3,44.650,0.00,4.5797,4.57980,3.000
3,44.700,0.00,4.6297,4.62980,3.000
3,44.750,0.00,4.6798,4.67990,3.000
3,44.800,-0.01,4.7300,4.73010,3.000
3,44.850,0.00,4.7798,4.77990,3.000
3,44.900,0.00,4.8297,4.82980,3.000
3,44.950,0.00,4.8797,4.87980,3.000
3,45.000,0.00,4.9299,4.93000,3.000
3,45.050,0.00,4.9798,4.97990,3.000
3,45.100,0.00,5.0299,5.03000,3.000
3,45.150,0.00,5.0799,5.08000,3.000
3,45.200,0.00,5.1300,5.13010,3.000
3,45.250,0.00,5.1797,5.17980,3.000
3,45.300,0.00,5.2298,5.22990,3.000
3,45.350,-0.01,5.2798,5.27990,3.000
3,45.400,0.00,5.3300,5.33010,3.000
3,45.450,0.00,5.3799,5.38000,3.000
3,45.500,0.00,5.4298,5.42990,3.000
3,45.550,0.00,5.4800,5.48010,3.000
3,45.600,0.01,5.5299,5.53000,3.000
3,45.650,0.04,5.5800,5.58010,3.000
3,45.700,0.10,5.6300,5.63010,3.000
3,45.750,0.17,5.6799,5.68000,3.000
3,45.800,0.28,5.7301,5.73020,3.000
3,45.850,0.40,5.7797,5.77980,3.000
3,45.900,0.54,5.8298,5.82990,3.000
3,45.950,0.70,5.8798,5.87990,3.000
3,46.000,0.89,5.9299,5.93000,3.000
3,46.050,1.10,5.9798,5.97990,3.000
3,46.100,1.34,6.0297,6.02980,3.000
3,46.150,1.61,6.0798,6.07990,3.000
3,46.200,1.91,6.1298,6.12990,3.000
3,46.250,2.23,6.1798,6.17990,3.000
3,46.300,2.59,6.2298,6.22990,3.000
3,46.350,2.98,6.2799,6.28000,3.000
3,46.400,3.42,6.3300,6.33010,3.000
3,46.450,3.89,6.3799,6.38000,3.000
3,46.500,4.40,6.4298,6.42990,3.000
3,46.550,4.96,6.4800,6.48010,3.000
3,46.600,5.56,6.5300,6.53010,3.000
3,46.650,6.22,6.5798,6.57990,3.000
3,46.700,6.91,6.6298,6.62990,3.000
3,46.750,7.67,6.6798,6.67990,3.000
3,46.800,8.48,6.7299,6.73000,3.000
3,46.850,9.35,6.7798,6.77990,3.000
3,46.900,10.28,6.8298,6.82990,3.000
3,46.950,11.26,6.8800,6.88010,3.000
3,47.000,12.32,6.9298,6.92990,3.000
3,47.050,13.47,6.9798,6.97990,3.000
3,47.100,14.66,7.0297,7.02980,3.000
3,47.150,15.95,7.0798,7.07990,3.000
3,47.200,17.35,7.1299,7.13000,3.000
3,47.250,18.84,7.1799,7.18000,3.000
3,47.300,20.43,7.2299,7.23000,3.000
3,47.350,22.13,7.2799,7.28000,3.000
3,47.400,23.96,7.3299,7.33000,3.000
3,47.450,25.95,7.3800,7.38010,3.000
3,47.500,28.05,7.4297,7.42980,3.000
3,47.550,30.34,7.4799,7.48000,3.000
3,47.600,32.82,7.5300,7.53010,3.000
3,47.650,35.54,7.5798,7.57990,3.000
3,47.700,38.50,7.6299,7.63000,3.000
3,47.750,41.70,7.6799,7.68000,3.000
3,47.800,45.30,7.7299,7.73000,3.000
3,47.850,49.24,7.7799,7.78000,3.000
3,47.950,54.33,7.8340,7.83410,3.000
3,48.000,47.65,7.7883,7.78840,3.000
3,48.050,40.73,7.7386,7.73870,3.000
3,48.100,35.37,7.6887,7.68880,3.000
3,48.150,31.09,7.6387,7.63880,3.000
3,48.200,27.52,7.5885,7.58860,3.000
3,48.250,24.48,7.5386,7.53870,3.000
3,48.300,21.82,7.4887,7.48880,3.000
3,48.350,19.53,7.4386,7.43870,3.000
3,48.400,17.52,7.3886,7.38870,3.000
3,48.450,15.70,7.3386,7.33870,3.000
3,48.500,14.10,7.2887,7.28880,3.000
3,48.550,12.67,7.2387,7.23880,3.000
3,48.600,11.40,7.1885,7.18860,3.000
3,48.650,10.26,7.1387,7.13880,3.000
3,48.700,9.24,7.0886,7.08870,3.000
3,48.750,8.37,7.0386,7.03870,3.000
3,48.800,7.55,6.9884,6.98850,3.000
3,48.850,6.80,6.9387,6.93880,3.000
3,48.900,6.12,6.8886,6.88870,3.000
3,48.950,5.49,6.8387,6.83880,3.000
3,49.000,4.92,6.7885,6.78860,3.000
3,49.050,4.41,6.7387,6.73880,3.000
3,49.100,3.93,6.6887,6.68880,3.000
3,49.150,3.50,6.6387,6.63880,3.000
3,49.200,3.10,6.5884,6.58850,3.000
3,49.250,2.74,6.5386,6.53870,3.000
3,49.300,2.40,6.4887,6.48880,3.000
3,49.350,2.11,6.4386,6.43870,3.000
3,49.400,1.83,6.3884,6.38850,3.000
3,49.450,1.59,6.3386,6.33870,3.000
3,49.500,1.36,6.2885,6.28860,3.000
3,49.550,1.16,6.2386,6.23870,3.000
3,49.600,0.97,6.1883,6.18840,3.000
3,49.650,0.81,6.1385,6.13860,3.000
3,49.700,0.67,6.0886,6.08870,3.000
3,49.750,0.54,6.0386,6.03870,3.000
3,49.800,0.42,5.9883,5.98840,3.000
3,49.850,0.32,5.9385,5.93860,3.000
3,49.900,0.22,5.8885,5.88860,3.000
3,49.950,0.16,5.8385,5.83860,3.000
3,50.000,0.10,5.7882,5.78830,3.000
3,50.050,0.06,5.7384,5.73850,3.000
3,50.100,0.02,5.6885,5.68860,3.000
3,50.150,-0.01,5.6385,5.63860,3.000
3,50.200,-0.01,5.5884,5.58850,3.000
3,50.250,-0.01,5.5385,5.53860,3.000
3,50.300,0.00,5.4885,5.48860,3.000
3,50.350,0.00,5.4386,5.43870,3.000
3,50.400,-0.01,5.3884,5.38850,3.000
3,50.450,-0.01,5.3386,5.33870,3.000
3,50.500,-0.01,5.2885,5.28860,3.000
3,50.550,0.00,5.2385,5.23860,3.000
3,50.600,0.00,5.1883,5.18840,3.000
3,50.650,-0.01,5.1385,5.13860,3.000
3,50.700,-0.01,5.0884,5.08850,3.000
3,50.750,-0.01,5.0385,5.03860,3.000
3,50.800,0.00,4.9882,4.98830,3.000
3,50.850,0.00,4.9383,4.93840,3.000
3,50.900,0.00,4.8883,4.88840,3.000
3,50.950,-0.01,4.8384,4.83850,3.000
3,51.000,0.00,4.7883,4.78840,3.000
3,51.050,-0.01,4.7384,4.73850,3.000
3,51.100,0.00,4.6884,4.68850,3.000
3,51.150,0.00,4.6384,4.63850,3.000
3,51.200,0.00,4.5882,4.58830,3.000
3,51.250,0.00,4.5382,4.53830,3.000
3,51.300,0.00,4.4885,4.48860,3.000
3,51.350,0.00,4.4385,4.43860,3.000
3,51.400,0.00,4.3884,4.38850,3.000
3,51.450,0.00,4.3384,4.33850,3.000
3,51.500,0.00,4.2885,4.28860,3.000
3,51.550,-0.01,4.2384,4.23850,3.000
3,51.600,0.00,4.1883,4.18840,3.000
3,51.650,-0.01,4.1382,4.13830,3.000
3,51.700,-0.01,4.0885,4.08860,3.000
3,51.750,-0.01,4.0385,4.03860,3.000
3,51.800,-0.01,3.9882,3.98830,3.000
3,51.850,0.00,3.9383,3.93840,3.000
3,51.900,0.00,3.8883,3.88840,3.000
3,51.950,0.01,3.8384,3.83850,3.000
3,52.000,0.00,3.7883,3.78840,3.000
3,52.050,0.00,3.7384,3.73850,3.000
3,52.100,-0.01,3.6884,3.68850,3.000
3,52.150,0.00,3.6384,3.63850,3.000
3,52.200,0.00,3.5883,3.58840,3.000
3,52.250,0.00,3.5383,3.53840,3.000
3,52.300,0.00,3.4885,3.48860,3.000
3,52.350,0.00,3.4384,3.43850,3.000
3,52.400,0.00,3.3882,3.38830,3.000
3,52.450,0.00,3.3382,3.33830,3.000
3,52.500,0.00,3.2883,3.28840,3.000
3,52.550,0.00,3.2384,3.23850,3.000
3,52.600,0.00,3.1884,3.18850,3.000
3,52.650,0.00,3.1383,3.13840,3.000
3,52.700,0.00,3.0884,3.08850,3.000
3,52.750,0.00,3.0384,3.03850,3.000
3,52.800,0.00,2.9882,2.98830,3.000
3,52.850,0.00,2.9382,2.93830,3.000
3,52.900,0.00,2.8883,2.88840,3.000
3,52.950,-0.01,2.8385,2.83860,3.000
3,53.000,0.00,2.7883,2.78840,3.000
3,53.050,-0.01,2.7382,2.73830,3.000
3,53.100,0.00,2.6883,2.68840,3.000
3,53.150,-0.01,2.6383,2.63840,3.000
3,53.200,0.00,2.5882,2.58830,3.000
3,53.250,0.00,2.5381,2.53820,3.000
3,53.300,0.00,2.4881,2.48820,3.000
3,53.350,0.00,2.4384,2.43850,3.000
3,53.400,0.00,2.3882,2.38830,3.000
3,53.450,0.00,2.3381,2.33820,3.000
3,53.500,0.00,2.2883,2.28840,3.000
3,53.550,0.00,2.2383,2.23840,3.000
3,53.600,0.00,2.1883,2.18840,3.000
3,53.650,-0.01,2.1382,2.13830,3.000
3,53.700,0.00,2.0882,2.08830,3.000
3,53.750,0.00,2.0382,2.03830,3.000
3,53.800,0.00,1.9883,1.98840,3.000
3,53.850,0.00,1.9381,1.93820,3.000
3,53.900,0.00,1.8882,1.88830,3.000
3,53.950,0.00,1.8383,1.83840,3.000
3,54.000,-0.01,1.7882,1.78830,3.000
3,54.050,0.00,1.7381,1.73820,3.000
3,54.100,0.00,1.6883,1.68840,3.000
3,54.150,0.00,1.6383,1.63840,3.000
3,54.200,0.00,1.5882,1.58830,3.000
3,54.250,0.00,1.5380,1.53810,3.000
3,54.300,0.00,1.4883,1.48840,3.000
3,54.350,0.00,1.4383,1.43840,3.000
3,54.400,-0.01,1.3882,1.38830,3.000
3,54.450,0.00,1.3380,1.33810,3.000
3,54.500,0.00,1.2881,1.28820,3.000
3,54.550,0.00,1.2382,1.23830,3.000
3,54.600,0.00,1.1882,1.18830,3.000
3,54.650,0.00,1.1382,1.13830,3.000
3,54.700,0.00,1.0881,1.08820,3.000
3,54.750,-0.01,1.0383,1.03840,3.000
3,54.800,0.00,0.9882,0.98830,3.000
3,54.850,0.00,0.9381,0.93820,3.000
3,54.900,0.00,0.8882,0.88830,3.000
3,54.950,-0.01,0.8382,0.83830,3.000
3,55.000,-0.01,0.7882,0.78830,3.000
3,55.050,-0.01,0.7380,0.73810,3.000
3,55.100,0.00,0.6882,0.68830,3.000
3,55.150,0.00,0.6382,0.63830,3.000
3,55.200,0.00,0.5883,0.58840,3.000
3,55.250,0.00,0.5381,0.53820,3.000
3,55.300,-0.01,0.4880,0.48810,3.000
3,55.350,0.00,0.4382,0.43830,3.000
3,55.400,0.00,0.3882,0.38830,3.000
3,55.450,0.00,0.3380,0.33810,3.000
3,55.500,-0.01,0.2880,0.28810,3.000
3,55.550,0.00,0.2383,0.23840,3.000
3,55.600,0.00,0.1882,0.18830,3.000
3,55.650,0.00,0.1380,0.13810,3.000
3,55.700,0.00,0.0880,0.08810,3.000
3,55.750,-0.01,0.0381,0.03820,3.000
3,55.800,0.00,-0.0118,-0.01170,3.000
3,55.850,0.00,-0.0412,-0.04110,3.000
3,55.900,0.00,-0.0106,-0.01050,3.000
3,55.950,0.00,-0.0003,-0.00020,3.000
3,56.000,0.00,-0.0003,-0.00020,3.000
3,56.050,0.00,-0.0003,-0.00020,3.000
3,56.100,0.00,-0.0003,-0.00020,3.000
3,56.150,0.00,-0.0003,-0.00020,3.000
3,56.200,0.00,-0.0003,-0.00020,3.000
3,56.250,0.00,-0.0003,-0.00020,3.000
3,56.300,0.00,-0.0003,-0.00020,3.000
3,56.350,0.00,-0.0003,-0.00020,3.000
3,56.400,0.00,-0.0003,-0.00020,3.000
3,56.450,0.00,-0.0003,-0.00020,3.000
3,56.500,0.00,-0.0003,-0.00020,3.000
3,56.550,0.00,-0.0003,-0.00020,3.000
3,56.600,0.00,-0.0003,-0.00020,3.000
3,56.650,-0.01,-0.0003,-0.00020,3.000
3,56.700,0.00,-0.0003,-0.00020,3.000
3,56.750,0.00,-0.0003,-0.00020,3.000
3,56.800,0.00,-0.0003,-0.00020,3.000
3,56.850,-0.01,-0.0003,-0.00020,3.000
3,56.900,0.00,-0.0003,-0.00020,3.000
3,56.950,0.00,-0.0003,-0.00020,3.000
3,57.000,0.00,-0.0003,-0.00020,3.000
3,57.050,0.00,-0.0003,-0.00020,3.000
3,57.100,0.00,-0.0003,-0.00020,3.000
3,57.150,0.00,-0.0003,-0.00020,3.000
3,57.200,0.00,-0.0003,-0.00020,3.000
3,57.250,0.00,-0.0003,-0.00020,3.000
3,57.300,-0.01,-0.0003,-0.00020,3.000
3,57.350,0.00,-0.0003,-0.00020,3.000
3,57.400,0.00,-0.0003,-0.00020,3.000
3,57.450,0.00,-0.0003,-0.00020,3.000
3,57.500,0.00,-0.0003,-0.00020,3.000
3,57.550,-0.01,-0.0003,-0.00020,3.000
3,57.600,0.00,-0.0003,-0.00020,3.000
3,57.650,0.00,-0.0003,-0.00020,3.000
3,57.700,0.00,-0.0003,-0.00020,3.000
3,57.750,0.00,-0.0003,-0.00020,3.000
3,57.800,0.00,-0.0003,-0.00020,3.000
3,57.850,0.00,-0.0003,-0.00020,3.000
3,57.900,0.00,-0.0003,-0.00020,3.000
3,57.950,-0.01,-0.0003,-0.00020,3.000
3,58.000,0.00,-0.0003,-0.00020,3.000
3,58.050,0.00,-0.0003,-0.00020,3.000
3,58.100,0.00,-0.0003,-0.00020,3.000
3,58.150,0.00,-0.0003,-0.00020,3.000
3,58.200,0.00,-0.0003,-0.00020,3.000
3,58.250,-0.01,-0.0003,-0.00020,3.000
3,58.300,0.00,-0.0003,-0.00020,3.000
3,58.350,0.00,-0.0003,-0.00020,3.000
3,58.400,0.00,-0.0002,-0.00010,3.000
3,58.450,0.00,-0.0002,-0.00010,3.000
3,58.500,0.00,-0.0002,-0.00010,3.000
3,58.550,0.00,-0.0002,-0.00010,3.000
3,58.600,0.00,-0.0002,-0.00010,3.000
3,58.650,0.00,-0.0002,-0.00010,3.000
3,58.700,0.00,-0.0002,-0.00010,3.000
3,58.750,0.00,-0.0002,-0.00010,3.000
3,58.800,0.00,-0.0002,-0.00010,3.000
3,58.850,0.00,-0.0002,-0.00010,3.000
3,58.950,0.00,-0.0002,-0.00010,3.000
3,59.000,0.00,-0.0002,-0.00010,3.000
3,59.050,0.00,-0.0002,-0.00010,3.000
3,59.100,0.00,-0.0002,-0.00010,3.000
3,59.150,0.00,-0.0002,-0.00010,3.000
3,59.200,0.00,-0.0002,-0.00010,3.000
3,59.250,0.00,-0.0002,-0.00010,3.000
3,59.300,0.00,-0.0002,-0.00010,3.000
3,59.350,0.00,-0.0002,-0.00010,3.000
3,59.400,0.00,-0.0002,-0.00010,3.000
3,59.450,0.00,-0.0002,-0.00010,3.000
3,59.500,0.00,-0.0002,-0.00010,3.000
3,59.550,0.00,-0.0002,-0.00010,3.000
3,59.600,-0.01,-0.0002,-0.00010,3.000
3,59.650,-0.01,-0.0002,-0.00010,3.000
3,59.700,-0.01,-0.0002,-0.00010,3.000
3,59.750,-0.01,-0.0002,-0.00010,3.000
3,59.800,0.00,-0.0002,-0.00010,3.000
3,59.850,0.00,-0.0002,-0.00010,3.000
4,60.000,0.00,-0.0001,0.00000,4.000
4,60.050,0.00,0.0191,0.01920,4.000
4,60.100,0.00,0.0695,0.06960,4.000
4,60.150,0.00,0.1195,0.11960,4.000
4,60.200,0.00,0.1695,0.16960,4.000
4,60.250,0.00,0.2196,0.21970,4.000
4,60.300,0.00,0.2696,0.26970,4.000
4,60.350,0.00,0.3197,0.31980,4.000
4,60.400,0.00,0.3696,0.36970,4.000
4,60.450,0.00,0.4195,0.41960,4.000
4,60.500,-0.01,0.4695,0.46960,4.000
4,60.550,0.00,0.5198,0.51990,4.000
4,60.600,0.00,0.5695,0.56960,4.000
4,60.650,0.00,0.6197,0.61980,4.000
4,60.700,-0.01,0.6697,0.66980,4.000
4,60.750,0.00,0.7196,0.71970,4.000
4,60.800,0.00,0.7696,0.76970,4.000
4,60.850,0.00,0.8196,0.81970,4.000
4,60.900,0.00,0.8697,0.86980,4.000
4,60.950,-0.01,0.9198,0.91990,4.000
4,61.000,0.00,0.9695,0.96960,4.000
4,61.050,0.00,1.0196,1.01970,4.000
4,61.100,0.00,1.0697,1.06980,4.000
4,61.150,0.00,1.1198,1.11990,4.000
4,61.200,0.00,1.1696,1.16970,4.000
4,61.250,-0.01,1.2195,1.21960,4.000
4,61.300,-0.01,1.2696,1.26970,4.000
4,61.350,0.00,1.3197,1.31980,4.000
4,61.400,0.00,1.3696,1.36970,4.000
4,61.450,0.00,1.4197,1.41980,4.000
4,61.500,-0.01,1.4696,1.46970,4.000
4,61.550,-0.01,1.5198,1.51990,4.000
4,61.600,0.00,1.5697,1.56980,4.000
4,61.650,0.00,1.6195,1.61960,4.000
4,61.700,0.00,1.6697,1.66980,4.000
4,61.750,-0.01,1.7197,1.71980,4.000
4,61.800,0.00,1.7697,1.76980,4.000
4,61.850,0.00,1.8196,1.81970,4.000
4,61.900,0.00,1.8697,1.86980,4.000
4,61.950,0.00,1.9197,1.91980,4.000
4,62.000,-0.01,1.9697,1.96980,4.000
4,62.050,0.00,2.0196,2.01970,4.000
4,62.100,-0.01,2.0697,2.06980,4.000
4,62.150,-0.01,2.1198,2.11990,4.000
4,62.200,0.00,2.1698,2.16990,4.000
4,62.250,0.00,2.2196,2.21970,4.000
4,62.300,0.00,2.2698,2.26990,4.000
4,62.350,-0.01,2.3197,2.31980,4.000
4,62.400,0.00,2.3698,2.36990,4.000
4,62.450,-0.01,2.4195,2.41960,4.000
4,62.500,-0.01,2.4697,2.46980,4.000
4,62.550,0.00,2.5198,2.51990,4.000
4,62.600,-0.01,2.5697,2.56980,4.000
4,62.650,0.00,2.6195,2.61960,4.000
4,62.700,-0.01,2.6697,2.66980,4.000
4,62.750,0.00,2.7197,2.71980,4.000
4,62.800,0.00,2.7698,2.76990,4.000
4,62.850,0.00,2.8197,2.81980,4.000
4,62.900,-0.01,2.8697,2.86980,4.000
4,62.950,0.00,2.9198,2.91990,4.000
4,63.000,0.00,2.9698,2.96990,4.000
4,63.050,0.00,3.0196,3.01970,4.000
4,63.100,0.00,3.0698,3.06990,4.000
4,63.150,0.00,3.1200,3.12010,4.000
4,63.200,-0.01,3.1698,3.16990,4.000
4,63.250,0.00,3.2197,3.21980,4.000
4,63.300,0.00,3.2696,3.26970,4.000
4,63.350,0.00,3.3197,3.31980,4.000
4,63.400,0.00,3.3698,3.36990,4.000
4,63.450,0.00,3.4197,3.41980,4.000
4,63.500,-0.01,3.4698,3.46990,4.000
4,63.550,0.00,3.5199,3.52000,4.000
4,63.600,0.00,3.5698,3.56990,4.000
4,63.650,0.00,3.6198,3.61990,4.000
4,63.700,-0.01,3.6698,3.66990,4.000
4,63.750,0.00,3.7198,3.71990,4.000
4,63.800,-0.01,3.7698,3.76990,4.000
4,63.850,-0.01,3.8198,3.81990,4.000
4,63.900,0.00,3.8697,3.86980,4.000
4,63.950,0.00,3.9198,3.91990,4.000
4,64.000,0.00,3.9698,3.96990,4.000
4,64.050,-0.01,4.0197,4.01980,4.000
4,64.100,0.00,4.0698,4.06990,4.000
4,64.150,-0.01,4.1198,4.11990,4.000
4,64.200,0.00,4.1700,4.17010,4.000
4,64.250,0.00,4.2197,4.21980,4.000
4,64.300,0.00,4.2698,4.26990,4.000
4,64.350,0.00,4.3199,4.32000,4.000
4,64.400,0.00,4.3700,4.37010,4.000
4,64.450,0.00,4.4199,4.42000,4.000
4,64.500,0.00,4.4698,4.46990,4.000
4,64.550,-0.01,4.5199,4.52000,4.000
4,64.600,0.00,4.5698,4.56990,4.000
4,64.650,0.00,4.6197,4.61980,4.000
4,64.700,-0.01,4.6697,4.66980,4.000
4,64.750,0.00,4.7199,4.72000,4.000
4,64.800,0.00,4.7699,4.77000,4.000
4,64.850,0.00,4.8198,4.81990,4.000
4,64.900,0.00,4.8697,4.86980,4.000
4,64.950,0.00,4.9198,4.91990,4.000
4,65.000,0.00,4.9699,4.97000,4.000
4,65.050,-0.01,5.0198,5.01990,4.000
4,65.100,-0.01,5.0697,5.06980,4.000
4,65.150,-0.01,5.1199,5.12000,4.000
4,65.200,0.00,5.1699,5.17000,4.000
4,65.250,0.00,5.2199,5.22000,4.000
4,65.300,-0.01,5.2697,5.26980,4.000
4,65.350,0.00,5.3199,5.32000,4.000
4,65.400,0.00,5.3700,5.37010,4.000
4,65.450,0.00,5.4198,5.41990,4.000
4,65.500,0.00,5.4699,5.47000,4.000
4,65.550,0.00,5.5200,5.52010,4.000
4,65.600,0.03,5.5701,5.57020,4.000
4,65.650,0.08,5.6199,5.62000,4.000
4,65.700,0.15,5.6699,5.67000,4.000
4,65.750,0.24,5.7199,5.72000,4.000
4,65.800,0.36,5.7699,5.77000,4.000
4,65.850,0.49,5.8197,5.81980,4.000
4,65.900,0.65,5.8697,5.86980,4.000
4,65.950,0.83,5.9199,5.92000,4.000
4,66.000,1.04,5.9700,5.97010,4.000
4,66.050,1.27,6.0198,6.01990,4.000
4,66.100,1.53,6.0698,6.06990,4.000
4,66.150,1.82,6.1199,6.12000,4.000
4,66.200,2.13,6.1699,6.17000,4.000
4,66.250,2.48,6.2198,6.21990,4.000
4,66.300,2.87,6.2698,6.26990,4.000
4,66.350,3.29,6.3198,6.31990,4.000
4,66.400,3.75,6.3700,6.37010,4.000
4,66.450,4.26,6.4199,6.42000,4.000
4,66.500,4.80,6.4697,6.46980,4.000
4,66.550,5.39,6.5199,6.52000,4.000
4,66.600,6.03,6.5699,6.57000,4.000
4,66.650,6.71,6.6198,6.61990,4.000
4,66.700,7.45,6.6698,6.66990,4.000
4,66.750,8.24,6.7198,6.71990,4.000
4,66.800,9.08,6.7699,6.77000,4.000
4,66.850,9.99,6.8199,6.82000,4.000
4,66.900,10.96,6.8698,6.86990,4.000
4,66.950,11.99,6.9199,6.92000,4.000
4,67.000,13.10,6.9698,6.96990,4.000
4,67.050,14.28,7.0198,7.01990,4.000
4,67.100,15.53,7.0698,7.06990,4.000
4,67.150,16.88,7.1198,7.11990,4.000
4,67.200,18.33,7.1700,7.17010,4.000
4,67.250,19.87,7.2199,7.22000,4.000
4,67.300,21.52,7.2697,7.26980,4.000
4,67.350,23.31,7.3199,7.32000,4.000
4,67.400,25.21,7.3699,7.37000,4.000
4,67.450,27.27,7.4199,7.42000,4.000
4,67.500,29.49,7.4698,7.46990,4.000
4,67.550,31.86,7.5198,7.51990,4.000
4,67.600,34.48,7.5700,7.57010,4.000
4,67.650,37.32,7.6200,7.62010,4.000
4,67.700,40.42,7.6698,7.66990,4.000
4,67.750,43.83,7.7198,7.71990,4.000
4,67.800,47.62,7.7699,7.77000,4.000
4,67.900,54.22,7.8377,7.83780,4.000
4,67.950,48.89,7.7987,7.79880,4.000
4,68.000,41.52,7.7485,7.74860,4.000
4,68.050,36.02,7.6986,7.69870,4.000
4,68.100,31.61,7.6489,7.64900,4.000
4,68.150,27.95,7.5987,7.59880,4.000
4,68.200,24.82,7.5485,7.54860,4.000
4,68.250,22.13,7.4987,7.49880,4.000
4,68.300,19.79,7.4488,7.44890,4.000
4,68.350,17.74,7.3986,7.39870,4.000
4,68.400,15.91,7.3486,7.34870,4.000
4,68.450,14.28,7.2987,7.29880,4.000
4,68.500,12.82,7.2488,7.24890,4.000
4,68.550,11.54,7.1987,7.19880,4.000
4,68.600,10.39,7.1485,7.14860,4.000
4,68.650,9.35,7.0986,7.09870,4.000
4,68.700,8.47,7.0488,7.04890,4.000
4,68.750,7.66,6.9986,6.99870,4.000
4,68.800,6.89,6.9484,6.94850,4.000
4,68.850,6.20,6.8987,6.89880,4.000
4,68.900,5.56,6.8488,6.84890,4.000
4,68.950,4.98,6.7986,6.79870,4.000
4,69.000,4.46,6.7485,6.74860,4.000
4,69.050,3.98,6.6987,6.69880,4.000
4,69.100,3.55,6.6487,6.64880,4.000
4,69.150,3.15,6.5986,6.59870,4.000
4,69.200,2.78,6.5485,6.54860,4.000
4,69.250,2.45,6.4985,6.49860,4.000
4,69.300,2.14,6.4486,6.44870,4.000
4,69.350,1.86,6.3986,6.39870,4.000
4,69.400,1.61,6.3485,6.34860,4.000
4,69.450,1.38,6.2986,6.29870,4.000
4,69.500,1.18,6.2486,6.24870,4.000
4,69.550,0.99,6.1985,6.19860,4.000
4,69.600,0.83,6.1484,6.14850,4.000
4,69.650,0.67,6.0985,6.09860,4.000
4,69.700,0.55,6.0486,6.04870,4.000
4,69.750,0.43,5.9985,5.99860,4.000
4,69.800,0.32,5.9484,5.94850,4.000
4,69.850,0.23,5.8983,5.89840,4.000
4,69.900,0.16,5.8484,5.84850,4.000
4,69.950,0.11,5.7985,5.79860,4.000
4,70.000,0.06,5.7483,5.74840,4.000
4,70.050,0.03,5.6985,5.69860,4.000
4,70.100,0.00,5.6485,5.64860,4.000
4,70.150,-0.01,5.5986,5.59870,4.000
4,70.200,-0.01,5.5484,5.54850,4.000
4,70.250,-0.01,5.4986,5.49870,4.000
4,70.300,-0.01,5.4485,5.44860,4.000
4,70.350,0.00,5.3986,5.39870,4.000
4,70.400,0.00,5.3484,5.34850,4.000
4,70.450,0.00,5.2985,5.29860,4.000
4,70.500,0.00,5.2484,5.24850,4.000
4,70.550,0.00,5.1985,5.19860,4.000
4,70.600,0.00,5.1483,5.14840,4.000
4,70.650,-0.01,5.0983,5.09840,4.000
4,70.700,-0.01,5.0485,5.04860,4.000
4,70.750,0.00,4.9985,4.99860,4.000
4,70.800,-0.01,4.9483,4.94840,4.000
4,70.850,0.00,4.8982,4.89830,4.000
4,70.900,-0.01,4.8485,4.84860,4.000
4,70.950,-0.01,4.7984,4.79850,4.000
4,71.000,-0.01,4.7483,4.74840,4.000
4,71.050,0.00,4.6984,4.69850,4.000
4,71.100,0.00,4.6484,4.64850,4.000
4,71.150,0.00,4.5984,4.59850,4.000
4,71.200,0.00,4.5482,4.54830,4.000
4,71.250,0.00,4.4983,4.49840,4.000
4,71.300,0.00,4.4486,4.44870,4.000
4,71.350,0.00,4.3985,4.39860,4.000
4,71.400,0.00,4.3484,4.34850,4.000
4,71.450,0.00,4.2983,4.29840,4.000
4,71.500,0.00,4.2484,4.24850,4.000
4,71.550,0.00,4.1984,4.19850,4.000
4,71.600,0.00,4.1483,4.14840,4.000
4,71.650,0.00,4.0984,4.09850,4.000
4,71.700,0.00,4.0484,4.04850,4.000
4,71.750,0.00,3.9983,3.99840,4.000
4,71.800,0.00,3.9481,3.94820,4.000
4,71.850,0.00,3.8983,3.89840,4.000
4,71.900,0.00,3.8483,3.84840,4.000
4,71.950,0.00,3.7985,3.79860,4.000
4,72.000,0.00,3.7484,3.74850,4.000
4,72.050,-0.01,3.6982,3.69830,4.000
4,72.100,-0.01,3.6485,3.64860,4.000
4,72.150,0.00,3.5985,3.59860,4.000
4,72.200,-0.01,3.5483,3.54840,4.000
4,72.250,0.00,3.4984,3.49850,4.000
4,72.300,0.00,3.4484,3.44850,4.000
4,72.350,-0.01,3.3984,3.39850,4.000
4,72.400,0.00,3.3481,3.34820,4.000
4,72.450,-0.01,3.2981,3.29820,4.000
4,72.500,0.00,3.2484,3.24850,4.000
4,72.550,0.00,3.1985,3.19860,4.000
4,72.600,0.00,3.1483,3.14840,4.000
4,72.650,0.00,3.0983,3.09840,4.000
4,72.700,-0.01,3.0485,3.04860,4.000
4,72.750,0.00,2.9984,2.99850,4.000
4,72.800,0.00,2.9482,2.94830,4.000
4,72.850,0.00,2.8983,2.89840,4.000
4,72.900,-0.01,2.8485,2.84860,4.000
4,72.950,0.00,2.7984,2.79850,4.000
4,73.000,-0.01,2.7482,2.74830,4.000
4,73.050,0.00,2.6982,2.69830,4.000
4,73.100,-0.01,2.6483,2.64840,4.000
4,73.150,0.00,2.5984,2.59850,4.000
4,73.200,0.00,2.5483,2.54840,4.000
4,73.250,0.00,2.4981,2.49820,4.000
4,73.300,0.00,2.4483,2.44840,4.000
4,73.350,0.00,2.3983,2.39840,4.000
4,73.400,0.00,2.3482,2.34830,4.000
4,73.450,-0.01,2.2981,2.29820,4.000
4,73.500,0.00,2.2484,2.24850,4.000
4,73.550,-0.01,2.1984,2.19850,4.000
4,73.600,-0.01,2.1483,2.14840,4.000
4,73.650,0.00,2.0981,2.09820,4.000
4,73.700,0.00,2.0482,2.04830,4.000
4,73.750,0.00,1.9983,1.99840,4.000
4,73.800,0.00,1.9482,1.94830,4.000
4,73.850,-0.01,1.8982,1.89830,4.000
4,73.900,0.00,1.8482,1.84830,4.000
4,73.950,0.00,1.7983,1.79840,4.000
4,74.000,-0.01,1.7481,1.74820,4.000
4,74.050,-0.01,1.6981,1.69820,4.000
4,74.100,-0.01,1.6482,1.64830,4.000
4,74.150,0.00,1.5982,1.59830,4.000
4,74.200,0.00,1.5483,1.54840,4.000
4,74.250,0.00,1.4982,1.49830,4.000
4,74.300,0.00,1.4483,1.44840,4.000
4,74.350,0.00,1.3982,1.39830,4.000
4,74.400,0.00,1.3481,1.34820,4.000
4,74.450,0.00,1.2980,1.29810,4.000
4,74.500,0.00,1.2482,1.24830,4.000
4,74.550,-0.01,1.1983,1.19840,4.000
4,74.600,0.00,1.1482,1.14830,4.000
4,74.650,0.00,1.0980,1.09810,4.000
4,74.700,0.00,1.0482,1.04830,4.000
4,74.750,0.00,0.9982,0.99830,4.000
4,74.800,-0.01,0.9483,0.94840,4.000
4,74.850,0.00,0.8981,0.89820,4.000
4,74.900,0.00,0.8482,0.84830,4.000
4,74.950,-0.01,0.7983,0.79840,4.000
4,75.000,-0.01,0.7482,0.74830,4.000
4,75.050,0.00,0.6981,0.69820,4.000
4,75.100,0.00,0.6482,0.64830,4.000
4,75.150,0.00,0.5982,0.59830,4.000
4,75.200,0.00,0.5482,0.54830,4.000
4,75.250,-0.01,0.4981,0.49820,4.000
4,75.300,-0.01,0.4481,0.44820,4.000
4,75.350,0.00,0.3982,0.39830,4.000
4,75.400,0.00,0.3482,0.34830,4.000
4,75.450,0.00,0.2981,0.29820,4.000
4,75.500,0.00,0.2481,0.24820,4.000
4,75.550,-0.01,0.1983,0.19840,4.000
4,75.600,0.00,0.1481,0.14820,4.000
4,75.650,0.00,0.0979,0.09800,4.000
4,75.700,0.00,0.0481,0.04820,4.000
4,75.750,0.00,-0.0018,-0.00170,4.000
4,75.850,0.00,-0.0395,-0.03940,4.000
4,75.900,0.00,-0.0011,-0.00100,4.000
4,75.950,0.00,-0.0003,-0.00020,4.000
4,76.000,0.00,-0.0003,-0.00020,4.000
4,76.050,0.00,-0.0003,-0.00020,4.000
4,76.100,0.00,-0.0003,-0.00020,4.000
4,76.150,0.00,-0.0003,-0.00020,4.000
4,76.200,-0.01,-0.0003,-0.00020,4.000
4,76.250,0.00,-0.0003,-0.00020,4.000
4,76.300,0.00,-0.0003,-0.00020,4.000
4,76.350,0.00,-0.0003,-0.00020,4.000
4,76.400,0.00,-0.0003,-0.00020,4.000
4,76.450,-0.01,-0.0003,-0.00020,4.000
4,76.500,0.00,-0.0003,-0.00020,4.000
4,76.550,-0.01,-0.0003,-0.00020,4.000
4,76.600,0.00,-0.0003,-0.00020,4.000
4,76.650,0.00,-0.0003,-0.00020,4.000
4,76.700,-0.01,-0.0003,-0.00020,4.000
4,76.750,0.00,-0.0003,-0.00020,4.000
4,76.800,0.00,-0.0003,-0.00020,4.000
4,76.850,0.00,-0.0003,-0.00020,4.000
4,76.900,0.00,-0.0003,-0.00020,4.000
4,76.950,0.00,-0.0003,-0.00020,4.000
4,77.000,0.00,-0.0003,-0.00020,4.000
4,77.050,0.00,-0.0003,-0.00020,4.000
4,77.100,0.00,-0.0003,-0.00020,4.000
4,77.150,0.00,-0.0003,-0.00020,4.000
4,77.200,0.00,-0.0003,-0.00020,4.000
4,77.250,0.00,-0.0003,-0.00020,4.000
4,77.300,0.00,-0.0003,-0.00020,4.000
4,77.350,0.00,-0.0003,-0.00020,4.000
4,77.400,0.00,-0.0003,-0.00020,4.000
4,77.450,0.00,-0.0003,-0.00020,4.000
4,77.500,0.00,-0.0003,-0.00020,4.000
4,77.550,0.00,-0.0003,-0.00020,4.000
4,77.600,0.00,-0.0003,-0.00020,4.000
4,77.650,0.00,-0.0003,-0.00020,4.000
4,77.700,0.00,-0.0003,-0.00020,4.000
4,77.750,0.00,-0.0003,-0.00020,4.000
4,77.800,-0.01,-0.0003,-0.00020,4.000
4,77.850,-0.01,-0.0003,-0.00020,4.000
4,77.900,-0.01,-0.0003,-0.00020,4.000
4,77.950,0.00,-0.0003,-0.00020,4.000
4,78.000,-0.01,-0.0003,-0.00020,4.000
4,78.050,0.00,-0.0003,-0.00020,4.000
4,78.100,-0.01,-0.0003,-0.00020,4.000
4,78.150,0.00,-0.0003,-0.00020,4.000
4,78.200,0.00,-0.0003,-0.00020,4.000
4,78.250,0.00,-0.0003,-0.00020,4.000
4,78.300,0.00,-0.0003,-0.00020,4.000
4,78.350,0.00,-0.0002,-0.00010,4.000
4,78.400,0.00,-0.0002,-0.00010,4.000
4,78.450,-0.01,-0.0002,-0.00010,4.000
4,78.500,-0.01,-0.0002,-0.00010,4.000
4,78.550,-0.01,-0.0002,-0.00010,4.000
4,78.600,0.00,-0.0002,-0.00010,4.000
4,78.650,0.00,-0.0002,-0.00010,4.000
4,78.700,0.00,-0.0002,-0.00010,4.000
4,78.750,0.00,-0.0002,-0.00010,4.000
4,78.800,0.00,-0.0002,-0.00010,4.000
4,78.900,0.00,-0.0002,-0.00010,4.000
4,78.950,0.00,-0.0002,-0.00010,4.000
4,79.000,0.00,-0.0002,-0.00010,4.000
4,79.050,0.00,-0.0002,-0.00010,4.000
4,79.100,-0.01,-0.0002,-0.00010,4.000
4,79.150,0.00,-0.0002,-0.00010,4.000
4,79.200,0.00,-0.0002,-0.00010,4.000
4,79.250,0.00,-0.0002,-0.00010,4.000
4,79.300,0.00,-0.0002,-0.00010,4.000
4,79.350,0.00,-0.0002,-0.00010,4.000
4,79.400,0.00,-0.0002,-0.00010,4.000
4,79.450,0.00,-0.0002,-0.00010,4.000
4,79.500,0.00,-0.0002,-0.00010,4.000
4,79.550,0.00,-0.0002,-0.00010,4.000
4,79.600,0.00,-0.0002,-0.00010,4.000
4,79.650,0.00,-0.0002,-0.00010,4.000
4,79.700,0.00,-0.0002,-0.00010,4.000
4,79.750,0.00,-0.0002,-0.00010,4.000
4,79.800,0.00,-0.0002,-0.00010,4.000
5,79.950,0.00,-0.0001,0.00000,5.000
5,80.000,0.00,0.0191,0.01920,5.000
5,80.050,0.00,0.0695,0.06960,5.000
5,80.100,0.00,0.1195,0.11960,5.000
5,80.150,0.00,0.1696,0.16970,5.000
5,80.200,0.00,0.2196,0.21970,5.000
5,80.250,0.00,0.2695,0.26960,5.000
5,80.300,0.00,0.3197,0.31980,5.000
5,80.350,0.00,0.3695,0.36960,5.000
5,80.400,0.00,0.4195,0.41960,5.000
5,80.450,0.00,0.4697,0.46980,5.000
5,80.500,0.00,0.5196,0.51970,5.000
5,80.550,0.00,0.5696,0.56970,5.000
5,80.600,0.00,0.6195,0.61960,5.000
5,80.650,0.00,0.6696,0.66970,5.000
5,80.700,0.00,0.7198,0.71990,5.000
5,80.750,0.00,0.7696,0.76970,5.000
5,80.800,0.00,0.8195,0.81960,5.000
5,80.850,0.00,0.8696,0.86970,5.000
5,80.900,0.00,0.9198,0.91990,5.000
5,80.950,0.00,0.9696,0.96970,5.000
5,81.000,0.00,1.0196,1.01970,5.000
5,81.050,0.00,1.0697,1.06980,5.000
5,81.100,0.00,1.1197,1.11980,5.000
5,81.150,0.00,1.1697,1.16980,5.000
5,81.200,0.00,1.2196,1.21970,5.000
5,81.250,0.00,1.2696,1.26970,5.000
5,81.300,0.00,1.3196,1.31970,5.000
5,81.350,0.00,1.3697,1.36980,5.000
5,81.400,0.00,1.4196,1.41970,5.000
5,81.450,-0.01,1.4697,1.46980,5.000
5,81.500,0.00,1.5197,1.51980,5.000
5,81.550,0.00,1.5698,1.56990,5.000
5,81.600,0.00,1.6195,1.61960,5.000
5,81.650,0.00,1.6696,1.66970,5.000
5,81.700,0.00,1.7197,1.71980,5.000
5,81.750,0.00,1.7696,1.76970,5.000
5,81.800,0.00,1.8197,1.81980,5.000
5,81.850,0.00,1.8697,1.86980,5.000
5,81.900,0.01,1.9197,1.91980,5.000
5,81.950,0.00,1.9696,1.96970,5.000
5,82.000,0.00,2.0195,2.01960,5.000
5,82.050,0.00,2.0696,2.06970,5.000
5,82.100,0.00,2.1197,2.11980,5.000
5,82.150,0.00,2.1698,2.16990,5.000
5,82.200,0.00,2.2197,2.21980,5.000
5,82.250,0.00,2.2697,2.26980,5.000
5,82.300,0.00,2.3197,2.31980,5.000
5,82.350,0.00,2.3698,2.36990,5.000
5,82.400,0.00,2.4196,2.41970,5.000
5,82.450,0.00,2.4697,2.46980,5.000
5,82.500,0.00,2.5198,2.51990,5.000
5,82.550,0.00,2.5698,2.56990,5.000
5,82.600,0.00,2.6196,2.61970,5.000
5,82.650,0.00,2.6696,2.66970,5.000
5,82.700,0.00,2.7197,2.71980,5.000
5,82.750,0.00,2.7699,2.77000,5.000
5,82.800,0.00,2.8197,2.81980,5.000
5,82.850,0.00,2.8697,2.86980,5.000
5,82.900,0.00,2.9198,2.91990,5.000
5,82.950,0.00,2.9699,2.97000,5.000
5,83.000,0.00,3.0196,3.01970,5.000
5,83.050,0.00,3.0697,3.06980,5.000
5,83.100,0.00,3.1198,3.11990,5.000
5,83.150,0.00,3.1699,3.17000,5.000
5,83.200,0.00,3.2197,3.21980,5.000
5,83.250,0.00,3.2697,3.26980,5.000
5,83.300,0.00,3.3198,3.31990,5.000
5,83.350,0.00,3.3697,3.36980,5.000
5,83.400,0.00,3.4198,3.41990,5.000
5,83.450,0.00,3.4698,3.46990,5.000
5,83.500,0.00,3.5199,3.52000,5.000
5,83.550,0.00,3.5700,3.57010,5.000
5,83.600,0.00,3.6198,3.61990,5.000
5,83.650,0.00,3.6699,3.67000,5.000
5,83.700,0.00,3.7198,3.71990,5.000
5,83.750,0.00,3.7700,3.77010,5.000
5,83.800,0.00,3.8197,3.81980,5.000
5,83.850,0.00,3.8698,3.86990,5.000
5,83.900,0.00,3.9197,3.91980,5.000
5,83.950,0.00,3.9699,3.97000,5.000
5,84.000,0.00,4.0199,4.02000,5.000
5,84.050,0.00,4.0698,4.06990,5.000
5,84.100,0.00,4.1199,4.12000,5.000
5,84.150,0.00,4.1698,4.16990,5.000
5,84.200,0.00,4.2198,4.21990,5.000
5,84.250,0.00,4.2697,4.26980,5.000
5,84.300,-0.01,4.3200,4.32010,5.000
5,84.350,0.00,4.3701,4.37020,5.000
5,84.400,0.00,4.4198,4.41990,5.000
5,84.450,0.00,4.4699,4.47000,5.000
5,84.500,0.00,4.5199,4.52000,5.000
5,84.550,0.00,4.5699,4.57000,5.000
5,84.600,0.00,4.6198,4.61990,5.000
5,84.650,0.00,4.6698,4.66990,5.000
5,84.700,0.00,4.7199,4.72000,5.000
5,84.750,0.00,4.7699,4.77000,5.000
5,84.800,0.00,4.8199,4.82000,5.000
5,84.850,0.00,4.8697,4.86980,5.000
5,84.900,0.00,4.9198,4.91990,5.000
5,84.950,0.00,4.9699,4.97000,5.000
5,85.000,0.00,5.0198,5.01990,5.000
5,85.050,0.00,5.0698,5.06990,5.000
5,85.100,0.00,5.1199,5.12000,5.000
5,85.150,0.00,5.1698,5.16990,5.000
5,85.200,0.00,5.2199,5.22000,5.000
5,85.250,0.00,5.2697,5.26980,5.000
5,85.300,0.00,5.3198,5.31990,5.000
5,85.350,0.00,5.3700,5.37010,5.000
5,85.400,0.00,5.4200,5.42010,5.000
5,85.450,0.00,5.4698,5.46990,5.000
5,85.500,0.00,5.5200,5.52010,5.000
5,85.550,0.04,5.5700,5.57010,5.000
5,85.600,0.08,5.6199,5.62000,5.000
5,85.650,0.16,5.6699,5.67000,5.000
5,85.700,0.25,5.7200,5.72010,5.000
5,85.750,0.36,5.7698,5.76990,5.000
5,85.800,0.50,5.8197,5.81980,5.000
5,85.850,0.65,5.8697,5.86980,5.000
5,85.900,0.84,5.9198,5.91990,5.000
5,85.950,1.04,5.9700,5.97010,5.000
5,86.000,1.27,6.0198,6.01990,5.000
5,86.050,1.53,6.0698,6.06990,5.000
5,86.100,1.81,6.1199,6.12000,5.000
5,86.150,2.13,6.1699,6.17000,5.000
5,86.200,2.48,6.2198,6.21990,5.000
5,86.250,2.86,6.2698,6.26990,5.000
5,86.300,3.28,6.3199,6.32000,5.000
5,86.350,3.74,6.3700,6.37010,5.000
5,86.400,4.25,6.4199,6.42000,5.000
5,86.450,4.79,6.4698,6.46990,5.000
5,86.500,5.37,6.5199,6.52000,5.000
5,86.550,6.00,6.5699,6.57000,5.000
5,86.600,6.68,6.6199,6.62000,5.000
5,86.650,7.41,6.6699,6.67000,5.000
5,86.700,8.19,6.7198,6.71990,5.000
5,86.750,9.03,6.7698,6.76990,5.000
5,86.800,9.94,6.8199,6.82000,5.000
5,86.850,10.91,6.8699,6.87000,5.000
5,86.900,11.94,6.9198,6.91990,5.000
5,86.950,13.03,6.9698,6.96990,5.000
5,87.000,14.20,7.0199,7.02000,5.000
5,87.050,15.46,7.0697,7.06980,5.000
5,87.100,16.80,7.1199,7.12000,5.000
5,87.150,18.24,7.1700,7.17010,5.000
5,87.200,19.76,7.2200,7.22010,5.000
5,87.250,21.40,7.2698,7.26990,5.000
5,87.300,23.16,7.3198,7.31990,5.000
5,87.350,25.04,7.3700,7.37010,5.000
5,87.400,27.08,7.4200,7.42010,5.000
5,87.450,29.27,7.4698,7.46990,5.000
5,87.500,31.64,7.5198,7.51990,5.000
5,87.550,34.22,7.5700,7.57010,5.000
5,87.600,37.04,7.6200,7.62010,5.000
5,87.650,40.10,7.6698,7.66990,5.000
5,87.700,43.50,7.7198,7.71990,5.000
5,87.750,47.27,7.7698,7.76990,5.000
5,87.850,55.16,7.8523,7.85240,5.000
5,87.900,51.85,7.8242,7.82430,5.000
5,87.950,43.87,7.7747,7.77480,5.000
5,88.000,37.86,7.7246,7.72470,5.000
5,88.050,33.09,7.6746,7.67470,5.000
5,88.100,29.18,7.6247,7.62480,5.000
5,88.150,25.88,7.5747,7.57480,5.000
5,88.200,23.04,7.5247,7.52480,5.000
5,88.250,20.59,7.4745,7.47460,5.000
5,88.300,18.43,7.4247,7.42480,5.000
5,88.350,16.53,7.3747,7.37480,5.000
5,88.400,14.84,7.3247,7.32480,5.000
5,88.450,13.33,7.2746,7.27470,5.000
5,88.500,11.98,7.2247,7.22480,5.000
5,88.550,10.79,7.1747,7.17480,5.000
5,88.600,9.73,7.1247,7.12480,5.000
5,88.650,8.79,7.0745,7.07460,5.000
5,88.700,7.95,7.0246,7.02470,5.000
5,88.750,7.15,6.9746,6.97470,5.000
5,88.800,6.44,6.9246,6.92470,5.000
5,88.850,5.79,6.8745,6.87460,5.000
5,88.900,5.19,6.8245,6.82460,5.000
5,88.950,4.65,6.7746,6.77470,5.000
5,89.000,4.15,6.7247,6.72480,5.000
5,89.050,3.71,6.6745,6.67460,5.000
5,89.100,3.29,6.6246,6.62470,5.000
5,89.150,2.91,6.5745,6.57460,5.000
5,89.200,2.57,6.5246,6.52470,5.000
5,89.250,2.26,6.4744,6.47450,5.000
5,89.300,1.98,6.4246,6.42470,5.000
5,89.350,1.71,6.3747,6.37480,5.000
5,89.400,1.47,6.3246,6.32470,5.000
5,89.450,1.26,6.2744,6.27450,5.000
5,89.500,1.07,6.2244,6.22450,5.000
5,89.550,0.90,6.1746,6.17470,5.000
5,89.600,0.74,6.1245,6.12460,5.000
5,89.650,0.60,6.0745,6.07460,5.000
5,89.700,0.48,6.0244,6.02450,5.000
5,89.750,0.37,5.9745,5.97460,5.000
5,89.800,0.27,5.9245,5.92460,5.000
5,89.850,0.19,5.8743,5.87440,5.000
5,89.900,0.13,5.8242,5.82430,5.000
5,89.950,0.08,5.7745,5.77460,5.000
5,90.000,0.04,5.7245,5.72460,5.000
5,90.050,0.01,5.6744,5.67450,5.000
5,90.100,-0.01,5.6245,5.62460,5.000
5,90.150,0.00,5.5746,5.57470,5.000
5,90.200,-0.01,5.5245,5.52460,5.000
5,90.250,-0.01,5.4744,5.47450,5.000
5,90.300,0.00,5.4245,5.42460,5.000
5,90.350,-0.01,5.3745,5.37460,5.000
5,90.400,0.00,5.3246,5.32470,5.000
5,90.450,0.00,5.2744,5.27450,5.000
5,90.500,-0.01,5.2243,5.22440,5.000
5,90.550,-0.01,5.1745,5.17460,5.000
5,90.600,0.00,5.1245,5.12460,5.000
5,90.650,0.00,5.0744,5.07450,5.000
5,90.700,0.00,5.0244,5.02450,5.000
5,90.750,0.00,4.9744,4.97450,5.000
5,90.800,0.00,4.9244,4.92450,5.000
5,90.850,0.00,4.8742,4.87430,5.000
5,90.900,0.00,4.8243,4.82440,5.000
5,90.950,0.00,4.7745,4.77460,5.000
5,91.000,0.00,4.7245,4.72460,5.000
5,91.050,0.00,4.6743,4.67440,5.000
5,91.100,0.00,4.6242,4.62430,5.000
5,91.150,0.00,4.5742,4.57430,5.000
5,91.200,0.00,4.5245,4.52460,5.000
5,91.250,0.00,4.4744,4.47450,5.000
5,91.300,0.00,4.4244,4.42450,5.000
5,91.350,0.00,4.3745,4.37460,5.000
5,91.400,0.00,4.3246,4.32470,5.000
5,91.450,0.00,4.2743,4.27440,5.000
5,91.500,0.00,4.2243,4.22440,5.000
5,91.550,0.00,4.1744,4.17450,5.000
5,91.600,0.00,4.1244,4.12450,5.000
5,91.650,0.00,4.0744,4.07450,5.000
5,91.700,0.00,4.0243,4.02440,5.000
5,91.750,0.00,3.9743,3.97440,5.000
5,91.800,0.00,3.9243,3.92440,5.000
5,91.850,0.00,3.8743,3.87440,5.000
5,91.900,0.00,3.8244,3.82450,5.000
5,91.950,0.00,3.7744,3.77450,5.000
5,92.000,0.00,3.7244,3.72450,5.000
5,92.050,0.00,3.6743,3.67440,5.000
5,92.100,0.00,3.6243,3.62440,5.000
5,92.150,0.00,3.5744,3.57450,5.000
5,92.200,0.00,3.5244,3.52450,5.000
5,92.250,0.00,3.4744,3.47450,5.000
5,92.300,0.00,3.4242,3.42430,5.000
5,92.350,0.00,3.3743,3.37440,5.000
5,92.400,0.00,3.3243,3.32440,5.000
5,92.450,0.00,3.2742,3.27430,5.000
5,92.500,0.00,3.2243,3.22440,5.000
5,92.550,0.00,3.1744,3.17450,5.000
5,92.600,0.00,3.1244,3.12450,5.000
5,92.650,0.00,3.0744,3.07450,5.000
5,92.700,0.00,3.0243,3.02440,5.000
5,92.750,0.00,2.9742,2.97430,5.000
5,92.800,0.00,2.9244,2.92450,5.000
5,92.850,0.00,2.8744,2.87450,5.000
5,92.900,0.00,2.8243,2.82440,5.000
5,92.950,0.00,2.7744,2.77450,5.000
5,93.000,0.00,2.7243,2.72440,5.000
5,93.050,0.00,2.6743,2.67440,5.000
5,93.100,-0.01,2.6241,2.62420,5.000
5,93.150,0.00,2.5742,2.57430,5.000
5,93.200,0.00,2.5244,2.52450,5.000
5,93.250,0.00,2.4742,2.47430,5.000
5,93.300,0.00,2.4242,2.42430,5.000
5,93.350,0.00,2.3743,2.37440,5.000
5,93.400,-0.01,2.3243,2.32440,5.000
5,93.450,-0.01,2.2744,2.27450,5.000
5,93.500,0.00,2.2241,2.22420,5.000
5,93.550,0.00,2.1743,2.17440,5.000
5,93.600,0.00,2.1243,2.12440,5.000
5,93.650,0.00,2.0743,2.07440,5.000
5,93.700,0.00,2.0240,2.02410,5.000
5,93.750,0.00,1.9743,1.97440,5.000
5,93.800,0.00,1.9243,1.92440,5.000
5,93.850,0.00,1.8742,1.87430,5.000
5,93.900,0.00,1.8242,1.82430,5.000
5,93.950,-0.01,1.7742,1.77430,5.000
5,94.000,0.00,1.7242,1.72430,5.000
5,94.050,0.00,1.6743,1.67440,5.000
5,94.100,0.00,1.6241,1.62420,5.000
5,94.150,-0.01,1.5743,1.57440,5.000
5,94.200,0.00,1.5242,1.52430,5.000
5,94.250,0.00,1.4743,1.47440,5.000
5,94.300,0.00,1.4241,1.42420,5.000
5,94.350,0.00,1.3742,1.37430,5.000
5,94.400,0.00,1.3241,1.32420,5.000
5,94.450,0.00,1.2743,1.27440,5.000
5,94.500,0.00,1.2240,1.22410,5.000
5,94.550,0.00,1.1742,1.17430,5.000
5,94.600,0.00,1.1242,1.12430,5.000
5,94.650,0.00,1.0743,1.07440,5.000
5,94.700,0.00,1.0240,1.02410,5.000
5,94.750,0.00,0.9742,0.97430,5.000
5,94.800,0.00,0.9243,0.92440,5.000
5,94.850,0.00,0.8742,0.87430,5.000
5,94.900,0.00,0.8241,0.82420,5.000
5,94.950,0.00,0.7741,0.77420,5.000
5,95.000,0.00,0.7243,0.72440,5.000
5,95.050,0.00,0.6743,0.67440,5.000
5,95.100,0.00,0.6241,0.62420,5.000
5,95.150,0.00,0.5741,0.57420,5.000
5,95.200,0.00,0.5242,0.52430,5.000
5,95.250,0.00,0.4742,0.47430,5.000
5,95.300,0.00,0.4240,0.42410,5.000
5,95.350,0.00,0.3741,0.37420,5.000
5,95.400,0.00,0.3241,0.32420,5.000
5,95.450,0.00,0.2743,0.27440,5.000
5,95.500,0.00,0.2242,0.22430,5.000
5,95.550,0.00,0.1740,0.17410,5.000
5,95.600,0.00,0.1241,0.12420,5.000
5,95.650,0.00,0.0740,0.07410,5.000
5,95.700,0.00,0.0240,0.02410,5.000
5,95.800,0.00,-0.0450,-0.04490,5.000
5,95.850,0.00,-0.0084,-0.00830,5.000
5,95.900,0.00,-0.0002,-0.00010,5.000
5,95.950,0.00,-0.0003,-0.00020,5.000
5,96.000,0.00,-0.0003,-0.00020,5.000
5,96.050,0.00,-0.0003,-0.00020,5.000
5,96.100,0.00,-0.0003,-0.00020,5.000
5,96.150,0.00,-0.0003,-0.00020,5.000
5,96.200,0.00,-0.0003,-0.00020,5.000
5,96.250,0.00,-0.0003,-0.00020,5.000
5,96.300,0.00,-0.0003,-0.00020,5.000
5,96.350,0.00,-0.0003,-0.00020,5.000
5,96.400,0.00,-0.0003,-0.00020,5.000
5,96.450,0.00,-0.0003,-0.00020,5.000
5,96.500,0.00,-0.0003,-0.00020,5.000
5,96.550,0.00,-0.0003,-0.00020,5.000
5,96.600,0.00,-0.0003,-0.00020,5.000
5,96.650,0.00,-0.0003,-0.00020,5.000
5,96.700,0.00,-0.0003,-0.00020,5.000
5,96.750,0.00,-0.0003,-0.00020,5.000
5,96.800,0.00,-0.0003,-0.00020,5.000
5,96.850,0.00,-0.0003,-0.00020,5.000
5,96.900,-0.01,-0.0003,-0.00020,5.000
5,96.950,0.00,-0.0003,-0.00020,5.000
5,97.000,0.00,-0.0003,-0.00020,5.000
5,97.050,0.00,-0.0003,-0.00020,5.000
5,97.100,0.00,-0.0003,-0.00020,5.000
5,97.150,0.00,-0.0003,-0.00020,5.000
5,97.200,0.00,-0.0003,-0.00020,5.000
5,97.250,0.00,-0.0003,-0.00020,5.000
5,97.300,0.00,-0.0003,-0.00020,5.000
5,97.350,0.00,-0.0003,-0.00020,5.000
5,97.400,0.00,-0.0003,-0.00020,5.000
5,97.450,0.00,-0.0003,-0.00020,5.000
5,97.500,0.00,-0.0003,-0.00020,5.000
5,97.550,0.00,-0.0003,-0.00020,5.000
5,97.600,0.00,-0.0003,-0.00020,5.000
5,97.650,0.00,-0.0003,-0.00020,5.000
5,97.700,0.00,-0.0003,-0.00020,5.000
5,97.750,0.00,-0.0003,-0.00020,5.000
5,97.800,0.00,-0.0003,-0.00020,5.000
5,97.850,0.00,-0.0003,-0.00020,5.000
5,97.900,0.00,-0.0002,-0.00010,5.000
5,97.950,-0.01,-0.0002,-0.00010,5.000
5,98.000,0.00,-0.0002,-0.00010,5.000
5,98.050,0.00,-0.0002,-0.00010,5.000
5,98.100,0.00,-0.0002,-0.00010,5.000
5,98.150,0.00,-0.0002,-0.00010,5.000
5,98.200,0.00,-0.0002,-0.00010,5.000
5,98.250,0.00,-0.0002,-0.00010,5.000
5,98.300,0.00,-0.0002,-0.00010,5.000
5,98.350,0.00,-0.0002,-0.00010,5.000
5,98.400,0.00,-0.0002,-0.00010,5.000
5,98.450,0.00,-0.0002,-0.00010,5.000
5,98.500,0.00,-0.0002,-0.00010,5.000
5,98.550,0.00,-0.0002,-0.00010,5.000
5,98.600,0.00,-0.0002,-0.00010,5.000
5,98.650,0.00,-0.0002,-0.00010,5.000
5,98.700,0.00,-0.0002,-0.00010,5.000
5,98.750,0.00,-0.0002,-0.00010,5.000
5,98.850,0.00,-0.0002,-0.00010,5.000
5,98.900,0.00,-0.0002,-0.00010,5.000
5,98.950,0.00,-0.0002,-0.00010,5.000
5,99.000,0.00,-0.0002,-0.00010,5.000
5,99.050,0.00,-0.0002,-0.00010,5.000
5,99.100,-0.01,-0.0002,-0.00010,5.000
5,99.150,0.00,-0.0002,-0.00010,5.000
5,99.200,0.00,-0.0002,-0.00010,5.000
5,99.250,0.00,-0.0002,-0.00010,5.000
5,99.300,0.00,-0.0002,-0.00010,5.000
5,99.350,0.00,-0.0002,-0.00010,5.000
5,99.400,0.00,-0.0002,-0.00010,5.000
5,99.450,0.00,-0.0002,-0.00010,5.000
5,99.500,-0.01,-0.0002,-0.00010,5.000
5,99.550,-0.01,-0.0002,-0.00010,5.000
5,99.600,0.00,-0.0002,-0.00010,5.000
5,99.650,0.00,-0.0002,-0.00010,5.000
5,99.700,0.00,-0.0002,-0.00010,5.000
5,99.750,0.00,-0.0002,-0.00010,5.000


