""
"Test Method","Radhen_Load_Cntrl_Cmprsn_250N_12-7.msm"
"Sample I. D.","Sample1.mss"
"Specimen Number","8"

"TheCycle_Output ()","_Time (s)","_Load (N)","_Extension (mm)","RealTimeDepth (mm)","CycleNumber ()"

1,0.250,0.00,0.0122,0.01220,1.000
1,0.300,-0.01,0.0616,0.06160,1.000
1,0.350,0.00,0.1114,0.11140,1.000
1,0.400,0.00,0.1616,0.16160,1.000
1,0.450,0.00,0.2116,0.21160,1.000
1,0.500,0.00,0.2617,0.26170,1.000
1,0.550,0.00,0.3117,0.31170,1.000
1,0.600,-0.01,0.3618,0.36180,1.000
1,0.650,0.00,0.4118,0.41180,1.000
1,0.700,0.00,0.4619,0.46190,1.000
1,0.750,0.00,0.5117,0.51170,1.000
1,0.800,0.00,0.5617,0.56170,1.000
1,0.850,0.00,0.6119,0.61190,1.000
1,0.900,0.00,0.6618,0.66180,1.000
1,0.950,0.00,0.7118,0.71180,1.000
1,1.000,-0.01,0.7618,0.76180,1.000
1,1.050,0.00,0.8118,0.81180,1.000
1,1.100,-0.01,0.8620,0.86200,1.000
1,1.150,0.00,0.9118,0.91180,1.000
1,1.200,0.00,0.9618,0.96180,1.000
1,1.250,-0.01,1.0119,1.01190,1.000
1,1.300,0.00,1.0618,1.06180,1.000
1,1.350,0.00,1.1116,1.11160,1.000
1,1.400,0.00,1.1618,1.16180,1.000
1,1.450,-0.01,1.2118,1.21180,1.000
1,1.500,0.00,1.2619,1.26190,1.000
1,1.550,0.00,1.3117,1.31170,1.000
1,1.600,-0.01,1.3618,1.36180,1.000
1,1.650,0.00,1.4117,1.41170,1.000
1,1.700,0.00,1.4618,1.46180,1.000
1,1.750,0.00,1.5117,1.51170,1.000
1,1.800,-0.01,1.5618,1.56180,1.000
1,1.850,-0.01,1.6119,1.61190,1.000
1,1.900,0.00,1.6619,1.66190,1.000
1,1.950,-0.01,1.7118,1.71180,1.000
1,2.000,-0.01,1.7617,1.76170,1.000
1,2.050,-0.01,1.8119,1.81190,1.000
1,2.100,-0.01,1.8619,1.86190,1.000
1,2.150,0.00,1.9117,1.91170,1.000
1,2.200,0.00,1.9618,1.96180,1.000
1,2.250,0.00,2.0118,2.01180,1.000
1,2.300,0.00,2.0619,2.06190,1.000
1,2.350,0.00,2.1117,2.11170,1.000
1,2.400,-0.01,2.1619,2.16190,1.000
1,2.450,0.00,2.2118,2.21180,1.000
1,2.500,0.00,2.2618,2.26180,1.000
1,2.550,0.00,2.3117,2.31170,1.000
1,2.600,0.00,2.3618,2.36180,1.000
1,2.650,0.00,2.4117,2.41170,1.000
1,2.700,-0.01,2.4620,2.46200,1.000
1,2.750,0.00,2.5119,2.51190,1.000
1,2.800,0.00,2.5617,2.56170,1.000
1,2.850,0.00,2.6119,2.61190,1.000
1,2.900,0.00,2.6618,2.66180,1.000
1,2.950,0.00,2.7119,2.71190,1.000
1,3.000,0.00,2.7617,2.76170,1.000
1,3.050,0.00,2.8118,2.81180,1.000
1,3.100,0.00,2.8619,2.86190,1.000
1,3.150,0.00,2.9118,2.91180,1.000
1,3.200,0.00,2.9618,2.96180,1.000
1,3.250,0.00,3.0118,3.01180,1.000
1,3.300,0.00,3.0618,3.06180,1.000
1,3.350,0.00,3.1118,3.11180,1.000
1,3.400,0.00,3.1617,3.16170,1.000
1,3.450,0.00,3.2119,3.21190,1.000
1,3.500,0.00,3.2620,3.26200,1.000
1,3.550,0.00,3.3118,3.31180,1.000
1,3.600,0.00,3.3618,3.36180,1.000
1,3.650,-0.01,3.4118,3.41180,1.000
1,3.700,0.00,3.4619,3.46190,1.000
1,3.750,0.00,3.5118,3.51180,1.000
1,3.800,-0.01,3.5617,3.56170,1.000
1,3.850,-0.01,3.6118,3.61180,1.000
1,3.900,0.00,3.6618,3.66180,1.000
1,3.950,0.00,3.7118,3.71180,1.000
1,4.000,0.00,3.7617,3.76170,1.000
1,4.050,0.00,3.8119,3.81190,1.000
1,4.100,0.00,3.8620,3.86200,1.000
1,4.150,-0.01,3.9120,3.91200,1.000
1,4.200,0.00,3.9618,3.96180,1.000
1,4.250,0.00,4.0119,4.01190,1.000
1,4.300,0.00,4.0619,4.06190,1.000
1,4.350,0.00,4.1119,4.11190,1.000
1,4.400,0.00,4.1618,4.16180,1.000
1,4.450,0.00,4.2120,4.21200,1.000
1,4.500,0.00,4.2619,4.26190,1.000
1,4.550,0.00,4.3119,4.31190,1.000
1,4.600,-0.01,4.3617,4.36170,1.000
1,4.650,-0.01,4.4118,4.41180,1.000
1,4.700,0.00,4.4620,4.46200,1.000
1,4.750,0.00,4.5120,4.51200,1.000
1,4.800,-0.01,4.5618,4.56180,1.000
1,4.850,-0.01,4.6118,4.61180,1.000
1,4.900,0.00,4.6619,4.66190,1.000
1,4.950,-0.01,4.7120,4.71200,1.000
1,5.000,0.00,4.7618,4.76180,1.000
1,5.050,0.00,4.8120,4.81200,1.000
1,5.100,0.00,4.8619,4.86190,1.000
1,5.150,0.00,4.9119,4.91190,1.000
1,5.200,0.00,4.9618,4.96180,1.000
1,5.250,0.00,5.0118,5.01180,1.000
1,5.300,0.00,5.0620,5.06200,1.000
1,5.350,0.00,5.1120,5.11200,1.000
1,5.400,0.00,5.1618,5.16180,1.000
1,5.450,0.00,5.2119,5.21190,1.000
1,5.500,0.00,5.2619,5.26190,1.000
1,5.550,-0.01,5.3120,5.31200,1.000
1,5.600,0.00,5.3619,5.36190,1.000
1,5.650,0.00,5.4120,5.41200,1.000
1,5.700,0.00,5.4620,5.46200,1.000
1,5.750,0.00,5.5122,5.51220,1.000
1,5.800,0.00,5.5620,5.56200,1.000
1,5.850,0.00,5.6119,5.61190,1.000
1,5.900,0.00,5.6620,5.66200,1.000
1,5.950,0.00,5.7120,5.71200,1.000
1,6.000,0.00,5.7618,5.76180,1.000
1,6.050,0.00,5.8118,5.81180,1.000
1,6.100,0.00,5.8619,5.86190,1.000
1,6.150,0.00,5.9118,5.91180,1.000
1,6.200,0.00,5.9618,5.96180,1.000
1,6.250,0.00,6.0119,6.01190,1.000
1,6.300,-0.01,6.0619,6.06190,1.000
1,6.350,0.00,6.1121,6.11210,1.000
1,6.400,0.00,6.1619,6.16190,1.000
1,6.450,0.00,6.2118,6.21180,1.000
1,6.500,0.00,6.2619,6.26190,1.000
1,6.550,-0.01,6.3120,6.31200,1.000
1,6.600,0.00,6.3619,6.36190,1.000
1,6.650,0.00,6.4120,6.41200,1.000
1,6.700,0.00,6.4619,6.46190,1.000
1,6.750,0.02,6.5121,6.51210,1.000
1,6.800,0.06,6.5619,6.56190,1.000
1,6.850,0.11,6.6119,6.61190,1.000
1,6.900,0.19,6.6620,6.66200,1.000
1,6.950,0.27,6.7121,6.71210,1.000
1,7.000,0.37,6.7619,6.76190,1.000
1,7.050,0.50,6.8118,6.81180,1.000
1,7.100,0.66,6.8618,6.86180,1.000
1,7.150,0.84,6.9119,6.91190,1.000
1,7.200,1.04,6.9618,6.96180,1.000
1,7.250,1.27,7.0118,7.01180,1.000
1,7.300,1.52,7.0619,7.06190,1.000
1,7.350,1.79,7.1120,7.11200,1.000
1,7.400,2.09,7.1618,7.16180,1.000
1,7.450,2.42,7.2118,7.21180,1.000
1,7.500,2.79,7.2620,7.26200,1.000
1,7.550,3.18,7.3120,7.31200,1.000
1,7.600,3.63,7.3619,7.36190,1.000
1,7.650,4.11,7.4119,7.41190,1.000
1,7.700,4.63,7.4621,7.46210,1.000
1,7.750,5.18,7.5121,7.51210,1.000
1,7.800,5.78,7.5619,7.56190,1.000
1,7.850,6.42,7.6118,7.61180,1.000
1,7.900,7.13,7.6620,7.66200,1.000
1,7.950,7.87,7.7121,7.71210,1.000
1,8.000,8.68,7.7619,7.76190,1.000
1,8.050,9.55,7.8119,7.81190,1.000
1,8.100,10.49,7.8620,7.86200,1.000
1,8.150,11.49,7.9120,7.91200,1.000
1,8.200,12.57,7.9619,7.96190,1.000
1,8.250,13.75,8.0117,8.01170,1.000
1,8.300,15.02,8.0619,8.06190,1.000
1,8.350,16.37,8.1119,8.11190,1.000
1,8.400,17.83,8.1619,8.16190,1.000
1,8.450,19.38,8.2118,8.21180,1.000
1,8.500,21.03,8.2619,8.26190,1.000
1,8.550,22.79,8.3119,8.31190,1.000
1,8.600,24.67,8.3620,8.36200,1.000
1,8.650,26.65,8.4117,8.41170,1.000
1,8.700,28.75,8.4620,8.46200,1.000
1,8.750,30.96,8.5119,8.51190,1.000
1,8.800,33.34,8.5619,8.56190,1.000
1,8.850,35.97,8.6119,8.61190,1.000
1,8.900,38.79,8.6620,8.66200,1.000
1,8.950,41.78,8.7120,8.71200,1.000
1,9.000,44.95,8.7620,8.76200,1.000
1,9.050,48.29,8.8118,8.81180,1.000
1,9.150,53.28,8.8773,8.87730,1.000
1,9.200,47.76,8.8368,8.83680,1.000
1,9.250,41.03,8.7867,8.78670,1.000
1,9.300,35.95,8.7368,8.73680,1.000
1,9.350,31.81,8.6867,8.68670,1.000
1,9.400,28.34,8.6369,8.63690,1.000
1,9.450,25.41,8.5868,8.58680,1.000
1,9.500,22.90,8.5368,8.53680,1.000
1,9.550,20.67,8.4866,8.48660,1.000
1,9.600,18.68,8.4368,8.43680,1.000
1,9.650,16.91,8.3869,8.38690,1.000
1,9.700,15.31,8.3366,8.33660,1.000
1,9.750,13.88,8.2866,8.28660,1.000
1,9.800,12.58,8.2368,8.23680,1.000
1,9.850,11.41,8.1869,8.18690,1.000
1,9.900,10.34,8.1367,8.13670,1.000
1,9.950,9.36,8.0865,8.08650,1.000
1,10.000,8.48,8.0367,8.03670,1.000
1,10.050,7.68,7.9867,7.98670,1.000
1,10.100,6.96,7.9366,7.93660,1.000
1,10.150,6.31,7.8866,7.88660,1.000
1,10.200,5.72,7.8366,7.83660,1.000
1,10.250,5.19,7.7868,7.78680,1.000
1,10.300,4.70,7.7367,7.73670,1.000
1,10.350,4.24,7.6865,7.68650,1.000
1,10.400,3.80,7.6367,7.63670,1.000
1,10.450,3.39,7.5866,7.58660,1.000
1,10.500,3.03,7.5366,7.53660,1.000
1,10.550,2.70,7.4866,7.48660,1.000
1,10.600,2.39,7.4366,7.43660,1.000
1,10.650,2.12,7.3868,7.38680,1.000
1,10.700,1.88,7.3366,7.33660,1.000
1,10.750,1.68,7.2864,7.28640,1.000
1,10.800,1.50,7.2366,7.23660,1.000
1,10.850,1.28,7.1866,7.18660,1.000
1,10.900,1.07,7.1366,7.13660,1.000
1,10.950,0.88,7.0865,7.08650,1.000
1,11.000,0.72,7.0366,7.03660,1.000
1,11.050,0.58,6.9867,6.98670,1.000
1,11.100,0.46,6.9364,6.93640,1.000
1,11.150,0.35,6.8863,6.88630,1.000
1,11.200,0.25,6.8364,6.83640,1.000
1,11.250,0.17,6.7866,6.78660,1.000
1,11.300,0.11,6.7364,6.73640,1.000
1,11.350,0.07,6.6864,6.68640,1.000
1,11.400,0.02,6.6366,6.63660,1.000
1,11.450,0.00,6.5865,6.58650,1.000
1,11.500,-0.01,6.5367,6.53670,1.000
1,11.550,-0.01,6.4864,6.48640,1.000
1,11.600,-0.01,6.4366,6.43660,1.000
1,11.650,-0.01,6.3867,6.38670,1.000
1,11.700,-0.01,6.3365,6.33650,1.000
1,11.750,-0.01,6.2863,6.28630,1.000
1,11.800,-0.01,6.2365,6.23650,1.000
1,11.850,0.00,6.1866,6.18660,1.000
1,11.900,-0.01,6.1365,6.13650,1.000
1,11.950,0.00,6.0864,6.08640,1.000
1,12.000,0.00,6.0365,6.03650,1.000
1,12.050,-0.01,5.9864,5.98640,1.000
1,12.100,0.00,5.9363,5.93630,1.000
1,12.150,0.00,5.8862,5.88620,1.000
1,12.200,0.00,5.8364,5.83640,1.000
1,12.250,-0.01,5.7865,5.78650,1.000
1,12.300,0.00,5.7364,5.73640,1.000
1,12.350,0.00,5.6862,5.68620,1.000
1,12.400,0.00,5.6364,5.63640,1.000
1,12.450,0.00,5.5865,5.58650,1.000
1,12.500,0.00,5.5365,5.53650,1.000
1,12.550,0.00,5.4864,5.48640,1.000
1,12.600,0.00,5.4365,5.43650,1.000
1,12.650,0.00,5.3866,5.38660,1.000
1,12.700,-0.01,5.3364,5.33640,1.000
1,12.750,-0.01,5.2863,5.28630,1.000
1,12.800,-0.01,5.2364,5.23640,1.000
1,12.850,-0.01,5.1864,5.18640,1.000
1,12.900,0.00,5.1364,5.13640,1.000
1,12.950,0.00,5.0862,5.08620,1.000
1,13.000,0.00,5.0363,5.03630,1.000
1,13.050,-0.01,4.9863,4.98630,1.000
1,13.100,0.00,4.9364,4.93640,1.000
1,13.150,0.00,4.8862,4.88620,1.000
1,13.200,-0.01,4.8363,4.83630,1.000
1,13.250,0.00,4.7864,4.78640,1.000
1,13.300,0.00,4.7364,4.73640,1.000
1,13.350,0.00,4.6863,4.68630,1.000
1,13.400,0.00,4.6364,4.63640,1.000
1,13.450,0.00,4.5865,4.58650,1.000
1,13.500,0.00,4.5365,4.53650,1.000
1,13.550,0.00,4.4863,4.48630,1.000
1,13.600,-0.01,4.4362,4.43620,1.000
1,13.650,-0.01,4.3864,4.38640,1.000
1,13.700,0.00,4.3362,4.33620,1.000
1,13.750,0.00,4.2861,4.28610,1.000
1,13.800,-0.01,4.2364,4.23640,1.000
1,13.850,-0.01,4.1864,4.18640,1.000
1,13.900,-0.01,4.1365,4.13650,1.000
1,13.950,-0.01,4.0863,4.08630,1.000
1,14.000,0.00,4.0363,4.03630,1.000
1,14.050,-0.01,3.9864,3.98640,1.000
1,14.100,0.00,3.9365,3.93650,1.000
1,14.150,0.00,3.8863,3.88630,1.000
1,14.200,-0.01,3.8364,3.83640,1.000
1,14.250,-0.01,3.7864,3.78640,1.000
1,14.300,0.00,3.7363,3.73630,1.000
1,14.350,0.00,3.6862,3.68620,1.000
1,14.400,-0.01,3.6363,3.63630,1.000
1,14.450,0.00,3.5864,3.58640,1.000
1,14.500,0.00,3.5363,3.53630,1.000
1,14.550,0.00,3.4861,3.48610,1.000
1,14.600,-0.01,3.4362,3.43620,1.000
1,14.650,-0.01,3.3863,3.38630,1.000
1,14.700,0.00,3.3363,3.33630,1.000
1,14.750,-0.01,3.2864,3.28640,1.000
1,14.800,-0.01,3.2362,3.23620,1.000
1,14.850,0.00,3.1863,3.18630,1.000
1,14.900,0.00,3.1363,3.13630,1.000
1,14.950,0.00,3.0861,3.08610,1.000
1,15.000,-0.01,3.0361,3.03610,1.000
1,15.050,0.00,2.9863,2.98630,1.000
1,15.100,-0.01,2.9363,2.93630,1.000
1,15.150,-0.01,2.8862,2.88620,1.000
1,15.200,-0.01,2.8361,2.83610,1.000
1,15.250,0.00,2.7864,2.78640,1.000
1,15.300,0.00,2.7363,2.73630,1.000
1,15.350,-0.01,2.6862,2.68620,1.000
1,15.400,-0.01,2.6361,2.63610,1.000
1,15.450,0.00,2.5863,2.58630,1.000
1,15.500,0.00,2.5363,2.53630,1.000
1,15.550,-0.01,2.4863,2.48630,1.000
1,15.600,0.00,2.4362,2.43620,1.000
1,15.650,-0.01,2.3863,2.38630,1.000
1,15.700,0.00,2.3362,2.33620,1.000
1,15.750,0.00,2.2862,2.28620,1.000
1,15.800,0.00,2.2360,2.23600,1.000
1,15.850,-0.01,2.1862,2.18620,1.000
1,15.900,0.00,2.1363,2.13630,1.000
1,15.950,-0.01,2.0861,2.08610,1.000
1,16.000,-0.01,2.0361,2.03610,1.000
1,16.050,0.00,1.9863,1.98630,1.000
1,16.100,0.00,1.9363,1.93630,1.000
1,16.150,0.00,1.8862,1.88620,1.000
1,16.200,0.00,1.8361,1.83610,1.000
1,16.250,-0.01,1.7862,1.78620,1.000
1,16.300,0.00,1.7363,1.73630,1.000
1,16.350,-0.01,1.6862,1.68620,1.000
1,16.400,-0.01,1.6360,1.63600,1.000
1,16.450,0.00,1.5863,1.58630,1.000
1,16.500,-0.01,1.5362,1.53620,1.000
1,16.550,-0.01,1.4862,1.48620,1.000
1,16.600,-0.01,1.4360,1.43600,1.000
1,16.650,-0.01,1.3862,1.38620,1.000
1,16.700,0.00,1.3362,1.33620,1.000
1,16.750,-0.01,1.2862,1.28620,1.000
1,16.800,-0.01,1.2360,1.23600,1.000
1,16.850,-0.01,1.1861,1.18610,1.000
1,16.900,-0.01,1.1361,1.13610,1.000
1,16.950,0.00,1.0861,1.08610,1.000
1,17.000,-0.01,1.0360,1.03600,1.000
1,17.050,0.00,0.9862,0.98620,1.000
1,17.100,-0.01,0.9362,0.93620,1.000
1,17.150,0.00,0.8863,0.88630,1.000
1,17.200,0.00,0.8360,0.83600,1.000
1,17.250,0.00,0.7862,0.78620,1.000
1,17.300,0.00,0.7363,0.73630,1.000
1,17.350,0.00,0.6862,0.68620,1.000
1,17.400,0.00,0.6360,0.63600,1.000
1,17.450,0.00,0.5862,0.58620,1.000
1,17.500,0.00,0.5363,0.53630,1.000
1,17.550,0.00,0.4861,0.48610,1.000
1,17.600,0.00,0.4360,0.43600,1.000
1,17.650,0.00,0.3861,0.38610,1.000
1,17.700,0.00,0.3362,0.33620,1.000
1,17.750,-0.01,0.2862,0.28620,1.000
1,17.800,0.00,0.2359,0.23590,1.000
1,17.850,0.00,0.1860,0.18600,1.000
1,17.900,0.00,0.1360,0.13600,1.000
1,17.950,-0.01,0.0861,0.08610,1.000
1,18.000,0.00,0.0360,0.03600,1.000
1,18.100,0.00,-0.0413,-0.04130,1.000
1,18.150,0.00,-0.0094,-0.00940,1.000
1,18.200,-0.01,-0.0004,-0.00040,1.000
1,18.250,0.00,-0.0004,-0.00040,1.000
1,18.300,-0.01,-0.0004,-0.00040,1.000
1,18.350,0.00,-0.0004,-0.00040,1.000
1,18.400,-0.01,-0.0004,-0.00040,1.000
1,18.450,0.00,-0.0004,-0.00040,1.000
1,18.500,-0.01,-0.0004,-0.00040,1.000
1,18.550,0.00,-0.0004,-0.00040,1.000
1,18.600,-0.01,-0.0004,-0.00040,1.000
1,18.650,0.00,-0.0004,-0.00040,1.000
1,18.700,0.00,-0.0004,-0.00040,1.000
1,18.750,-0.01,-0.0004,-0.00040,1.000
1,18.800,-0.01,-0.0004,-0.00040,1.000
1,18.850,0.00,-0.0004,-0.00040,1.000
1,18.900,0.00,-0.0004,-0.00040,1.000
1,18.950,0.00,-0.0004,-0.00040,1.000
1,19.000,-0.01,-0.0004,-0.00040,1.000
1,19.050,0.00,-0.0004,-0.00040,1.000
1,19.100,-0.01,-0.0004,-0.00040,1.000
1,19.150,-0.01,-0.0004,-0.00040,1.000
1,19.200,-0.01,-0.0004,-0.00040,1.000
1,19.250,0.00,-0.0004,-0.00040,1.000
1,19.300,0.00,-0.0004,-0.00040,1.000
1,19.350,0.00,-0.0004,-0.00040,1.000
1,19.400,0.00,-0.0004,-0.00040,1.000
1,19.450,0.00,-0.0004,-0.00040,1.000
1,19.500,-0.01,-0.0004,-0.00040,1.000
1,19.550,0.00,-0.0004,-0.00040,1.000
1,19.600,0.00,-0.0004,-0.00040,1.000
1,19.650,0.00,-0.0004,-0.00040,1.000
1,19.700,-0.01,-0.0004,-0.00040,1.000
1,19.750,0.00,-0.0004,-0.00040,1.000
1,19.800,0.00,-0.0004,-0.00040,1.000
1,19.850,-0.01,-0.0004,-0.00040,1.000
1,19.900,-0.01,-0.0004,-0.00040,1.000
1,19.950,-0.01,-0.0004,-0.00040,1.000
1,20.000,0.00,-0.0003,-0.00030,1.000
1,20.050,0.00,-0.0003,-0.00030,1.000
1,20.100,-0.01,-0.0003,-0.00030,1.000
1,20.150,0.00,-0.0003,-0.00030,1.000
1,20.200,0.00,-0.0003,-0.00030,1.000
1,20.250,0.00,-0.0003,-0.00030,1.000
1,20.300,0.00,-0.0003,-0.00030,1.000
1,20.350,0.00,-0.0003,-0.00030,1.000
1,20.400,-0.01,-0.0003,-0.00030,1.000
1,20.450,0.00,-0.0003,-0.00030,1.000
1,20.500,0.00,-0.0003,-0.00030,1.000
1,20.550,0.00,-0.0003,-0.00030,1.000
1,20.600,0.00,-0.0003,-0.00030,1.000
1,20.650,0.00,-0.0003,-0.00030,1.000
1,20.700,0.00,-0.0003,-0.00030,1.000
1,20.750,0.00,-0.0003,-0.00030,1.000
1,20.800,-0.01,-0.0003,-0.00030,1.000
1,20.850,0.00,-0.0003,-0.00030,1.000
1,20.900,0.00,-0.0003,-0.00030,1.000
1,20.950,0.00,-0.0003,-0.00030,1.000
1,21.000,0.00,-0.0003,-0.00030,1.000
1,21.050,0.00,-0.0003,-0.00030,1.000
1,21.150,0.00,-0.0003,-0.00030,1.000
1,21.200,0.00,-0.0003,-0.00030,1.000
1,21.250,0.00,-0.0003,-0.00030,1.000
1,21.300,-0.01,-0.0003,-0.00030,1.000
1,21.350,0.00,-0.0003,-0.00030,1.000
1,21.400,0.00,-0.0003,-0.00030,1.000
1,21.450,0.00,-0.0003,-0.00030,1.000
1,21.500,0.00,-0.0003,-0.00030,1.000
1,21.550,0.00,-0.0003,-0.00030,1.000
1,21.600,0.00,-0.0003,-0.00030,1.000
1,21.650,0.00,-0.0003,-0.00030,1.000
1,21.700,0.00,-0.0003,-0.00030,1.000
1,21.750,0.00,-0.0003,-0.00030,1.000
1,21.800,0.00,-0.0003,-0.00030,1.000
1,21.850,0.00,-0.0002,-0.00020,1.000
1,21.900,0.00,-0.0002,-0.00020,1.000
1,21.950,0.00,-0.0002,-0.00020,1.000
1,22.000,0.00,-0.0002,-0.00020,1.000
1,22.050,0.00,-0.0002,-0.00020,1.000
1,22.100,0.00,-0.0002,-0.00020,1.000
2,22.350,0.00,0.0518,0.05190,2.000
2,22.400,0.00,0.1014,0.10150,2.000
2,22.450,0.00,0.1515,0.15160,2.000
2,22.500,0.00,0.2015,0.20160,2.000
2,22.550,0.00,0.2516,0.25170,2.000
2,22.600,0.00,0.3018,0.30190,2.000
2,22.650,0.00,0.3516,0.35170,2.000
2,22.700,0.00,0.4015,0.40160,2.000
2,22.750,0.00,0.4518,0.45190,2.000
2,22.800,0.00,0.5017,0.50180,2.000
2,22.850,0.01,0.5516,0.55170,2.000
2,22.900,0.00,0.6016,0.60170,2.000
2,22.950,0.00,0.6518,0.65190,2.000
2,23.000,0.00,0.7018,0.70190,2.000
2,23.050,0.00,0.7516,0.75170,2.000
2,23.100,0.00,0.8017,0.80180,2.000
2,23.150,0.00,0.8519,0.85200,2.000
2,23.200,0.01,0.9018,0.90190,2.000
2,23.250,0.00,0.9517,0.95180,2.000
2,23.300,0.00,1.0017,1.00180,2.000
2,23.350,0.00,1.0517,1.05180,2.000
2,23.400,0.00,1.1016,1.10170,2.000
2,23.450,0.01,1.1515,1.15160,2.000
2,23.500,0.00,1.2016,1.20170,2.000
2,23.550,0.00,1.2518,1.25190,2.000
2,23.600,0.01,1.3018,1.30190,2.000
2,23.650,0.00,1.3518,1.35190,2.000
2,23.700,0.00,1.4016,1.40170,2.000
2,23.750,0.00,1.4517,1.45180,2.000
2,23.800,0.00,1.5017,1.50180,2.000
2,23.850,0.00,1.5516,1.55170,2.000
2,23.900,0.00,1.6017,1.60180,2.000
2,23.950,0.00,1.6517,1.65180,2.000
2,24.000,0.00,1.7019,1.70200,2.000
2,24.050,0.00,1.7517,1.75180,2.000
2,24.100,0.00,1.8016,1.80170,2.000
2,24.150,0.00,1.8517,1.85180,2.000
2,24.200,0.00,1.9018,1.90190,2.000
2,24.250,0.00,1.9517,1.95180,2.000
2,24.300,0.00,2.0016,2.00170,2.000
2,24.350,0.00,2.0517,2.05180,2.000
2,24.400,0.00,2.1019,2.10200,2.000
2,24.450,0.00,2.1517,2.15180,2.000
2,24.500,0.00,2.2017,2.20180,2.000
2,24.550,0.00,2.2518,2.25190,2.000
2,24.600,0.00,2.3017,2.30180,2.000
2,24.650,0.00,2.3516,2.35170,2.000
2,24.700,0.00,2.4016,2.40170,2.000
2,24.750,0.00,2.4518,2.45190,2.000
2,24.800,0.00,2.5018,2.50190,2.000
2,24.850,0.00,2.5517,2.55180,2.000
2,24.900,0.00,2.6017,2.60180,2.000
2,24.950,0.00,2.6518,2.65190,2.000
2,25.000,0.00,2.7018,2.70190,2.000
2,25.050,0.00,2.7518,2.75190,2.000
2,25.100,0.00,2.8016,2.80170,2.000
2,25.150,0.00,2.8517,2.85180,2.000
2,25.200,0.00,2.9019,2.90200,2.000
2,25.250,0.00,2.9518,2.95190,2.000
2,25.300,0.00,3.0017,3.00180,2.000
2,25.350,0.00,3.0517,3.05180,2.000
2,25.400,0.00,3.1018,3.10190,2.000
2,25.450,0.00,3.1517,3.15180,2.000
2,25.500,0.00,3.2018,3.20190,2.000
2,25.550,0.00,3.2519,3.25200,2.000
2,25.600,0.00,3.3018,3.30190,2.000
2,25.650,0.00,3.3518,3.35190,2.000
2,25.700,0.00,3.4018,3.40190,2.000
2,25.750,0.00,3.4517,3.45180,2.000
2,25.800,0.00,3.5018,3.50190,2.000
2,25.850,0.00,3.5518,3.55190,2.000
2,25.900,0.00,3.6016,3.60170,2.000
2,25.950,0.00,3.6517,3.65180,2.000
2,26.000,0.00,3.7018,3.70190,2.000
2,26.050,0.00,3.7517,3.75180,2.000
2,26.100,0.00,3.8018,3.80190,2.000
2,26.150,0.00,3.8519,3.85200,2.000
2,26.200,0.00,3.9019,3.90200,2.000
2,26.250,0.00,3.9519,3.95200,2.000
2,26.300,0.00,4.0017,4.00180,2.000
2,26.350,0.00,4.0518,4.05190,2.000
2,26.400,0.00,4.1019,4.10200,2.000
2,26.450,0.00,4.1519,4.15200,2.000
2,26.500,0.00,4.2019,4.20200,2.000
2,26.550,0.00,4.2518,4.25190,2.000
2,26.600,0.00,4.3019,4.30200,2.000
2,26.650,0.00,4.3518,4.35190,2.000
2,26.700,0.00,4.4017,4.40180,2.000
2,26.750,0.00,4.4517,4.45180,2.000
2,26.800,0.00,4.5020,4.50210,2.000
2,26.850,0.00,4.5519,4.55200,2.000
2,26.900,0.00,4.6019,4.60200,2.000
2,26.950,0.00,4.6518,4.65190,2.000
2,27.000,0.00,4.7020,4.70210,2.000
2,27.050,0.00,4.7520,4.75210,2.000
2,27.100,0.00,4.8018,4.80190,2.000
2,27.150,0.00,4.8519,4.85200,2.000
2,27.200,0.00,4.9018,4.90190,2.000
2,27.250,0.00,4.9520,4.95210,2.000
2,27.300,0.00,5.0018,5.00190,2.000
2,27.350,0.00,5.0518,5.05190,2.000
2,27.400,0.00,5.1019,5.10200,2.000
2,27.450,0.00,5.1519,5.15200,2.000
2,27.500,0.00,5.2018,5.20190,2.000
2,27.550,0.00,5.2518,5.25190,2.000
2,27.600,0.00,5.3020,5.30210,2.000
2,27.650,0.00,5.3520,5.35210,2.000
2,27.700,0.00,5.4019,5.40200,2.000
2,27.750,0.00,5.4519,5.45200,2.000
2,27.800,0.00,5.5020,5.50210,2.000
2,27.850,0.00,5.5520,5.55210,2.000
2,27.900,0.00,5.6019,5.60200,2.000
2,27.950,0.00,5.6518,5.65190,2.000
2,28.000,0.00,5.7020,5.70210,2.000
2,28.050,-0.01,5.7519,5.75200,2.000
2,28.100,0.00,5.8019,5.80200,2.000
2,28.150,0.00,5.8518,5.85190,2.000
2,28.200,0.00,5.9019,5.90200,2.000
2,28.250,0.00,5.9518,5.95190,2.000
2,28.300,0.00,6.0018,6.00190,2.000
2,28.350,0.00,6.0518,6.05190,2.000
2,28.400,0.00,6.1020,6.10210,2.000
2,28.450,0.00,6.1519,6.15200,2.000
2,28.500,0.00,6.2019,6.20200,2.000
2,28.550,0.00,6.2518,6.25190,2.000
2,28.600,0.00,6.3020,6.30210,2.000
2,28.650,0.00,6.3521,6.35220,2.000
2,28.700,0.00,6.4020,6.40210,2.000
2,28.750,0.00,6.4518,6.45190,2.000
2,28.800,0.00,6.5020,6.50210,2.000
2,28.850,0.02,6.5521,6.55220,2.000
2,28.900,0.07,6.6020,6.60210,2.000
2,28.950,0.13,6.6519,6.65200,2.000
2,29.000,0.20,6.7020,6.70210,2.000
2,29.050,0.28,6.7520,6.75210,2.000
2,29.100,0.40,6.8019,6.80200,2.000
2,29.150,0.53,6.8518,6.85190,2.000
2,29.200,0.68,6.9018,6.90190,2.000
2,29.250,0.86,6.9519,6.95200,2.000
2,29.300,1.06,7.0019,7.00200,2.000
2,29.350,1.29,7.0518,7.05190,2.000
2,29.400,1.54,7.1020,7.10210,2.000
2,29.450,1.82,7.1520,7.15210,2.000
2,29.500,2.14,7.2018,7.20190,2.000
2,29.550,2.48,7.2518,7.25190,2.000
2,29.600,2.85,7.3019,7.30200,2.000
2,29.650,3.26,7.3520,7.35210,2.000
2,29.700,3.69,7.4020,7.40210,2.000
2,29.750,4.17,7.4518,7.45190,2.000
2,29.800,4.68,7.5020,7.50210,2.000
2,29.850,5.24,7.5519,7.55200,2.000
2,29.900,5.84,7.6019,7.60200,2.000
2,29.950,6.49,7.6518,7.65190,2.000
2,30.000,7.20,7.7018,7.70190,2.000
2,30.050,7.96,7.7520,7.75210,2.000
2,30.100,8.77,7.8018,7.80190,2.000
2,30.150,9.66,7.8518,7.85190,2.000
2,30.200,10.59,7.9020,7.90210,2.000
2,30.250,11.60,7.9520,7.95210,2.000
2,30.300,12.67,8.0018,8.00190,2.000
2,30.350,13.83,8.0517,8.05180,2.000
2,30.400,15.06,8.1019,8.10200,2.000
2,30.450,16.35,8.1519,8.15200,2.000
2,30.500,17.75,8.2020,8.20210,2.000
2,30.550,19.21,8.2518,8.25190,2.000
2,30.600,20.77,8.3019,8.30200,2.000
2,30.650,22.44,8.3520,8.35210,2.000
2,30.700,24.22,8.4020,8.40210,2.000
2,30.750,26.13,8.4518,8.45190,2.000
2,30.800,28.16,8.5018,8.50190,2.000
2,30.850,30.34,8.5519,8.55200,2.000
2,30.900,32.80,8.6020,8.60210,2.000
2,30.950,35.49,8.6518,8.65190,2.000
2,31.000,38.47,8.7019,8.70200,2.000
2,31.050,41.73,8.7519,8.75200,2.000
2,31.100,45.36,8.8018,8.80190,2.000
2,31.150,49.33,8.8517,8.85180,2.000
2,31.250,52.49,8.8860,8.88610,2.000
2,31.300,45.34,8.8367,8.83680,2.000
2,31.350,39.27,8.7868,8.78690,2.000
2,31.400,34.53,8.7366,8.73670,2.000
2,31.450,30.62,8.6867,8.68680,2.000
2,31.500,27.32,8.6368,8.63690,2.000
2,31.550,24.56,8.5868,8.58690,2.000
2,31.600,22.13,8.5366,8.53670,2.000
2,31.650,19.98,8.4867,8.48680,2.000
2,31.700,18.05,8.4368,8.43690,2.000
2,31.750,16.34,8.3868,8.38690,2.000
2,31.800,14.80,8.3366,8.33670,2.000
2,31.850,13.42,8.2866,8.28670,2.000
2,31.900,12.16,8.2368,8.23690,2.000
2,31.950,11.03,8.1868,8.18690,2.000
2,32.000,10.00,8.1366,8.13670,2.000
2,32.050,9.06,8.0865,8.08660,2.000
2,32.100,8.20,8.0366,8.03670,2.000
2,32.150,7.44,7.9866,7.98670,2.000
2,32.200,6.76,7.9366,7.93670,2.000
2,32.250,6.12,7.8866,7.88670,2.000
2,32.300,5.54,7.8367,7.83680,2.000
2,32.350,5.02,7.7868,7.78690,2.000
2,32.400,4.55,7.7365,7.73660,2.000
2,32.450,4.09,7.6866,7.68670,2.000
2,32.500,3.66,7.6365,7.63660,2.000
2,32.550,3.29,7.5867,7.58680,2.000
2,32.600,2.95,7.5365,7.53660,2.000
2,32.650,2.62,7.4865,7.48660,2.000
2,32.700,2.32,7.4366,7.43670,2.000
2,32.750,2.07,7.3867,7.38680,2.000
2,32.800,1.85,7.3365,7.33660,2.000
2,32.850,1.66,7.2865,7.28660,2.000
2,32.900,1.43,7.2365,7.23660,2.000
2,32.950,1.22,7.1866,7.18670,2.000
2,33.000,1.02,7.1365,7.13660,2.000
2,33.050,0.84,7.0864,7.08650,2.000
2,33.100,0.69,7.0365,7.03660,2.000
2,33.150,0.55,6.9865,6.98660,2.000
2,33.200,0.43,6.9364,6.93650,2.000
2,33.250,0.33,6.8863,6.88640,2.000
2,33.300,0.23,6.8364,6.83650,2.000
2,33.350,0.16,6.7866,6.78670,2.000
2,33.400,0.10,6.7364,6.73650,2.000
2,33.450,0.06,6.6864,6.68650,2.000
2,33.500,0.03,6.6366,6.63670,2.000
2,33.550,0.00,6.5865,6.58660,2.000
2,33.600,-0.01,6.5364,6.53650,2.000
2,33.650,-0.01,6.4864,6.48650,2.000
2,33.700,-0.01,6.4365,6.43660,2.000
2,33.750,0.00,6.3865,6.38660,2.000
2,33.800,0.00,6.3364,6.33650,2.000
2,33.850,0.00,6.2864,6.28650,2.000
2,33.900,0.00,6.2364,6.23650,2.000
2,33.950,0.00,6.1865,6.18660,2.000
2,34.000,0.00,6.1364,6.13650,2.000
2,34.050,0.00,6.0864,6.08650,2.000
2,34.100,0.00,6.0365,6.03660,2.000
2,34.150,0.00,5.9865,5.98660,2.000
2,34.200,0.00,5.9363,5.93640,2.000
2,34.250,0.00,5.8862,5.88630,2.000
2,34.300,-0.01,5.8364,5.83650,2.000
2,34.350,0.00,5.7864,5.78650,2.000
2,34.400,0.00,5.7364,5.73650,2.000
2,34.450,0.00,5.6863,5.68640,2.000
2,34.500,0.00,5.6363,5.63640,2.000
2,34.550,0.00,5.5864,5.58650,2.000
2,34.600,0.00,5.5364,5.53650,2.000
2,34.650,0.00,5.4865,5.48660,2.000
2,34.700,0.00,5.4365,5.43660,2.000
2,34.750,0.00,5.3866,5.38670,2.000
2,34.800,0.00,5.3364,5.33650,2.000
2,34.850,0.00,5.2863,5.28640,2.000
2,34.900,0.00,5.2364,5.23650,2.000
2,34.950,0.00,5.1864,5.18650,2.000
2,35.000,0.00,5.1364,5.13650,2.000
2,35.050,0.00,5.0862,5.08630,2.000
2,35.100,0.00,5.0364,5.03650,2.000
2,35.150,0.00,4.9863,4.98640,2.000
2,35.200,0.00,4.9364,4.93650,2.000
2,35.250,0.00,4.8863,4.88640,2.000
2,35.300,0.00,4.8364,4.83650,2.000
2,35.350,0.00,4.7865,4.78660,2.000
2,35.400,0.00,4.7364,4.73650,2.000
2,35.450,0.00,4.6862,4.68630,2.000
2,35.500,0.00,4.6364,4.63650,2.000
2,35.550,0.00,4.5865,4.58660,2.000
2,35.600,0.00,4.5364,4.53650,2.000
2,35.650,0.00,4.4862,4.48630,2.000
2,35.700,0.00,4.4363,4.43640,2.000
2,35.750,0.00,4.3863,4.38640,2.000
2,35.800,0.00,4.3362,4.33630,2.000
2,35.850,0.00,4.2862,4.28630,2.000
2,35.900,0.00,4.2364,4.23650,2.000
2,35.950,0.00,4.1865,4.18660,2.000
2,36.000,0.00,4.1365,4.13660,2.000
2,36.050,0.00,4.0862,4.08630,2.000
2,36.100,0.00,4.0363,4.03640,2.000
2,36.150,0.00,3.9863,3.98640,2.000
2,36.200,0.00,3.9364,3.93650,2.000
2,36.250,0.00,3.8862,3.88630,2.000
2,36.300,-0.01,3.8364,3.83650,2.000
2,36.350,0.00,3.7863,3.78640,2.000
2,36.400,0.00,3.7363,3.73640,2.000
2,36.450,0.00,3.6862,3.68630,2.000
2,36.500,0.00,3.6363,3.63640,2.000
2,36.550,0.00,3.5864,3.58650,2.000
2,36.600,0.00,3.5364,3.53650,2.000
2,36.650,0.00,3.4861,3.48620,2.000
2,36.700,0.00,3.4362,3.43630,2.000
2,36.750,0.00,3.3863,3.38640,2.000
2,36.800,0.00,3.3363,3.33640,2.000
2,36.850,0.00,3.2862,3.28630,2.000
2,36.900,0.00,3.2362,3.23630,2.000
2,36.950,0.00,3.1863,3.18640,2.000
2,37.000,0.00,3.1362,3.13630,2.000
2,37.050,0.00,3.0862,3.08630,2.000
2,37.100,0.00,3.0361,3.03620,2.000
2,37.150,0.00,2.9863,2.98640,2.000
2,37.200,0.00,2.9363,2.93640,2.000
2,37.250,0.00,2.8862,2.88630,2.000
2,37.300,0.00,2.8361,2.83620,2.000
2,37.350,0.00,2.7863,2.78640,2.000
2,37.400,0.00,2.7363,2.73640,2.000
2,37.450,0.00,2.6862,2.68630,2.000
2,37.500,0.00,2.6361,2.63620,2.000
2,37.550,0.00,2.5862,2.58630,2.000
2,37.600,0.00,2.5362,2.53630,2.000
2,37.650,0.00,2.4862,2.48630,2.000
2,37.700,0.00,2.4362,2.43630,2.000
2,37.750,0.00,2.3862,2.38630,2.000
2,37.800,0.00,2.3363,2.33640,2.000
2,37.850,0.00,2.2861,2.28620,2.000
2,37.900,0.00,2.2361,2.23620,2.000
2,37.950,0.00,2.1863,2.18640,2.000
2,38.000,0.00,2.1363,2.13640,2.000
2,38.050,0.00,2.0861,2.08620,2.000
2,38.100,0.00,2.0361,2.03620,2.000
2,38.150,0.00,1.9862,1.98630,2.000
2,38.200,0.00,1.9363,1.93640,2.000
2,38.250,0.00,1.8861,1.88620,2.000
2,38.300,0.00,1.8360,1.83610,2.000
2,38.350,0.00,1.7862,1.78630,2.000
2,38.400,0.00,1.7363,1.73640,2.000
2,38.450,0.00,1.6863,1.68640,2.000
2,38.500,0.00,1.6361,1.63620,2.000
2,38.550,0.00,1.5862,1.58630,2.000
2,38.600,0.00,1.5362,1.53630,2.000
2,38.650,0.00,1.4861,1.48620,2.000
2,38.700,0.00,1.4360,1.43610,2.000
2,38.750,0.00,1.3862,1.38630,2.000
2,38.800,0.00,1.3362,1.33630,2.000
2,38.850,0.00,1.2862,1.28630,2.000
2,38.900,0.00,1.2360,1.23610,2.000
2,38.950,0.00,1.1862,1.18630,2.000
2,39.000,0.00,1.1361,1.13620,2.000
2,39.050,0.00,1.0861,1.08620,2.000
2,39.100,0.00,1.0360,1.03610,2.000
2,39.150,0.00,0.9862,0.98630,2.000
2,39.200,0.00,0.9362,0.93630,2.000
2,39.250,0.00,0.8861,0.88620,2.000
2,39.300,0.00,0.8361,0.83620,2.000
2,39.350,0.00,0.7861,0.78620,2.000
2,39.400,0.00,0.7363,0.73640,2.000
2,39.450,0.00,0.6863,0.68640,2.000
2,39.500,0.00,0.6360,0.63610,2.000
2,39.550,0.00,0.5862,0.58630,2.000
2,39.600,0.00,0.5362,0.53630,2.000
2,39.650,0.00,0.4861,0.48620,2.000
2,39.700,0.00,0.4360,0.43610,2.000
2,39.750,0.00,0.3862,0.38630,2.000
2,39.800,0.00,0.3362,0.33630,2.000
2,39.850,0.00,0.2862,0.28630,2.000
2,39.900,0.00,0.2360,0.23610,2.000
2,39.950,0.00,0.1861,0.18620,2.000
2,40.000,0.00,0.1361,0.13620,2.000
2,40.050,0.00,0.0861,0.08620,2.000
2,40.100,0.00,0.0361,0.03620,2.000
2,40.200,0.00,-0.0443,-0.04420,2.000
2,40.250,0.00,-0.0140,-0.01390,2.000
2,40.300,0.00,-0.0005,-0.00040,2.000
2,40.350,0.00,-0.0004,-0.00030,2.000
2,40.400,0.00,-0.0004,-0.00030,2.000
2,40.450,0.00,-0.0004,-0.00030,2.000
2,40.500,0.00,-0.0004,-0.00030,2.000
2,40.550,0.00,-0.0004,-0.00030,2.000
2,40.600,0.00,-0.0004,-0.00030,2.000
2,40.650,0.00,-0.0004,-0.00030,2.000
2,40.700,0.00,-0.0004,-0.00030,2.000
2,40.750,0.00,-0.0004,-0.00030,2.000
2,40.800,0.00,-0.0004,-0.00030,2.000
2,40.850,0.00,-0.0004,-0.00030,2.000
2,40.900,0.00,-0.0004,-0.00030,2.000
2,40.950,0.00,-0.0004,-0.00030,2.000
2,41.000,0.01,-0.0004,-0.00030,2.000
2,41.050,0.00,-0.0004,-0.00030,2.000
2,41.100,0.00,-0.0004,-0.00030,2.000
2,41.150,0.00,-0.0004,-0.00030,2.000
2,41.200,0.00,-0.0004,-0.00030,2.000
2,41.250,0.00,-0.0004,-0.00030,2.000
2,41.300,0.00,-0.0004,-0.00030,2.000
2,41.350,0.00,-0.0004,-0.00030,2.000
2,41.400,0.00,-0.0004,-0.00030,2.000
2,41.450,0.00,-0.0004,-0.00030,2.000
2,41.500,0.00,-0.0004,-0.00030,2.000
2,41.550,0.00,-0.0004,-0.00030,2.000
2,41.600,0.00,-0.0004,-0.00030,2.000
2,41.650,0.00,-0.0004,-0.00030,2.000
2,41.700,0.00,-0.0004,-0.00030,2.000
2,41.750,0.00,-0.0004,-0.00030,2.000
2,41.800,0.00,-0.0004,-0.00030,2.000
2,41.850,0.00,-0.0004,-0.00030,2.000
2,41.900,0.00,-0.0004,-0.00030,2.000
2,41.950,0.00,-0.0004,-0.00030,2.000
2,42.000,-0.01,-0.0004,-0.00030,2.000
2,42.050,0.00,-0.0004,-0.00030,2.000
2,42.100,0.00,-0.0003,-0.00020,2.000
2,42.150,0.00,-0.0003,-0.00020,2.000
2,42.200,0.00,-0.0003,-0.00020,2.000
2,42.250,0.00,-0.0003,-0.00020,2.000
2,42.300,0.00,-0.0003,-0.00020,2.000
2,42.350,0.00,-0.0003,-0.00020,2.000
2,42.400,0.00,-0.0003,-0.00020,2.000
2,42.450,0.00,-0.0003,-0.00020,2.000
2,42.500,0.00,-0.0003,-0.00020,2.000
2,42.550,0.00,-0.0003,-0.00020,2.000
2,42.600,0.00,-0.0003,-0.00020,2.000
2,42.650,0.00,-0.0003,-0.00020,2.000
2,42.700,0.00,-0.0003,-0.00020,2.000
2,42.750,0.00,-0.0003,-0.00020,2.000
2,42.800,0.00,-0.0003,-0.00020,2.000
2,42.850,0.00,-0.0003,-0.00020,2.000
2,42.900,0.00,-0.0003,-0.00020,2.000
2,42.950,0.00,-0.0003,-0.00020,2.000
2,43.000,0.00,-0.0003,-0.00020,2.000
2,43.050,0.00,-0.0003,-0.00020,2.000
2,43.100,0.00,-0.0003,-0.00020,2.000
2,43.150,0.00,-0.0003,-0.00020,2.000
2,43.200,0.00,-0.0003,-0.00020,2.000
2,43.300,0.00,-0.0003,-0.00020,2.000
2,43.350,0.00,-0.0003,-0.00020,2.000
2,43.400,0.00,-0.0003,-0.00020,2.000
2,43.450,0.00,-0.0003,-0.00020,2.000
2,43.500,0.00,-0.0003,-0.00020,2.000
2,43.550,0.00,-0.0003,-0.00020,2.000
2,43.600,0.00,-0.0003,-0.00020,2.000
2,43.650,0.00,-0.0003,-0.00020,2.000
2,43.700,0.00,-0.0003,-0.00020,2.000
2,43.750,0.00,-0.0003,-0.00020,2.000
2,43.800,0.00,-0.0003,-0.00020,2.000
2,43.850,0.00,-0.0002,-0.00010,2.000
2,43.900,-0.01,-0.0002,-0.00010,2.000
2,43.950,0.00,-0.0002,-0.00010,2.000
2,44.000,0.00,-0.0002,-0.00010,2.000
2,44.050,0.00,-0.0002,-0.00010,2.000
2,44.100,0.00,-0.0002,-0.00010,2.000
2,44.150,0.00,-0.0002,-0.00010,2.000
2,44.200,0.00,-0.0002,-0.00010,2.000
3,44.450,0.00,0.0214,0.02150,3.000
3,44.500,-0.01,0.0715,0.07160,3.000
3,44.550,0.00,0.1213,0.12140,3.000
3,44.600,0.00,0.1715,0.17160,3.000
3,44.650,0.00,0.2216,0.22170,3.000
3,44.700,0.00,0.2716,0.27170,3.000
3,44.750,-0.01,0.3216,0.32170,3.000
3,44.800,-0.01,0.3716,0.37170,3.000
3,44.850,0.00,0.4216,0.42170,3.000
3,44.900,-0.01,0.4716,0.47170,3.000
3,44.950,0.00,0.5215,0.52160,3.000
3,45.000,0.00,0.5717,0.57180,3.000
3,45.050,0.00,0.6218,0.62190,3.000
3,45.100,0.00,0.6716,0.67170,3.000
3,45.150,-0.01,0.7216,0.72170,3.000
3,45.200,0.00,0.7717,0.77180,3.000
3,45.250,0.00,0.8218,0.82190,3.000
3,45.300,-0.01,0.8717,0.87180,3.000
3,45.350,0.00,0.9217,0.92180,3.000
3,45.400,0.00,0.9717,0.97180,3.000
3,45.450,-0.01,1.0219,1.02200,3.000
3,45.500,0.00,1.0715,1.07160,3.000
3,45.550,-0.01,1.1215,1.12160,3.000
3,45.600,-0.01,1.1717,1.17180,3.000
3,45.650,0.00,1.2218,1.22190,3.000
3,45.700,-0.01,1.2718,1.27190,3.000
3,45.750,0.00,1.3217,1.32180,3.000
3,45.800,0.00,1.3718,1.37190,3.000
3,45.850,0.00,1.4217,1.42180,3.000
3,45.900,0.00,1.4717,1.47180,3.000
3,45.950,-0.01,1.5216,1.52170,3.000
3,46.000,0.00,1.5717,1.57180,3.000
3,46.050,0.00,1.6218,1.62190,3.000
3,46.100,0.00,1.6717,1.67180,3.000
3,46.150,-0.01,1.7217,1.72180,3.000
3,46.200,0.00,1.7717,1.77180,3.000
3,46.250,0.00,1.8218,1.82190,3.000
3,46.300,-0.01,1.8716,1.87170,3.000
3,46.350,0.00,1.9216,1.92170,3.000
3,46.400,0.00,1.9718,1.97190,3.000
3,46.450,0.00,2.0217,2.02180,3.000
3,46.500,0.00,2.0718,2.07190,3.000
3,46.550,-0.01,2.1216,2.12170,3.000
3,46.600,0.00,2.1718,2.17190,3.000
3,46.650,0.00,2.2218,2.22190,3.000
3,46.700,-0.01,2.2718,2.27190,3.000
3,46.750,0.00,2.3216,2.32170,3.000
3,46.800,0.00,2.3717,2.37180,3.000
3,46.850,0.00,2.4218,2.42190,3.000
3,46.900,-0.01,2.4718,2.47190,3.000
3,46.950,0.00,2.5216,2.52170,3.000
3,47.000,0.00,2.5718,2.57190,3.000
3,47.050,0.00,2.6218,2.62190,3.000
3,47.100,0.00,2.6718,2.67190,3.000
3,47.150,-0.01,2.7217,2.72180,3.000
3,47.200,0.00,2.7717,2.77180,3.000
3,47.250,0.00,2.8218,2.82190,3.000
3,47.300,-0.01,2.8718,2.87190,3.000
3,47.350,0.00,2.9217,2.92180,3.000
3,47.400,0.00,2.9717,2.97180,3.000
3,47.450,0.00,3.0218,3.02190,3.000
3,47.500,0.00,3.0718,3.07190,3.000
3,47.550,0.00,3.1217,3.12180,3.000
3,47.600,0.00,3.1717,3.17180,3.000
3,47.650,0.00,3.2219,3.22200,3.000
3,47.700,-0.01,3.2718,3.27190,3.000
3,47.750,0.00,3.3217,3.32180,3.000
3,47.800,0.00,3.3717,3.37180,3.000
3,47.850,0.00,3.4218,3.42190,3.000
3,47.900,0.00,3.4719,3.47200,3.000
3,47.950,0.00,3.5216,3.52170,3.000
3,48.000,0.00,3.5717,3.57180,3.000
3,48.050,-0.01,3.6218,3.62190,3.000
3,48.100,0.00,3.6718,3.67190,3.000
3,48.150,-0.01,3.7216,3.72170,3.000
3,48.200,0.00,3.7718,3.77190,3.000
3,48.250,0.00,3.8218,3.82190,3.000
3,48.300,0.00,3.8719,3.87200,3.000
3,48.350,-0.01,3.9217,3.92180,3.000
3,48.400,0.00,3.9717,3.97180,3.000
3,48.450,0.00,4.0218,4.02190,3.000
3,48.500,0.00,4.0719,4.07200,3.000
3,48.550,0.00,4.1218,4.12190,3.000
3,48.600,-0.01,4.1719,4.17200,3.000
3,48.650,0.00,4.2219,4.22200,3.000
3,48.700,-0.01,4.2719,4.27200,3.000
3,48.750,-0.01,4.3217,4.32180,3.000
3,48.800,0.00,4.3718,4.37190,3.000
3,48.850,0.00,4.4219,4.42200,3.000
3,48.900,0.00,4.4719,4.47200,3.000
3,48.950,0.00,4.5218,4.52190,3.000
3,49.000,0.00,4.5717,4.57180,3.000
3,49.050,-0.01,4.6219,4.62200,3.000
3,49.100,0.00,4.6719,4.67200,3.000
3,49.150,-0.01,4.7218,4.72190,3.000
3,49.200,0.00,4.7718,4.77190,3.000
3,49.250,0.00,4.8220,4.82210,3.000
3,49.300,0.00,4.8719,4.87200,3.000
3,49.350,0.00,4.9219,4.92200,3.000
3,49.400,0.00,4.9717,4.97180,3.000
3,49.450,0.00,5.0219,5.02200,3.000
3,49.500,0.00,5.0719,5.07200,3.000
3,49.550,0.00,5.1218,5.12190,3.000
3,49.600,0.00,5.1719,5.17200,3.000
3,49.650,0.00,5.2219,5.22200,3.000
3,49.700,0.00,5.2720,5.27210,3.000
3,49.750,-0.01,5.3219,5.32200,3.000
3,49.800,0.00,5.3719,5.37200,3.000
3,49.850,0.00,5.4220,5.42210,3.000
3,49.900,-0.01,5.4721,5.47220,3.000
3,49.950,0.00,5.5220,5.52210,3.000
3,50.000,0.00,5.5718,5.57190,3.000
3,50.050,0.00,5.6220,5.62210,3.000
3,50.100,0.00,5.6720,5.67210,3.000
3,50.150,0.00,5.7220,5.72210,3.000
3,50.200,0.00,5.7717,5.77180,3.000
3,50.250,-0.01,5.8219,5.82200,3.000
3,50.300,0.00,5.8718,5.87190,3.000
3,50.350,0.00,5.9218,5.92190,3.000
3,50.400,0.00,5.9718,5.97190,3.000
3,50.450,0.00,6.0219,6.02200,3.000
3,50.500,0.00,6.0719,6.07200,3.000
3,50.550,0.00,6.1219,6.12200,3.000
3,50.600,0.00,6.1719,6.17200,3.000
3,50.650,0.00,6.2219,6.22200,3.000
3,50.700,0.00,6.2720,6.27210,3.000
3,50.750,0.00,6.3218,6.32190,3.000
3,50.800,0.00,6.3718,6.37190,3.000
3,50.850,-0.01,6.4219,6.42200,3.000
3,50.900,-0.01,6.4720,6.47210,3.000
3,50.950,0.00,6.5219,6.52200,3.000
3,51.000,0.03,6.5718,6.57190,3.000
3,51.050,0.08,6.6220,6.62210,3.000
3,51.100,0.14,6.6720,6.67210,3.000
3,51.150,0.22,6.7219,6.72200,3.000
3,51.200,0.31,6.7718,6.77190,3.000
3,51.250,0.43,6.8219,6.82200,3.000
3,51.300,0.57,6.8719,6.87200,3.000
3,51.350,0.74,6.9219,6.92200,3.000
3,51.400,0.92,6.9718,6.97190,3.000
3,51.450,1.13,7.0219,7.02200,3.000
3,51.500,1.36,7.0719,7.07200,3.000
3,51.550,1.62,7.1219,7.12200,3.000
3,51.600,1.91,7.1717,7.17180,3.000
3,51.650,2.23,7.2218,7.22190,3.000
3,51.700,2.59,7.2719,7.27200,3.000
3,51.750,2.97,7.3219,7.32200,3.000
3,51.800,3.38,7.3717,7.37180,3.000
3,51.850,3.84,7.4220,7.42210,3.000
3,51.900,4.31,7.4720,7.47210,3.000
3,51.950,4.85,7.5219,7.52200,3.000
3,52.000,5.42,7.5718,7.57190,3.000
3,52.050,6.04,7.6218,7.62190,3.000
3,52.100,6.71,7.6720,7.67210,3.000
3,52.150,7.44,7.7219,7.72200,3.000
3,52.200,8.22,7.7719,7.77200,3.000
3,52.250,9.05,7.8219,7.82200,3.000
3,52.300,9.94,7.8719,7.87200,3.000
3,52.350,10.91,7.9220,7.92210,3.000
3,52.400,11.93,7.9717,7.97180,3.000
3,52.450,13.02,8.0218,8.02190,3.000
3,52.500,14.19,8.0719,8.07200,3.000
3,52.550,15.44,8.1218,8.12190,3.000
3,52.600,16.76,8.1718,8.17190,3.000
3,52.650,18.15,8.2219,8.22200,3.000
3,52.700,19.62,8.2719,8.27200,3.000
3,52.750,21.21,8.3220,8.32210,3.000
3,52.800,22.89,8.3718,8.37190,3.000
3,52.850,24.69,8.4219,8.42200,3.000
3,52.900,26.60,8.4719,8.47200,3.000
3,52.950,28.68,8.5219,8.52200,3.000
3,53.000,30.91,8.5718,8.57190,3.000
3,53.050,33.40,8.6219,8.62200,3.000
3,53.100,36.13,8.6719,8.67200,3.000
3,53.150,39.17,8.7220,8.72210,3.000
3,53.200,42.49,8.7718,8.77190,3.000
3,53.250,46.20,8.8218,8.82190,3.000
3,53.300,50.31,8.8718,8.87190,3.000
3,53.400,53.67,8.9043,8.90440,3.000
3,53.450,46.24,8.8545,8.85460,3.000
3,53.500,40.00,8.8047,8.80480,3.000
3,53.550,35.11,8.7547,8.75480,3.000
3,53.600,31.15,8.7048,8.70490,3.000
3,53.650,27.79,8.6547,8.65480,3.000
3,53.700,24.93,8.6047,8.60480,3.000
3,53.750,22.45,8.5548,8.55490,3.000
3,53.800,20.26,8.5047,8.50480,3.000
3,53.850,18.32,8.4546,8.45470,3.000
3,53.900,16.58,8.4047,8.40480,3.000
3,53.950,15.01,8.3548,8.35490,3.000
3,54.000,13.61,8.3047,8.30480,3.000
3,54.050,12.34,8.2546,8.25470,3.000
3,54.100,11.19,8.2046,8.20470,3.000
3,54.150,10.15,8.1547,8.15480,3.000
3,54.200,9.21,8.1047,8.10480,3.000
3,54.250,8.35,8.0545,8.05460,3.000
3,54.300,7.57,8.0046,8.00470,3.000
3,54.350,6.87,7.9547,7.95480,3.000
3,54.400,6.22,7.9048,7.90490,3.000
3,54.450,5.65,7.8545,7.85460,3.000
3,54.500,5.13,7.8046,7.80470,3.000
3,54.550,4.63,7.7547,7.75480,3.000
3,54.600,4.17,7.7047,7.70480,3.000
3,54.650,3.74,7.6544,7.65450,3.000
3,54.700,3.38,7.6045,7.60460,3.000
3,54.750,3.02,7.5547,7.55480,3.000
3,54.800,2.69,7.5047,7.50480,3.000
3,54.850,2.39,7.4545,7.45460,3.000
3,54.900,2.14,7.4046,7.40470,3.000
3,54.950,1.92,7.3546,7.35470,3.000
3,55.000,1.73,7.3045,7.30460,3.000
3,55.050,1.48,7.2543,7.25440,3.000
3,55.100,1.26,7.2046,7.20470,3.000
3,55.150,1.07,7.1546,7.15470,3.000
3,55.200,0.88,7.1046,7.10470,3.000
3,55.250,0.72,7.0544,7.05450,3.000
3,55.300,0.58,7.0044,7.00450,3.000
3,55.350,0.46,6.9545,6.95460,3.000
3,55.400,0.35,6.9045,6.90460,3.000
3,55.450,0.26,6.8542,6.85430,3.000
3,55.500,0.18,6.8044,6.80450,3.000
3,55.550,0.12,6.7545,6.75460,3.000
3,55.600,0.07,6.7045,6.70460,3.000
3,55.650,0.04,6.6544,6.65450,3.000
3,55.700,0.00,6.6044,6.60450,3.000
3,55.750,-0.01,6.5546,6.55470,3.000
3,55.800,-0.01,6.5045,6.50460,3.000
3,55.850,-0.01,6.4544,6.45450,3.000
3,55.900,-0.01,6.4045,6.40460,3.000
3,55.950,-0.01,6.3545,6.35460,3.000
3,56.000,-0.01,6.3045,6.30460,3.000
3,56.050,-0.01,6.2543,6.25440,3.000
3,56.100,0.00,6.2044,6.20450,3.000
3,56.150,0.00,6.1544,6.15450,3.000
3,56.200,-0.01,6.1045,6.10460,3.000
3,56.250,-0.01,6.0543,6.05440,3.000
3,56.300,-0.01,6.0044,6.00450,3.000
3,56.350,-0.01,5.9544,5.95450,3.000
3,56.400,-0.01,5.9044,5.90450,3.000
3,56.450,0.00,5.8542,5.85430,3.000
3,56.500,-0.01,5.8043,5.80440,3.000
3,56.550,-0.01,5.7545,5.75460,3.000
3,56.600,0.00,5.7045,5.70460,3.000
3,56.650,0.00,5.6543,5.65440,3.000
3,56.700,0.00,5.6043,5.60440,3.000
3,56.750,-0.01,5.5545,5.55460,3.000
3,56.800,0.00,5.5046,5.50470,3.000
3,56.850,-0.01,5.4544,5.45450,3.000
3,56.900,0.00,5.4044,5.40450,3.000
3,56.950,-0.01,5.3544,5.35450,3.000
3,57.000,0.00,5.3045,5.30460,3.000
3,57.050,0.00,5.2542,5.25430,3.000
3,57.100,-0.01,5.2044,5.20450,3.000
3,57.150,0.00,5.1543,5.15440,3.000
3,57.200,0.00,5.1044,5.10450,3.000
3,57.250,0.00,5.0543,5.05440,3.000
3,57.300,0.00,5.0043,5.00440,3.000
3,57.350,-0.01,4.9543,4.95440,3.000
3,57.400,0.00,4.9045,4.90460,3.000
3,57.450,-0.01,4.8543,4.85440,3.000
3,57.500,0.00,4.8044,4.80450,3.000
3,57.550,-0.01,4.7543,4.75440,3.000
3,57.600,0.00,4.7045,4.70460,3.000
3,57.650,0.00,4.6543,4.65440,3.000
3,57.700,0.00,4.6043,4.60440,3.000
3,57.750,0.00,4.5544,4.55450,3.000
3,57.800,-0.01,4.5044,4.50450,3.000
3,57.850,0.00,4.4543,4.45440,3.000
3,57.900,-0.01,4.4042,4.40430,3.000
3,57.950,0.00,4.3542,4.35430,3.000
3,58.000,-0.01,4.3043,4.30440,3.000
3,58.050,-0.01,4.2544,4.25450,3.000
3,58.100,0.00,4.2043,4.20440,3.000
3,58.150,0.00,4.1545,4.15460,3.000
3,58.200,-0.01,4.1044,4.10450,3.000
3,58.250,0.00,4.0543,4.05440,3.000
3,58.300,0.00,4.0042,4.00430,3.000
3,58.350,0.00,3.9544,3.95450,3.000
3,58.400,0.00,3.9045,3.90460,3.000
3,58.450,0.00,3.8544,3.85450,3.000
3,58.500,0.00,3.8042,3.80430,3.000
3,58.550,-0.01,3.7543,3.75440,3.000
3,58.600,-0.01,3.7043,3.70440,3.000
3,58.650,-0.01,3.6543,3.65440,3.000
3,58.700,-0.01,3.6042,3.60430,3.000
3,58.750,-0.01,3.5543,3.55440,3.000
3,58.800,0.00,3.5042,3.50430,3.000
3,58.850,-0.01,3.4543,3.45440,3.000
3,58.900,0.00,3.4041,3.40420,3.000
3,58.950,-0.01,3.3542,3.35430,3.000
3,59.000,0.00,3.3043,3.30440,3.000
3,59.050,-0.01,3.2543,3.25440,3.000
3,59.100,0.00,3.2041,3.20420,3.000
3,59.150,-0.01,3.1543,3.15440,3.000
3,59.200,0.00,3.1042,3.10430,3.000
3,59.250,-0.01,3.0543,3.05440,3.000
3,59.300,-0.01,3.0041,3.00420,3.000
3,59.350,0.00,2.9543,2.95440,3.000
3,59.400,0.00,2.9044,2.90450,3.000
3,59.450,0.00,2.8543,2.85440,3.000
3,59.500,0.00,2.8040,2.80410,3.000
3,59.550,-0.01,2.7542,2.75430,3.000
3,59.600,0.00,2.7042,2.70430,3.000
3,59.650,0.00,2.6543,2.65440,3.000
3,59.700,-0.01,2.6041,2.60420,3.000
3,59.750,-0.01,2.5542,2.55430,3.000
3,59.800,-0.01,2.5043,2.50440,3.000
3,59.850,-0.01,2.4542,2.45430,3.000
3,59.900,-0.01,2.4041,2.40420,3.000
3,59.950,0.00,2.3542,2.35430,3.000
3,60.000,-0.01,2.3042,2.30430,3.000
3,60.050,-0.01,2.2542,2.25430,3.000
3,60.100,-0.01,2.2040,2.20410,3.000
3,60.150,-0.01,2.1542,2.15430,3.000
3,60.200,0.00,2.1042,2.10430,3.000
3,60.250,-0.01,2.0542,2.05430,3.000
3,60.300,-0.01,2.0041,2.00420,3.000
3,60.350,0.00,1.9543,1.95440,3.000
3,60.400,0.00,1.9042,1.90430,3.000
3,60.450,-0.01,1.8543,1.85440,3.000
3,60.500,-0.01,1.8041,1.80420,3.000
3,60.550,0.00,1.7541,1.75420,3.000
3,60.600,0.00,1.7043,1.70440,3.000
3,60.650,0.00,1.6542,1.65430,3.000
3,60.700,0.00,1.6041,1.60420,3.000
3,60.750,-0.01,1.5542,1.55430,3.000
3,60.800,-0.01,1.5041,1.50420,3.000
3,60.850,0.00,1.4543,1.45440,3.000
3,60.900,0.00,1.4041,1.40420,3.000
3,60.950,0.00,1.3542,1.35430,3.000
3,61.000,0.00,1.3041,1.30420,3.000
3,61.050,-0.01,1.2543,1.25440,3.000
3,61.100,0.00,1.2040,1.20410,3.000
3,61.150,0.00,1.1540,1.15410,3.000
3,61.200,0.00,1.1040,1.10410,3.000
3,61.250,0.00,1.0542,1.05430,3.000
3,61.300,0.00,1.0041,1.00420,3.000
3,61.350,0.00,0.9540,0.95410,3.000
3,61.400,-0.01,0.9043,0.90440,3.000
3,61.450,0.00,0.8542,0.85430,3.000
3,61.500,0.00,0.8040,0.80410,3.000
3,61.550,-0.01,0.7542,0.75430,3.000
3,61.600,0.00,0.7043,0.70440,3.000
3,61.650,0.00,0.6543,0.65440,3.000
3,61.700,0.00,0.6041,0.60420,3.000
3,61.750,-0.01,0.5542,0.55430,3.000
3,61.800,0.00,0.5041,0.50420,3.000
3,61.850,0.00,0.4541,0.45420,3.000
3,61.900,-0.01,0.4040,0.40410,3.000
3,61.950,-0.01,0.3541,0.35420,3.000
3,62.000,-0.01,0.3042,0.30430,3.000
3,62.050,0.00,0.2541,0.25420,3.000
3,62.100,0.00,0.2040,0.20410,3.000
3,62.150,0.00,0.1539,0.15400,3.000
3,62.200,0.00,0.1041,0.10420,3.000
3,62.250,0.00,0.0542,0.05430,3.000
3,62.300,-0.01,0.0041,0.00420,3.000
3,62.400,0.00,-0.0471,-0.04700,3.000
3,62.450,-0.01,-0.0045,-0.00440,3.000
3,62.500,0.00,-0.0004,-0.00030,3.000
3,62.550,-0.01,-0.0004,-0.00030,3.000
3,62.600,0.00,-0.0004,-0.00030,3.000
3,62.650,0.00,-0.0004,-0.00030,3.000
3,62.700,0.00,-0.0004,-0.00030,3.000
3,62.750,0.00,-0.0004,-0.00030,3.000
3,62.800,0.00,-0.0004,-0.00030,3.000
3,62.850,0.00,-0.0004,-0.00030,3.000
3,62.900,-0.01,-0.0004,-0.00030,3.000
3,62.950,-0.01,-0.0004,-0.00030,3.000
3,63.000,0.00,-0.0004,-0.00030,3.000
3,63.050,0.00,-0.0004,-0.00030,3.000
3,63.100,0.00,-0.0004,-0.00030,3.000
3,63.150,-0.01,-0.0004,-0.00030,3.000
3,63.200,0.00,-0.0004,-0.00030,3.000
3,63.250,0.00,-0.0004,-0.00030,3.000
3,63.300,0.00,-0.0004,-0.00030,3.000
3,63.350,0.00,-0.0004,-0.00030,3.000
3,63.400,0.00,-0.0004,-0.00030,3.000
3,63.450,-0.01,-0.0004,-0.00030,3.000
3,63.500,-0.01,-0.0004,-0.00030,3.000
3,63.550,0.00,-0.0004,-0.00030,3.000
3,63.600,0.00,-0.0004,-0.00030,3.000
3,63.650,-0.01,-0.0004,-0.00030,3.000
3,63.700,0.00,-0.0004,-0.00030,3.000
3,63.750,0.00,-0.0004,-0.00030,3.000
3,63.800,0.00,-0.0004,-0.00030,3.000
3,63.850,0.00,-0.0004,-0.00030,3.000
3,63.900,0.00,-0.0004,-0.00030,3.000
3,63.950,-0.01,-0.0004,-0.00030,3.000
3,64.000,0.00,-0.0004,-0.00030,3.000
3,64.050,-0.01,-0.0004,-0.00030,3.000
3,64.100,0.00,-0.0004,-0.00030,3.000
3,64.150,0.00,-0.0004,-0.00030,3.000
3,64.200,0.00,-0.0004,-0.00030,3.000
3,64.250,0.00,-0.0004,-0.00030,3.000
3,64.300,0.00,-0.0004,-0.00030,3.000
3,64.350,0.00,-0.0004,-0.00030,3.000
3,64.400,0.00,-0.0004,-0.00030,3.000
3,64.450,0.00,-0.0004,-0.00030,3.000
3,64.500,-0.01,-0.0003,-0.00020,3.000
3,64.550,0.00,-0.0003,-0.00020,3.000
3,64.600,-0.01,-0.0003,-0.00020,3.000
3,64.650,0.00,-0.0003,-0.00020,3.000
3,64.700,0.00,-0.0003,-0.00020,3.000
3,64.750,0.00,-0.0003,-0.00020,3.000
3,64.800,0.00,-0.0003,-0.00020,3.000
3,64.850,-0.01,-0.0003,-0.00020,3.000
3,64.900,-0.01,-0.0003,-0.00020,3.000
3,64.950,0.00,-0.0003,-0.00020,3.000
3,65.000,0.00,-0.0003,-0.00020,3.000
3,65.050,-0.01,-0.0003,-0.00020,3.000
3,65.100,-0.01,-0.0003,-0.00020,3.000
3,65.150,0.00,-0.0003,-0.00020,3.000
3,65.200,-0.01,-0.0003,-0.00020,3.000
3,65.250,0.00,-0.0003,-0.00020,3.000
3,65.300,-0.01,-0.0003,-0.00020,3.000
3,65.350,-0.01,-0.0003,-0.00020,3.000
3,65.450,0.00,-0.0003,-0.00020,3.000
3,65.500,0.00,-0.0003,-0.00020,3.000
3,65.550,0.00,-0.0003,-0.00020,3.000
3,65.600,0.00,-0.0003,-0.00020,3.000
3,65.650,0.00,-0.0003,-0.00020,3.000
3,65.700,0.00,-0.0003,-0.00020,3.000
3,65.750,-0.01,-0.0003,-0.00020,3.000
3,65.800,-0.01,-0.0003,-0.00020,3.000
3,65.850,0.00,-0.0003,-0.00020,3.000
3,65.900,0.00,-0.0003,-0.00020,3.000
3,65.950,0.00,-0.0003,-0.00020,3.000
3,66.000,-0.01,-0.0003,-0.00020,3.000
3,66.050,0.00,-0.0003,-0.00020,3.000
3,66.100,-0.01,-0.0003,-0.00020,3.000
3,66.150,-0.01,-0.0003,-0.00020,3.000
3,66.200,-0.01,-0.0003,-0.00020,3.000
3,66.250,0.00,-0.0003,-0.00020,3.000
3,66.300,0.00,-0.0002,-0.00010,3.000
3,66.350,0.00,-0.0002,-0.00010,3.000
4,66.600,0.00,0.0224,0.02250,4.000
4,66.650,0.00,0.0725,0.07260,4.000
4,66.700,-0.01,0.1224,0.12250,4.000
4,66.750,-0.01,0.1725,0.17260,4.000
4,66.800,0.00,0.2227,0.22280,4.000
4,66.850,-0.01,0.2726,0.27270,4.000
4,66.900,-0.01,0.3226,0.32270,4.000
4,66.950,0.00,0.3726,0.37270,4.000
4,67.000,-0.01,0.4228,0.42290,4.000
4,67.050,0.00,0.4726,0.47270,4.000
4,67.100,-0.01,0.5227,0.52280,4.000
4,67.150,0.00,0.5727,0.57280,4.000
4,67.200,0.00,0.6227,0.62280,4.000
4,67.250,0.00,0.6727,0.67280,4.000
4,67.300,-0.01,0.7227,0.72280,4.000
4,67.350,0.00,0.7728,0.77290,4.000
4,67.400,-0.01,0.8227,0.82280,4.000
4,67.450,-0.01,0.8727,0.87280,4.000
4,67.500,-0.01,0.9227,0.92280,4.000
4,67.550,-0.01,0.9728,0.97290,4.000
4,67.600,0.00,1.0227,1.02280,4.000
4,67.650,0.00,1.0726,1.07270,4.000
4,67.700,-0.01,1.1226,1.12270,4.000
4,67.750,0.00,1.1726,1.17270,4.000
4,67.800,-0.01,1.2229,1.22300,4.000
4,67.850,0.00,1.2727,1.27280,4.000
4,67.900,0.00,1.3226,1.32270,4.000
4,67.950,-0.01,1.3728,1.37290,4.000
4,68.000,-0.01,1.4228,1.42290,4.000
4,68.050,0.00,1.4726,1.47270,4.000
4,68.100,-0.01,1.5227,1.52280,4.000
4,68.150,0.00,1.5727,1.57280,4.000
4,68.200,0.00,1.6229,1.62300,4.000
4,68.250,0.00,1.6728,1.67290,4.000
4,68.300,-0.01,1.7228,1.72290,4.000
4,68.350,0.00,1.7727,1.77280,4.000
4,68.400,-0.01,1.8228,1.82290,4.000
4,68.450,0.00,1.8728,1.87290,4.000
4,68.500,-0.01,1.9226,1.92270,4.000
4,68.550,0.00,1.9727,1.97280,4.000
4,68.600,0.00,2.0227,2.02280,4.000
4,68.650,0.00,2.0727,2.07280,4.000
4,68.700,0.00,2.1226,2.12270,4.000
4,68.750,-0.01,2.1728,2.17290,4.000
4,68.800,0.00,2.2228,2.22290,4.000
4,68.850,0.00,2.2728,2.27290,4.000
4,68.900,-0.01,2.3226,2.32270,4.000
4,68.950,-0.01,2.3728,2.37290,4.000
4,69.000,0.00,2.4228,2.42290,4.000
4,69.050,-0.01,2.4729,2.47300,4.000
4,69.100,-0.01,2.5227,2.52280,4.000
4,69.150,-0.01,2.5728,2.57290,4.000
4,69.200,0.00,2.6229,2.62300,4.000
4,69.250,0.00,2.6728,2.67290,4.000
4,69.300,-0.01,2.7226,2.72270,4.000
4,69.350,0.00,2.7728,2.77290,4.000
4,69.400,0.00,2.8228,2.82290,4.000
4,69.450,-0.01,2.8728,2.87290,4.000
4,69.500,0.00,2.9227,2.92280,4.000
4,69.550,0.00,2.9728,2.97290,4.000
4,69.600,0.00,3.0228,3.02290,4.000
4,69.650,-0.01,3.0727,3.07280,4.000
4,69.700,0.00,3.1227,3.12280,4.000
4,69.750,-0.01,3.1728,3.17290,4.000
4,69.800,0.00,3.2228,3.22290,4.000
4,69.850,0.00,3.2728,3.27290,4.000
4,69.900,-0.01,3.3228,3.32290,4.000
4,69.950,0.00,3.3728,3.37290,4.000
4,70.000,0.00,3.4229,3.42300,4.000
4,70.050,0.00,3.4727,3.47280,4.000
4,70.100,0.00,3.5226,3.52270,4.000
4,70.150,-0.01,3.5728,3.57290,4.000
4,70.200,0.00,3.6227,3.62280,4.000
4,70.250,-0.01,3.6728,3.67290,4.000
4,70.300,-0.01,3.7226,3.72270,4.000
4,70.350,0.00,3.7726,3.77270,4.000
4,70.400,0.00,3.8229,3.82300,4.000
4,70.450,0.00,3.8730,3.87310,4.000
4,70.500,-0.01,3.9227,3.92280,4.000
4,70.550,-0.01,3.9727,3.97280,4.000
4,70.600,-0.01,4.0227,4.02280,4.000
4,70.650,0.00,4.0730,4.07310,4.000
4,70.700,-0.01,4.1229,4.12300,4.000
4,70.750,0.00,4.1729,4.17300,4.000
4,70.800,0.00,4.2230,4.22310,4.000
4,70.850,0.00,4.2729,4.27300,4.000
4,70.900,-0.01,4.3227,4.32280,4.000
4,70.950,0.00,4.3727,4.37280,4.000
4,71.000,-0.01,4.4228,4.42290,4.000
4,71.050,-0.01,4.4729,4.47300,4.000
4,71.100,0.00,4.5228,4.52290,4.000
4,71.150,0.00,4.5729,4.57300,4.000
4,71.200,-0.01,4.6228,4.62290,4.000
4,71.250,-0.01,4.6729,4.67300,4.000
4,71.300,0.00,4.7228,4.72290,4.000
4,71.350,0.00,4.7729,4.77300,4.000
4,71.400,0.00,4.8229,4.82300,4.000
4,71.450,-0.01,4.8729,4.87300,4.000
4,71.500,0.00,4.9228,4.92290,4.000
4,71.550,0.00,4.9728,4.97290,4.000
4,71.600,0.00,5.0229,5.02300,4.000
4,71.650,-0.01,5.0728,5.07290,4.000
4,71.700,0.00,5.1228,5.12290,4.000
4,71.750,-0.01,5.1728,5.17290,4.000
4,71.800,-0.01,5.2229,5.22300,4.000
4,71.850,0.00,5.2730,5.27310,4.000
4,71.900,0.00,5.3229,5.32300,4.000
4,71.950,0.00,5.3728,5.37290,4.000
4,72.000,0.00,5.4230,5.42310,4.000
4,72.050,-0.01,5.4731,5.47320,4.000
4,72.100,0.00,5.5230,5.52310,4.000
4,72.150,0.00,5.5728,5.57290,4.000
4,72.200,0.00,5.6230,5.62310,4.000
4,72.250,0.00,5.6729,5.67300,4.000
4,72.300,0.00,5.7229,5.72300,4.000
4,72.350,-0.01,5.7728,5.77290,4.000
4,72.400,0.00,5.8229,5.82300,4.000
4,72.450,0.00,5.8729,5.87300,4.000
4,72.500,0.00,5.9228,5.92290,4.000
4,72.550,0.00,5.9728,5.97290,4.000
4,72.600,0.00,6.0228,6.02290,4.000
4,72.650,-0.01,6.0730,6.07310,4.000
4,72.700,-0.01,6.1229,6.12300,4.000
4,72.750,0.00,6.1727,6.17280,4.000
4,72.800,0.00,6.2229,6.22300,4.000
4,72.850,0.00,6.2729,6.27300,4.000
4,72.900,0.00,6.3229,6.32300,4.000
4,72.950,0.00,6.3728,6.37290,4.000
4,73.000,-0.01,6.4229,6.42300,4.000
4,73.050,0.00,6.4731,6.47320,4.000
4,73.100,0.00,6.5230,6.52310,4.000
4,73.150,0.02,6.5729,6.57300,4.000
4,73.200,0.08,6.6230,6.62310,4.000
4,73.250,0.14,6.6731,6.67320,4.000
4,73.300,0.21,6.7230,6.72310,4.000
4,73.350,0.31,6.7729,6.77300,4.000
4,73.400,0.42,6.8228,6.82290,4.000
4,73.450,0.56,6.8729,6.87300,4.000
4,73.500,0.72,6.9230,6.92310,4.000
4,73.550,0.90,6.9727,6.97280,4.000
4,73.600,1.11,7.0230,7.02310,4.000
4,73.650,1.33,7.0730,7.07310,4.000
4,73.700,1.60,7.1229,7.12300,4.000
4,73.750,1.88,7.1728,7.17290,4.000
4,73.800,2.20,7.2228,7.22290,4.000
4,73.850,2.55,7.2730,7.27310,4.000
4,73.900,2.94,7.3229,7.32300,4.000
4,73.950,3.35,7.3729,7.37300,4.000
4,74.000,3.80,7.4230,7.42310,4.000
4,74.050,4.28,7.4731,7.47320,4.000
4,74.100,4.80,7.5229,7.52300,4.000
4,74.150,5.37,7.5728,7.57290,4.000
4,74.200,5.98,7.6228,7.62290,4.000
4,74.250,6.65,7.6730,7.67310,4.000
4,74.300,7.37,7.7229,7.72300,4.000
4,74.350,8.15,7.7728,7.77290,4.000
4,74.400,8.98,7.8229,7.82300,4.000
4,74.450,9.86,7.8730,7.87310,4.000
4,74.500,10.82,7.9229,7.92300,4.000
4,74.550,11.84,7.9728,7.97290,4.000
4,74.600,12.92,8.0229,8.02300,4.000
4,74.650,14.08,8.0728,8.07290,4.000
4,74.700,15.31,8.1229,8.12300,4.000
4,74.750,16.62,8.1728,8.17290,4.000
4,74.800,18.00,8.2229,8.22300,4.000
4,74.850,19.47,8.2730,8.27310,4.000
4,74.900,21.02,8.3229,8.32300,4.000
4,74.950,22.70,8.3729,8.37300,4.000
4,75.000,24.47,8.4229,8.42300,4.000
4,75.050,26.36,8.4730,8.47310,4.000
4,75.100,28.41,8.5230,8.52310,4.000
4,75.150,30.61,8.5729,8.57300,4.000
4,75.200,33.04,8.6228,8.62290,4.000
4,75.250,35.72,8.6729,8.67300,4.000
4,75.300,38.69,8.7229,8.72300,4.000
4,75.350,41.92,8.7729,8.77300,4.000
4,75.400,45.51,8.8228,8.82290,4.000
4,75.450,49.51,8.8728,8.87290,4.000
4,75.550,53.19,8.9071,8.90720,4.000
4,75.600,45.97,8.8575,8.85760,4.000
4,75.650,39.79,8.8077,8.80780,4.000
4,75.700,34.94,8.7578,8.75790,4.000
4,75.750,31.00,8.7078,8.70790,4.000
4,75.800,27.65,8.6576,8.65770,4.000
4,75.850,24.83,8.6078,8.60790,4.000
4,75.900,22.35,8.5577,8.55780,4.000
4,75.950,20.18,8.5078,8.50790,4.000
4,76.000,18.24,8.4575,8.45760,4.000
4,76.050,16.50,8.4078,8.40790,4.000
4,76.100,14.93,8.3576,8.35770,4.000
4,76.150,13.55,8.3077,8.30780,4.000
4,76.200,12.28,8.2575,8.25760,4.000
4,76.250,11.13,8.2077,8.20780,4.000
4,76.300,10.09,8.1577,8.15780,4.000
4,76.350,9.17,8.1076,8.10770,4.000
4,76.400,8.30,8.0575,8.05760,4.000
4,76.450,7.54,8.0076,8.00770,4.000
4,76.500,6.83,7.9577,7.95780,4.000
4,76.550,6.19,7.9077,7.90780,4.000
4,76.600,5.63,7.8575,7.85760,4.000
4,76.650,5.11,7.8076,7.80770,4.000
4,76.700,4.60,7.7576,7.75770,4.000
4,76.750,4.14,7.7077,7.70780,4.000
4,76.800,3.72,7.6575,7.65760,4.000
4,76.850,3.37,7.6074,7.60750,4.000
4,76.900,3.01,7.5575,7.55760,4.000
4,76.950,2.68,7.5077,7.50780,4.000
4,77.000,2.38,7.4575,7.45760,4.000
4,77.050,2.13,7.4076,7.40770,4.000
4,77.100,1.91,7.3576,7.35770,4.000
4,77.150,1.71,7.3076,7.30770,4.000
4,77.200,1.47,7.2574,7.25750,4.000
4,77.250,1.25,7.2075,7.20760,4.000
4,77.300,1.06,7.1575,7.15760,4.000
4,77.350,0.87,7.1076,7.10770,4.000
4,77.400,0.72,7.0575,7.05760,4.000
4,77.450,0.58,7.0075,7.00760,4.000
4,77.500,0.45,6.9575,6.95760,4.000
4,77.550,0.35,6.9076,6.90770,4.000
4,77.600,0.25,6.8573,6.85740,4.000
4,77.650,0.18,6.8074,6.80750,4.000
4,77.700,0.12,6.7575,6.75760,4.000
4,77.750,0.07,6.7075,6.70760,4.000
4,77.800,0.03,6.6574,6.65750,4.000
4,77.850,0.00,6.6074,6.60750,4.000
4,77.900,-0.01,6.5576,6.55770,4.000
4,77.950,-0.01,6.5076,6.50770,4.000
4,78.000,-0.01,6.4574,6.45750,4.000
4,78.050,-0.01,6.4075,6.40760,4.000
4,78.100,0.00,6.3575,6.35760,4.000
4,78.150,0.00,6.3075,6.30760,4.000
4,78.200,-0.01,6.2575,6.25760,4.000
4,78.250,-0.01,6.2074,6.20750,4.000
4,78.300,0.00,6.1575,6.15760,4.000
4,78.350,0.00,6.1076,6.10770,4.000
4,78.400,0.00,6.0573,6.05740,4.000
4,78.450,-0.01,6.0073,6.00740,4.000
4,78.500,-0.01,5.9574,5.95750,4.000
4,78.550,-0.01,5.9074,5.90750,4.000
4,78.600,0.00,5.8573,5.85740,4.000
4,78.650,0.00,5.8073,5.80740,4.000
4,78.700,-0.01,5.7575,5.75760,4.000
4,78.750,-0.01,5.7074,5.70750,4.000
4,78.800,-0.01,5.6573,5.65740,4.000
4,78.850,-0.01,5.6073,5.60740,4.000
4,78.900,-0.01,5.5575,5.55760,4.000
4,78.950,-0.01,5.5076,5.50770,4.000
4,79.000,-0.01,5.4575,5.45760,4.000
4,79.050,-0.01,5.4074,5.40750,4.000
4,79.100,-0.01,5.3576,5.35770,4.000
4,79.150,0.00,5.3075,5.30760,4.000
4,79.200,0.00,5.2574,5.25750,4.000
4,79.250,-0.01,5.2074,5.20750,4.000
4,79.300,-0.01,5.1573,5.15740,4.000
4,79.350,-0.01,5.1075,5.10760,4.000
4,79.400,-0.01,5.0574,5.05750,4.000
4,79.450,-0.01,5.0071,5.00720,4.000
4,79.500,0.00,4.9573,4.95740,4.000
4,79.550,0.00,4.9074,4.90750,4.000
4,79.600,-0.01,4.8573,4.85740,4.000
4,79.650,-0.01,4.8073,4.80740,4.000
4,79.700,0.00,4.7574,4.75750,4.000
4,79.750,0.00,4.7074,4.70750,4.000
4,79.800,-0.01,4.6574,4.65750,4.000
4,79.850,0.00,4.6072,4.60730,4.000
4,79.900,0.00,4.5574,4.55750,4.000
4,79.950,0.00,4.5075,4.50760,4.000
4,80.000,0.00,4.4573,4.45740,4.000
4,80.050,0.00,4.4072,4.40730,4.000
4,80.100,0.00,4.3573,4.35740,4.000
4,80.150,0.00,4.3073,4.30740,4.000
4,80.200,-0.01,4.2573,4.25740,4.000
4,80.250,-0.01,4.2073,4.20740,4.000
4,80.300,0.00,4.1574,4.15750,4.000
4,80.350,0.00,4.1074,4.10750,4.000
4,80.400,-0.01,4.0574,4.05750,4.000
4,80.450,-0.01,4.0072,4.00730,4.000
4,80.500,-0.01,3.9574,3.95750,4.000
4,80.550,0.00,3.9075,3.90760,4.000
4,80.600,0.00,3.8574,3.85750,4.000
4,80.650,0.00,3.8072,3.80730,4.000
4,80.700,-0.01,3.7573,3.75740,4.000
4,80.750,0.00,3.7073,3.70740,4.000
4,80.800,0.00,3.6573,3.65740,4.000
4,80.850,0.00,3.6072,3.60730,4.000
4,80.900,0.00,3.5573,3.55740,4.000
4,80.950,-0.01,3.5072,3.50730,4.000
4,81.000,-0.01,3.4573,3.45740,4.000
4,81.050,-0.01,3.4071,3.40720,4.000
4,81.100,0.00,3.3573,3.35740,4.000
4,81.150,-0.01,3.3073,3.30740,4.000
4,81.200,-0.01,3.2574,3.25750,4.000
4,81.250,-0.01,3.2071,3.20720,4.000
4,81.300,-0.01,3.1572,3.15730,4.000
4,81.350,-0.01,3.1073,3.10740,4.000
4,81.400,-0.01,3.0572,3.05730,4.000
4,81.450,-0.01,3.0071,3.00720,4.000
4,81.500,-0.01,2.9572,2.95730,4.000
4,81.550,0.00,2.9073,2.90740,4.000
4,81.600,-0.01,2.8574,2.85750,4.000
4,81.650,-0.01,2.8071,2.80720,4.000
4,81.700,0.00,2.7571,2.75720,4.000
4,81.750,-0.01,2.7073,2.70740,4.000
4,81.800,-0.01,2.6573,2.65740,4.000
4,81.850,-0.01,2.6071,2.60720,4.000
4,81.900,-0.01,2.5572,2.55730,4.000
4,81.950,-0.01,2.5072,2.50730,4.000
4,82.000,-0.01,2.4573,2.45740,4.000
4,82.050,-0.01,2.4071,2.40720,4.000
4,82.100,0.00,2.3572,2.35730,4.000
4,82.150,-0.01,2.3072,2.30730,4.000
4,82.200,0.00,2.2572,2.25730,4.000
4,82.250,-0.01,2.2071,2.20720,4.000
4,82.300,0.00,2.1572,2.15730,4.000
4,82.350,0.00,2.1071,2.10720,4.000
4,82.400,0.00,2.0573,2.05740,4.000
4,82.450,0.00,2.0071,2.00720,4.000
4,82.500,0.00,1.9572,1.95730,4.000
4,82.550,-0.01,1.9073,1.90740,4.000
4,82.600,0.00,1.8571,1.85720,4.000
4,82.650,-0.01,1.8070,1.80710,4.000
4,82.700,-0.01,1.7572,1.75730,4.000
4,82.750,-0.01,1.7072,1.70730,4.000
4,82.800,0.00,1.6573,1.65740,4.000
4,82.850,0.00,1.6071,1.60720,4.000
4,82.900,-0.01,1.5572,1.55730,4.000
4,82.950,0.00,1.5071,1.50720,4.000
4,83.000,-0.01,1.4573,1.45740,4.000
4,83.050,0.00,1.4070,1.40710,4.000
4,83.100,0.00,1.3571,1.35720,4.000
4,83.150,0.00,1.3072,1.30730,4.000
4,83.200,-0.01,1.2573,1.25740,4.000
4,83.250,-0.01,1.2071,1.20720,4.000
4,83.300,0.00,1.1571,1.15720,4.000
4,83.350,-0.01,1.1071,1.10720,4.000
4,83.400,-0.01,1.0571,1.05720,4.000
4,83.450,0.00,1.0071,1.00720,4.000
4,83.500,0.00,0.9570,0.95710,4.000
4,83.550,-0.01,0.9072,0.90730,4.000
4,83.600,0.00,0.8572,0.85730,4.000
4,83.650,0.00,0.8071,0.80720,4.000
4,83.700,-0.01,0.7571,0.75720,4.000
4,83.750,0.00,0.7073,0.70740,4.000
4,83.800,-0.01,0.6573,0.65740,4.000
4,83.850,0.00,0.6071,0.60720,4.000
4,83.900,-0.01,0.5571,0.55720,4.000
4,83.950,0.00,0.5072,0.50730,4.000
4,84.000,0.00,0.4572,0.45730,4.000
4,84.050,-0.01,0.4072,0.40730,4.000
4,84.100,-0.01,0.3572,0.35730,4.000
4,84.150,-0.01,0.3071,0.30720,4.000
4,84.200,-0.01,0.2572,0.25730,4.000
4,84.250,-0.01,0.2071,0.20720,4.000
4,84.300,0.00,0.1569,0.15700,4.000
4,84.350,0.00,0.1071,0.10720,4.000
4,84.400,0.00,0.0572,0.05730,4.000
4,84.450,0.00,0.0071,0.00720,4.000
4,84.550,0.00,-0.0270,-0.02690,4.000
4,84.600,0.00,-0.0003,-0.00020,4.000
4,84.650,0.00,-0.0004,-0.00030,4.000
4,84.700,-0.01,-0.0004,-0.00030,4.000
4,84.750,0.00,-0.0004,-0.00030,4.000
4,84.800,0.00,-0.0004,-0.00030,4.000
4,84.850,-0.01,-0.0004,-0.00030,4.000
4,84.900,0.00,-0.0004,-0.00030,4.000
4,84.950,-0.01,-0.0004,-0.00030,4.000
4,85.000,0.00,-0.0004,-0.00030,4.000
4,85.050,0.00,-0.0004,-0.00030,4.000
4,85.100,0.00,-0.0004,-0.00030,4.000
4,85.150,0.00,-0.0004,-0.00030,4.000
4,85.200,0.00,-0.0004,-0.00030,4.000
4,85.250,0.00,-0.0004,-0.00030,4.000
4,85.300,0.00,-0.0004,-0.00030,4.000
4,85.350,0.00,-0.0004,-0.00030,4.000
4,85.400,0.00,-0.0004,-0.00030,4.000
4,85.450,-0.01,-0.0004,-0.00030,4.000
4,85.500,0.00,-0.0004,-0.00030,4.000
4,85.550,0.00,-0.0004,-0.00030,4.000
4,85.600,-0.01,-0.0004,-0.00030,4.000
4,85.650,0.00,-0.0004,-0.00030,4.000
4,85.700,-0.01,-0.0004,-0.00030,4.000
4,85.750,0.00,-0.0004,-0.00030,4.000
4,85.800,0.00,-0.0004,-0.00030,4.000
4,85.850,0.00,-0.0004,-0.00030,4.000
4,85.900,0.00,-0.0004,-0.00030,4.000
4,85.950,0.00,-0.0004,-0.00030,4.000
4,86.000,0.00,-0.0004,-0.00030,4.000
4,86.050,0.00,-0.0004,-0.00030,4.000
4,86.100,0.00,-0.0004,-0.00030,4.000
4,86.150,0.00,-0.0004,-0.00030,4.000
4,86.200,-0.01,-0.0004,-0.00030,4.000
4,86.250,0.00,-0.0004,-0.00030,4.000
4,86.300,-0.01,-0.0004,-0.00030,4.000
4,86.350,0.00,-0.0004,-0.00030,4.000
4,86.400,-0.01,-0.0004,-0.00030,4.000
4,86.450,0.00,-0.0004,-0.00030,4.000
4,86.500,0.00,-0.0004,-0.00030,4.000
4,86.550,0.00,-0.0004,-0.00030,4.000
4,86.600,0.00,-0.0003,-0.00020,4.000
4,86.650,-0.01,-0.0003,-0.00020,4.000
4,86.700,0.00,-0.0003,-0.00020,4.000
4,86.750,0.00,-0.0003,-0.00020,4.000
4,86.800,0.00,-0.0003,-0.00020,4.000
4,86.850,-0.01,-0.0003,-0.00020,4.000
4,86.900,0.00,-0.0003,-0.00020,4.000
4,86.950,0.00,-0.0003,-0.00020,4.000
4,87.000,0.00,-0.0003,-0.00020,4.000
4,87.050,0.00,-0.0003,-0.00020,4.000
4,87.100,-0.01,-0.0003,-0.00020,4.000
4,87.150,-0.01,-0.0003,-0.00020,4.000
4,87.200,0.00,-0.0003,-0.00020,4.000
4,87.250,0.00,-0.0003,-0.00020,4.000
4,87.300,-0.01,-0.0003,-0.00020,4.000
4,87.350,-0.01,-0.0003,-0.00020,4.000
4,87.400,0.00,-0.0003,-0.00020,4.000
4,87.450,-0.01,-0.0003,-0.00020,4.000
4,87.500,0.00,-0.0003,-0.00020,4.000
4,87.600,-0.01,-0.0003,-0.00020,4.000
4,87.650,0.00,-0.0003,-0.00020,4.000
4,87.700,-0.01,-0.0003,-0.00020,4.000
4,87.750,0.00,-0.0003,-0.00020,4.000
4,87.800,0.00,-0.0003,-0.00020,4.000
4,87.850,0.00,-0.0003,-0.00020,4.000
4,87.900,-0.01,-0.0003,-0.00020,4.000
4,87.950,0.00,-0.0003,-0.00020,4.000
4,88.000,-0.01,-0.0003,-0.00020,4.000
4,88.050,-0.01,-0.0003,-0.00020,4.000
4,88.100,-0.01,-0.0003,-0.00020,4.000
4,88.150,-0.01,-0.0003,-0.00020,4.000
4,88.200,-0.01,-0.0003,-0.00020,4.000
4,88.250,0.00,-0.0003,-0.00020,4.000
4,88.300,-0.01,-0.0003,-0.00020,4.000
4,88.350,-0.01,-0.0003,-0.00020,4.000
4,88.400,0.00,-0.0002,-0.00010,4.000
4,88.450,-0.01,-0.0002,-0.00010,4.000
4,88.500,0.00,-0.0002,-0.00010,4.000
5,88.750,0.01,0.0214,0.02150,5.000
5,88.800,0.00,0.0715,0.07160,5.000
5,88.850,0.00,0.1214,0.12150,5.000
5,88.900,0.00,0.1715,0.17160,5.000
5,88.950,0.00,0.2216,0.22170,5.000
5,89.000,0.00,0.2716,0.27170,5.000
5,89.050,0.00,0.3215,0.32160,5.000
5,89.100,0.00,0.3717,0.37180,5.000
5,89.150,0.00,0.4216,0.42170,5.000
5,89.200,0.00,0.4717,0.47180,5.000
5,89.250,0.00,0.5215,0.52160,5.000
5,89.300,0.00,0.5717,0.57180,5.000
5,89.350,0.00,0.6217,0.62180,5.000
5,89.400,0.00,0.6717,0.67180,5.000
5,89.450,0.00,0.7216,0.72170,5.000
5,89.500,0.00,0.7717,0.77180,5.000
5,89.550,0.00,0.8217,0.82180,5.000
5,89.600,0.00,0.8718,0.87190,5.000
5,89.650,0.00,0.9216,0.92170,5.000
5,89.700,0.00,0.9718,0.97190,5.000
5,89.750,0.00,1.0217,1.02180,5.000
5,89.800,0.00,1.0717,1.07180,5.000
5,89.850,0.00,1.1215,1.12160,5.000
5,89.900,0.00,1.1718,1.17190,5.000
5,89.950,0.00,1.2217,1.22180,5.000
5,90.000,0.00,1.2718,1.27190,5.000
5,90.050,0.00,1.3216,1.32170,5.000
5,90.100,0.00,1.3717,1.37180,5.000
5,90.150,0.00,1.4217,1.42180,5.000
5,90.200,0.00,1.4717,1.47180,5.000
5,90.250,0.00,1.5217,1.52180,5.000
5,90.300,0.01,1.5717,1.57180,5.000
5,90.350,0.00,1.6217,1.62180,5.000
5,90.400,0.00,1.6719,1.67200,5.000
5,90.450,0.00,1.7216,1.72170,5.000
5,90.500,0.00,1.7717,1.77180,5.000
5,90.550,0.00,1.8218,1.82190,5.000
5,90.600,0.00,1.8718,1.87190,5.000
5,90.650,0.00,1.9217,1.92180,5.000
5,90.700,0.00,1.9718,1.97190,5.000
5,90.750,0.00,2.0217,2.02180,5.000
5,90.800,-0.01,2.0719,2.07200,5.000
5,90.850,0.00,2.1217,2.12180,5.000
5,90.900,0.00,2.1717,2.17180,5.000
5,90.950,0.00,2.2217,2.22180,5.000
5,91.000,0.00,2.2718,2.27190,5.000
5,91.050,0.00,2.3216,2.32170,5.000
5,91.100,0.00,2.3717,2.37180,5.000
5,91.150,0.00,2.4217,2.42180,5.000
5,91.200,0.00,2.4719,2.47200,5.000
5,91.250,0.00,2.5216,2.52170,5.000
5,91.300,0.00,2.5718,2.57190,5.000
5,91.350,0.00,2.6217,2.62180,5.000
5,91.400,0.00,2.6718,2.67190,5.000
5,91.450,0.00,2.7217,2.72180,5.000
5,91.500,0.00,2.7717,2.77180,5.000
5,91.550,0.00,2.8218,2.82190,5.000
5,91.600,0.00,2.8718,2.87190,5.000
5,91.650,0.00,2.9218,2.92190,5.000
5,91.700,0.00,2.9718,2.97190,5.000
5,91.750,0.00,3.0218,3.02190,5.000
5,91.800,0.00,3.0718,3.07190,5.000
5,91.850,0.00,3.1216,3.12170,5.000
5,91.900,0.00,3.1717,3.17180,5.000
5,91.950,0.00,3.2219,3.22200,5.000
5,92.000,0.00,3.2719,3.27200,5.000
5,92.050,0.00,3.3217,3.32180,5.000
5,92.100,0.00,3.3718,3.37190,5.000
5,92.150,0.00,3.4218,3.42190,5.000
5,92.200,0.00,3.4718,3.47190,5.000
5,92.250,0.00,3.5216,3.52170,5.000
5,92.300,0.00,3.5718,3.57190,5.000
5,92.350,0.00,3.6218,3.62190,5.000
5,92.400,0.00,3.6719,3.67200,5.000
5,92.450,0.00,3.7216,3.72170,5.000
5,92.500,0.00,3.7717,3.77180,5.000
5,92.550,0.00,3.8219,3.82200,5.000
5,92.600,0.00,3.8719,3.87200,5.000
5,92.650,0.00,3.9218,3.92190,5.000
5,92.700,0.00,3.9718,3.97190,5.000
5,92.750,0.00,4.0217,4.02180,5.000
5,92.800,0.00,4.0718,4.07190,5.000
5,92.850,0.00,4.1219,4.12200,5.000
5,92.900,0.00,4.1718,4.17190,5.000
5,92.950,0.00,4.2220,4.22210,5.000
5,93.000,0.00,4.2720,4.27210,5.000
5,93.050,0.00,4.3217,4.32180,5.000
5,93.100,0.00,4.3717,4.37180,5.000
5,93.150,0.00,4.4218,4.42190,5.000
5,93.200,0.00,4.4720,4.47210,5.000
5,93.250,0.00,4.5218,4.52190,5.000
5,93.300,0.00,4.5718,4.57190,5.000
5,93.350,0.00,4.6219,4.62200,5.000
5,93.400,0.00,4.6719,4.67200,5.000
5,93.450,0.00,4.7220,4.72210,5.000
5,93.500,0.00,4.7718,4.77190,5.000
5,93.550,0.00,4.8220,4.82210,5.000
5,93.600,0.00,4.8719,4.87200,5.000
5,93.650,0.00,4.9218,4.92190,5.000
5,93.700,0.00,4.9717,4.97180,5.000
5,93.750,0.00,5.0219,5.02200,5.000
5,93.800,0.00,5.0720,5.07210,5.000
5,93.850,0.00,5.1219,5.12200,5.000
5,93.900,0.00,5.1718,5.17190,5.000
5,93.950,0.00,5.2219,5.22200,5.000
5,94.000,0.00,5.2719,5.27200,5.000
5,94.050,0.00,5.3220,5.32210,5.000
5,94.100,0.00,5.3718,5.37190,5.000
5,94.150,0.00,5.4220,5.42210,5.000
5,94.200,0.00,5.4721,5.47220,5.000
5,94.250,0.00,5.5219,5.52200,5.000
5,94.300,0.00,5.5718,5.57190,5.000
5,94.350,0.00,5.6220,5.62210,5.000
5,94.400,0.00,5.6719,5.67200,5.000
5,94.450,0.00,5.7220,5.72210,5.000
5,94.500,0.00,5.7717,5.77180,5.000
5,94.550,0.00,5.8219,5.82200,5.000
5,94.600,0.00,5.8719,5.87200,5.000
5,94.650,0.00,5.9219,5.92200,5.000
5,94.700,0.00,5.9717,5.97180,5.000
5,94.750,0.00,6.0218,6.02190,5.000
5,94.800,0.01,6.0719,6.07200,5.000
5,94.850,0.00,6.1220,6.12210,5.000
5,94.900,0.00,6.1718,6.17190,5.000
5,94.950,0.00,6.2219,6.22200,5.000
5,95.000,0.00,6.2719,6.27200,5.000
5,95.050,0.00,6.3220,6.32210,5.000
5,95.100,0.00,6.3719,6.37200,5.000
5,95.150,0.00,6.4219,6.42200,5.000
5,95.200,0.00,6.4719,6.47200,5.000
5,95.250,0.01,6.5221,6.52220,5.000
5,95.300,0.03,6.5719,6.57200,5.000
5,95.350,0.08,6.6220,6.62210,5.000
5,95.400,0.13,6.6721,6.67220,5.000
5,95.450,0.22,6.7219,6.72200,5.000
5,95.500,0.31,6.7718,6.77190,5.000
5,95.550,0.43,6.8218,6.82190,5.000
5,95.600,0.57,6.8718,6.87190,5.000
5,95.650,0.73,6.9219,6.92200,5.000
5,95.700,0.91,6.9718,6.97190,5.000
5,95.750,1.12,7.0218,7.02190,5.000
5,95.800,1.35,7.0720,7.07210,5.000
5,95.850,1.61,7.1219,7.12200,5.000
5,95.900,1.90,7.1718,7.17190,5.000
5,95.950,2.22,7.2218,7.22190,5.000
5,96.000,2.57,7.2719,7.27200,5.000
5,96.050,2.95,7.3219,7.32200,5.000
5,96.100,3.36,7.3718,7.37190,5.000
5,96.150,3.82,7.4220,7.42210,5.000
5,96.200,4.29,7.4720,7.47210,5.000
5,96.250,4.82,7.5220,7.52210,5.000
5,96.300,5.39,7.5717,7.57180,5.000
5,96.350,6.01,7.6218,7.62190,5.000
5,96.400,6.67,7.6720,7.67210,5.000
5,96.450,7.39,7.7219,7.72200,5.000
5,96.500,8.17,7.7718,7.77190,5.000
5,96.550,8.99,7.8219,7.82200,5.000
5,96.600,9.88,7.8719,7.87200,5.000
5,96.650,10.83,7.9219,7.92200,5.000
5,96.700,11.85,7.9718,7.97190,5.000
5,96.750,12.94,8.0218,8.02190,5.000
5,96.800,14.10,8.0719,8.07200,5.000
5,96.850,15.32,8.1219,8.12200,5.000
5,96.900,16.64,8.1719,8.17200,5.000
5,96.950,18.03,8.2219,8.22200,5.000
5,97.000,19.48,8.2719,8.27200,5.000
5,97.050,21.04,8.3219,8.32200,5.000
5,97.100,22.71,8.3719,8.37200,5.000
5,97.150,24.48,8.4218,8.42190,5.000
5,97.200,26.38,8.4719,8.47200,5.000
5,97.250,28.43,8.5220,8.52210,5.000
5,97.300,30.62,8.5718,8.57190,5.000
5,97.350,33.07,8.6219,8.62200,5.000
5,97.400,35.72,8.6719,8.67200,5.000
5,97.450,38.67,8.7220,8.72210,5.000
5,97.500,41.92,8.7718,8.77190,5.000
5,97.550,45.51,8.8217,8.82180,5.000
5,97.600,49.52,8.8719,8.87200,5.000
5,97.700,53.28,8.9060,8.90610,5.000
5,97.750,46.00,8.8565,8.85660,5.000
5,97.800,39.85,8.8067,8.80680,5.000
5,97.850,35.00,8.7568,8.75690,5.000
5,97.900,31.03,8.7068,8.70690,5.000
5,97.950,27.67,8.6566,8.65670,5.000
5,98.000,24.85,8.6067,8.60680,5.000
5,98.050,22.37,8.5567,8.55680,5.000
5,98.100,20.20,8.5067,8.50680,5.000
5,98.150,18.26,8.4565,8.45660,5.000
5,98.200,16.51,8.4067,8.40680,5.000
5,98.250,14.94,8.3567,8.35680,5.000
5,98.300,13.55,8.3067,8.30680,5.000
5,98.350,12.28,8.2566,8.25670,5.000
5,98.400,11.14,8.2068,8.20690,5.000
5,98.450,10.11,8.1568,8.15690,5.000
5,98.500,9.18,8.1067,8.10680,5.000
5,98.550,8.31,8.0566,8.05670,5.000
5,98.600,7.55,8.0065,8.00660,5.000
5,98.650,6.83,7.9567,7.95680,5.000
5,98.700,6.20,7.9067,7.90680,5.000
5,98.750,5.63,7.8566,7.85670,5.000
5,98.800,5.11,7.8067,7.80680,5.000
5,98.850,4.60,7.7567,7.75680,5.000
5,98.900,4.14,7.7067,7.70680,5.000
5,98.950,3.72,7.6565,7.65660,5.000
5,99.000,3.37,7.6065,7.60660,5.000
5,99.050,3.03,7.5565,7.55660,5.000
5,99.100,2.69,7.5067,7.50680,5.000
5,99.150,2.38,7.4565,7.45660,5.000
5,99.200,2.13,7.4066,7.40670,5.000
5,99.250,1.92,7.3567,7.35680,5.000
5,99.300,1.71,7.3066,7.30670,5.000
5,99.350,1.47,7.2564,7.25650,5.000
5,99.400,1.26,7.2066,7.20670,5.000
5,99.450,1.06,7.1565,7.15660,5.000
5,99.500,0.88,7.1065,7.10660,5.000
5,99.550,0.72,7.0564,7.05650,5.000
5,99.600,0.58,7.0065,7.00660,5.000
5,99.650,0.45,6.9565,6.95660,5.000
5,99.700,0.35,6.9065,6.90660,5.000
5,99.750,0.26,6.8563,6.85640,5.000
5,99.800,0.18,6.8064,6.80650,5.000
5,99.850,0.12,6.7565,6.75660,5.000
5,99.900,0.08,6.7064,6.70650,5.000
5,99.950,0.03,6.6564,6.65650,5.000
5,100.000,0.00,6.6064,6.60650,5.000
5,100.050,-0.01,6.5566,6.55670,5.000
5,100.100,0.00,6.5065,6.50660,5.000
5,100.150,0.00,6.4564,6.45650,5.000
5,100.200,0.00,6.4065,6.40660,5.000
5,100.250,-0.01,6.3565,6.35660,5.000
5,100.300,-0.01,6.3065,6.30660,5.000
5,100.350,0.00,6.2563,6.25640,5.000
5,100.400,0.00,6.2064,6.20650,5.000
5,100.450,0.00,6.1565,6.15660,5.000
5,100.500,0.00,6.1065,6.10660,5.000
5,100.550,0.00,6.0564,6.05650,5.000
5,100.600,0.00,6.0063,6.00640,5.000
5,100.650,0.00,5.9563,5.95640,5.000
5,100.700,-0.01,5.9064,5.90650,5.000
5,100.750,0.00,5.8562,5.85630,5.000
5,100.800,0.00,5.8064,5.80650,5.000
5,100.850,0.00,5.7565,5.75660,5.000
5,100.900,0.00,5.7064,5.70650,5.000
5,100.950,0.00,5.6562,5.65630,5.000
5,101.000,0.00,5.6064,5.60650,5.000
5,101.050,0.00,5.5565,5.55660,5.000
5,101.100,0.00,5.5065,5.50660,5.000
5,101.150,0.00,5.4564,5.45650,5.000
5,101.200,0.00,5.4065,5.40660,5.000
5,101.250,0.00,5.3564,5.35650,5.000
5,101.300,0.00,5.3064,5.30650,5.000
5,101.350,0.00,5.2563,5.25640,5.000
5,101.400,0.00,5.2063,5.20640,5.000
5,101.450,0.00,5.1564,5.15650,5.000
5,101.500,0.00,5.1065,5.10660,5.000
5,101.550,0.00,5.0562,5.05630,5.000
5,101.600,0.00,5.0063,5.00640,5.000
5,101.650,0.00,4.9563,4.95640,5.000
5,101.700,0.00,4.9063,4.90640,5.000
5,101.750,0.00,4.8564,4.85650,5.000
5,101.800,0.00,4.8063,4.80640,5.000
5,101.850,0.00,4.7563,4.75640,5.000
5,101.900,0.00,4.7065,4.70660,5.000
5,101.950,0.00,4.6563,4.65640,5.000
5,102.000,0.01,4.6062,4.60630,5.000
5,102.050,0.00,4.5564,4.55650,5.000
5,102.100,0.00,4.5065,4.50660,5.000
5,102.150,0.00,4.4563,4.45640,5.000
5,102.200,0.00,4.4061,4.40620,5.000
5,102.250,0.00,4.3563,4.35640,5.000
5,102.300,0.00,4.3063,4.30640,5.000
5,102.350,0.00,4.2563,4.25640,5.000
5,102.400,0.00,4.2063,4.20640,5.000
5,102.450,0.00,4.1565,4.15660,5.000
5,102.500,0.00,4.1065,4.10660,5.000
5,102.550,0.00,4.0563,4.05640,5.000
5,102.600,0.00,4.0062,4.00630,5.000
5,102.650,0.00,3.9563,3.95640,5.000
5,102.700,0.00,3.9064,3.90650,5.000
5,102.750,0.00,3.8563,3.85640,5.000
5,102.800,0.00,3.8062,3.80630,5.000
5,102.850,0.00,3.7563,3.75640,5.000
5,102.900,0.00,3.7063,3.70640,5.000
5,102.950,0.00,3.6563,3.65640,5.000
5,103.000,0.01,3.6061,3.60620,5.000
5,103.050,0.00,3.5563,3.55640,5.000
5,103.100,0.00,3.5062,3.50630,5.000
5,103.150,0.00,3.4563,3.45640,5.000
5,103.200,0.00,3.4061,3.40620,5.000
5,103.250,0.00,3.3563,3.35640,5.000
5,103.300,0.00,3.3064,3.30650,5.000
5,103.350,0.00,3.2563,3.25640,5.000
5,103.400,0.00,3.2062,3.20630,5.000
5,103.450,0.00,3.1563,3.15640,5.000
5,103.500,0.00,3.1063,3.10640,5.000
5,103.550,-0.01,3.0562,3.05630,5.000
5,103.600,0.00,3.0061,3.00620,5.000
5,103.650,0.00,2.9563,2.95640,5.000
5,103.700,0.00,2.9063,2.90640,5.000
5,103.750,0.00,2.8562,2.85630,5.000
5,103.800,0.00,2.8061,2.80620,5.000
5,103.850,0.00,2.7562,2.75630,5.000
5,103.900,-0.01,2.7062,2.70630,5.000
5,103.950,0.00,2.6563,2.65640,5.000
5,104.000,0.00,2.6062,2.60630,5.000
5,104.050,0.00,2.5562,2.55630,5.000
5,104.100,0.00,2.5063,2.50640,5.000
5,104.150,0.00,2.4562,2.45630,5.000
5,104.200,0.00,2.4061,2.40620,5.000
5,104.250,0.00,2.3562,2.35630,5.000
5,104.300,0.00,2.3063,2.30640,5.000
5,104.350,0.00,2.2561,2.25620,5.000
5,104.400,0.00,2.2061,2.20620,5.000
5,104.450,0.00,2.1562,2.15630,5.000
5,104.500,0.00,2.1063,2.10640,5.000
5,104.550,0.00,2.0562,2.05630,5.000
5,104.600,0.00,2.0061,2.00620,5.000
5,104.650,0.00,1.9563,1.95640,5.000
5,104.700,0.00,1.9063,1.90640,5.000
5,104.750,0.00,1.8561,1.85620,5.000
5,104.800,0.00,1.8060,1.80610,5.000
5,104.850,0.00,1.7562,1.75630,5.000
5,104.900,0.00,1.7062,1.70630,5.000
5,104.950,0.00,1.6563,1.65640,5.000
5,105.000,0.00,1.6060,1.60610,5.000
5,105.050,0.00,1.5561,1.55620,5.000
5,105.100,0.00,1.5062,1.50630,5.000
5,105.150,0.00,1.4562,1.45630,5.000
5,105.200,0.00,1.4061,1.40620,5.000
5,105.250,0.00,1.3560,1.35610,5.000
5,105.300,0.00,1.3062,1.30630,5.000
5,105.350,0.00,1.2562,1.25630,5.000
5,105.400,0.00,1.2060,1.20610,5.000
5,105.450,0.00,1.1561,1.15620,5.000
5,105.500,0.00,1.1060,1.10610,5.000
5,105.550,0.00,1.0562,1.05630,5.000
5,105.600,0.00,1.0060,1.00610,5.000
5,105.650,0.00,0.9561,0.95620,5.000
5,105.700,0.01,0.9062,0.90630,5.000
5,105.750,0.00,0.8563,0.85640,5.000
5,105.800,0.00,0.8061,0.80620,5.000
5,105.850,0.00,0.7561,0.75620,5.000
5,105.900,0.00,0.7063,0.70640,5.000
5,105.950,0.00,0.6563,0.65640,5.000
5,106.000,0.00,0.6060,0.60610,5.000
5,106.050,0.00,0.5562,0.55630,5.000
5,106.100,0.00,0.5063,0.50640,5.000
5,106.150,0.00,0.4562,0.45630,5.000
5,106.200,0.00,0.4060,0.40610,5.000
5,106.250,0.00,0.3562,0.35630,5.000
5,106.300,0.00,0.3061,0.30620,5.000
5,106.350,0.00,0.2562,0.25630,5.000
5,106.400,0.00,0.2060,0.20610,5.000
5,106.450,-0.01,0.1560,0.15610,5.000
5,106.500,0.00,0.1060,0.10610,5.000
5,106.550,0.00,0.0563,0.05640,5.000
5,106.600,0.00,0.0061,0.00620,5.000
5,106.700,0.00,-0.0281,-0.02800,5.000
5,106.750,0.00,-0.0002,-0.00010,5.000
5,106.800,0.00,-0.0004,-0.00030,5.000
5,106.850,0.01,-0.0004,-0.00030,5.000
5,106.900,0.00,-0.0004,-0.00030,5.000
5,106.950,0.00,-0.0004,-0.00030,5.000
5,107.000,0.00,-0.0004,-0.00030,5.000
5,107.050,0.00,-0.0004,-0.00030,5.000
5,107.100,0.00,-0.0004,-0.00030,5.000
5,107.150,0.00,-0.0004,-0.00030,5.000
5,107.200,0.00,-0.0004,-0.00030,5.000
5,107.250,0.00,-0.0004,-0.00030,5.000
5,107.300,0.00,-0.0004,-0.00030,5.000
5,107.350,0.00,-0.0004,-0.00030,5.000
5,107.400,0.00,-0.0004,-0.00030,5.000
5,107.450,0.00,-0.0004,-0.00030,5.000
5,107.500,0.00,-0.0004,-0.00030,5.000
5,107.550,0.00,-0.0004,-0.00030,5.000
5,107.600,0.00,-0.0004,-0.00030,5.000
5,107.650,0.00,-0.0004,-0.00030,5.000
5,107.700,0.00,-0.0004,-0.00030,5.000
5,107.750,0.00,-0.0004,-0.00030,5.000
5,107.800,0.00,-0.0004,-0.00030,5.000
5,107.850,0.00,-0.0004,-0.00030,5.000
5,107.900,0.00,-0.0004,-0.00030,5.000
5,107.950,0.00,-0.0004,-0.00030,5.000
5,108.000,0.00,-0.0004,-0.00030,5.000
5,108.050,0.00,-0.0004,-0.00030,5.000
5,108.100,0.01,-0.0004,-0.00030,5.000
5,108.150,0.00,-0.0004,-0.00030,5.000
5,108.200,0.00,-0.0004,-0.00030,5.000
5,108.250,0.00,-0.0004,-0.00030,5.000
5,108.300,0.00,-0.0004,-0.00030,5.000
5,108.350,0.00,-0.0004,-0.00030,5.000
5,108.400,0.00,-0.0004,-0.00030,5.000
5,108.450,0.00,-0.0004,-0.00030,5.000
5,108.500,0.00,-0.0004,-0.00030,5.000
5,108.550,0.00,-0.0004,-0.00030,5.000
5,108.600,0.00,-0.0004,-0.00030,5.000
5,108.650,0.00,-0.0003,-0.00020,5.000
5,108.700,0.00,-0.0003,-0.00020,5.000
5,108.750,0.00,-0.0003,-0.00020,5.000
5,108.800,0.00,-0.0003,-0.00020,5.000
5,108.850,0.00,-0.0003,-0.00020,5.000
5,108.900,0.00,-0.0003,-0.00020,5.000
5,108.950,0.00,-0.0003,-0.00020,5.000
5,109.000,0.00,-0.0003,-0.00020,5.000
5,109.050,0.00,-0.0003,-0.00020,5.000
5,109.100,0.00,-0.0003,-0.00020,5.000
5,109.150,0.00,-0.0003,-0.00020,5.000
5,109.200,0.00,-0.0003,-0.00020,5.000
5,109.250,0.00,-0.0003,-0.00020,5.000
5,109.300,0.00,-0.0003,-0.00020,5.000
5,109.350,0.00,-0.0003,-0.00020,5.000
5,109.400,0.00,-0.0003,-0.00020,5.000
5,109.450,0.00,-0.0003,-0.00020,5.000
5,109.500,0.00,-0.0003,-0.00020,5.000
5,109.550,0.00,-0.0003,-0.00020,5.000
5,109.600,0.00,-0.0003,-0.00020,5.000
5,109.650,0.00,-0.0003,-0.00020,5.000
5,109.750,0.00,-0.0003,-0.00020,5.000
5,109.800,0.00,-0.0003,-0.00020,5.000
5,109.850,0.00,-0.0003,-0.00020,5.000
5,109.900,0.00,-0.0003,-0.00020,5.000
5,109.950,0.00,-0.0003,-0.00020,5.000
5,110.000,0.00,-0.0003,-0.00020,5.000
5,110.050,0.00,-0.0003,-0.00020,5.000
5,110.100,0.00,-0.0003,-0.00020,5.000
5,110.150,0.00,-0.0003,-0.00020,5.000
5,110.200,0.00,-0.0003,-0.00020,5.000
5,110.250,0.00,-0.0003,-0.00020,5.000
5,110.300,0.00,-0.0003,-0.00020,5.000
5,110.350,0.00,-0.0003,-0.00020,5.000
5,110.400,0.00,-0.0002,-0.00010,5.000
5,110.450,0.00,-0.0002,-0.00010,5.000
5,110.500,0.00,-0.0002,-0.00010,5.000
5,110.550,0.00,-0.0002,-0.00010,5.000
5,110.600,0.00,-0.0002,-0.00010,5.000
5,110.650,0.00,-0.0002,-0.00010,5.000


