Loop Time (ms)	IR (16 bit)	Force (N)
258	10376	1532.3
71	10374	1532.42
64	10377	1532.3
64	10378	1532.3
64	10373	1532.42
64	10373	1532.3
64	10372	1532.3
64	10379	1532.3
64	10379	1532.3
64	10374	1532.42
80	10377	1532.42
64	10374	1532.42
64	10375	1532.3
64	10375	1532.42
63	10379	1532.3
64	10380	1532.42
64	10378	1532.42
64	10379	1532.3
65	10373	1532.3
63	10377	1532.3
64	10375	1532.3
64	10379	1532.3
80	10376	1532.3
64	10381	1532.42
64	10379	1532.42
64	10381	1532.42
64	10379	1532.42
64	10378	1532.42
64	10380	1532.42
64	10383	1532.42
64	10382	1532.3
64	10381	1532.3
64	10389	1532.3
63	10406	1532.3
80	10426	1532.42
65	10438	1532.3
64	10450	1532.42
64	10469	1532.3
64	10481	1532.3
64	10498	1532.3
63	10515	1532.3
64	10532	1532.3
64	10545	1532.42
64	10567	1532.42
64	10582	1532.42
64	10607	1532.42
80	10618	1532.42
64	10640	1532.42
65	10661	1532.42
64	10682	1532.42
63	10702	1532.3
64	10728	1532.42
64	10746	1532.3
64	10773	1532.3
65	10796	1532.3
62	10822	1532.42
64	10851	1532.42
65	10872	1532.55
80	10901	1532.42
64	10933	1532.42
63	10960	1532.42
65	10985	1532.42
64	11013	1532.3
64	11046	1532.42
64	11083	1532.3
64	11113	1532.3
64	11155	1532.3
63	11186	1532.42
65	11224	1532.42
63	11260	1532.42
81	11300	1532.42
64	11338	1532.3
63	11380	1532.42
64	11424	1532.3
64	11467	1532.3
64	11512	1532.42
65	11554	1532.3
63	11605	1532.42
64	11656	1532.42
65	11697	1532.42
63	11747	1532.81
64	11795	1533.19
80	11849	1533.57
64	11903	1534.08
64	11965	1534.72
64	12028	1535.36
64	12113	1536.26
64	12191	1537.15
64	12284	1538.17
64	12386	1539.45
63	12493	1540.73
65	12602	1542.14
64	12699	1543.54
64	12779	1545.2
79	12801	1545.84
64	12792	1544.31
65	12689	1542.78
63	12541	1541.24
64	12417	1539.96
64	12314	1538.69
65	12224	1537.66
63	12141	1536.77
65	12063	1535.75
63	11990	1534.98
64	11932	1534.34
64	11875	1533.83
65	11825	1533.45
79	11774	1533.06
64	11740	1532.93
64	11690	1532.68
65	11639	1532.81
63	11590	1532.68
65	11543	1532.68
63	11497	1532.68
64	11450	1532.68
65	11416	1532.55
63	11374	1532.81
64	11332	1532.68
63	11295	1532.68
80	11253	1532.68
65	11219	1532.68
63	11185	1532.68
65	11146	1532.68
64	11118	1532.68
64	11087	1532.68
63	11049	1532.55
64	11017	1532.68
65	10987	1532.55
64	10960	1532.68
64	10934	1532.68
63	10909	1532.68
81	10882	1532.55
63	10857	1532.68
65	10832	1532.68
64	10804	1532.55
63	10786	1532.68
65	10760	1532.68
64	10738	1532.68
64	10713	1532.68
63	10700	1532.68
64	10678	1532.68
64	10659	1532.68
64	10638	1532.68
80	10618	1532.68
64	10606	1532.55
64	10588	1532.68
64	10568	1532.68
64	10554	1532.68
64	10540	1532.68
64	10521	1532.68
64	10504	1532.68
64	10494	1532.68
64	10475	1532.55
64	10463	1532.68
63	10451	1532.68
80	10437	1532.68
65	10421	1532.68
64	10407	1532.81
64	10407	1532.68
64	10416	1532.68
63	10418	1532.68
64	10417	1532.55
65	10416	1532.68
64	10415	1532.68
64	10418	1532.68
64	10415	1532.68
64	10417	1532.81
80	10418	1532.68
63	10419	1532.68
64	10421	1532.68
65	10420	1532.68
63	10416	1532.81
64	10420	1532.68
64	10423	1532.68
64	10421	1532.81
64	10422	1532.68
63	10420	1532.68
65	10421	1532.55
64	10420	1532.68
80	10423	1532.55
64	10421	1532.68
64	10420	1532.68
64	10424	1532.68
64	10424	1532.55
64	10423	1532.81
64	10423	1532.68
64	10422	1532.68
63	10424	1532.68
65	10422	1532.68
63	10424	1532.81
64	10424	1532.68
80	10425	1532.68
65	10425	1532.81
63	10422	1532.68
64	10425	1532.68
64	10425	1532.68
64	10426	1532.68
64	10428	1532.55
64	10429	1532.55
64	10425	1532.68
64	10427	1532.55
64	10426	1532.68
64	10426	1532.68
80	10425	1532.81
64	10425	1532.68
64	10427	1532.68
64	10427	1532.68
64	10428	1532.55
64	10426	1532.81
63	10431	1532.68
64	10430	1532.81
65	10428	1532.68
64	10428	1532.68
63	10425	1532.81
64	10426	1532.68
80	10430	1532.68
64	10430	1532.68
65	10430	1532.68
64	10426	1532.55
63	10429	1532.68
64	10431	1532.68
64	10428	1532.55
65	10428	1532.68
63	10433	1532.68
65	10431	1532.68
63	10432	1532.68
64	10428	1532.68
80	10434	1532.81
65	10429	1532.68
64	10431	1532.81
63	10429	1532.55
64	10432	1532.81
64	10429	1532.68
64	10428	1532.68
64	10432	1532.81
64	10430	1532.81
64	10433	1532.68
64	10431	1532.68
63	10431	1532.81
81	10430	1532.68
64	10431	1532.68
64	10430	1532.68
64	10434	1532.68
64	10433	1532.68
64	10434	1532.81
63	10433	1532.81
65	10432	1532.68
64	10438	1532.81
63	10434	1532.81
64	10435	1532.81
65	10430	1532.68
79	10435	1532.81
64	10432	1532.68
64	10437	1532.68
64	10451	1532.81
64	10463	1532.81
64	10476	1532.81
64	10493	1532.68
64	10508	1532.68
64	10526	1532.68
64	10540	1532.81
64	10553	1532.68
64	10573	1532.68
80	10590	1532.68
64	10607	1532.68
64	10626	1532.68
63	10641	1532.81
65	10660	1532.81
63	10681	1532.68
64	10704	1532.68
65	10717	1532.81
64	10738	1532.68
64	10763	1532.81
64	10787	1532.68
63	10806	1532.68
80	10829	1532.81
65	10856	1532.68
64	10886	1532.68
63	10910	1532.68
65	10932	1532.68
63	10962	1532.68
65	10993	1532.68
63	11023	1532.68
65	11052	1532.68
63	11086	1532.81
64	11120	1532.81
65	11154	1532.68
79	11179	1532.68
64	11217	1532.81
64	11253	1532.81
64	11286	1532.81
64	11328	1532.68
64	11368	1532.68
64	11405	1532.68
64	11448	1532.81
64	11490	1532.81
64	11540	1532.81
64	11581	1532.81
64	11633	1532.81
79	11680	1532.68
65	11726	1532.81
63	11771	1532.93
65	11823	1533.19
63	11871	1533.57
65	11928	1534.08
64	11980	1534.6
63	12041	1535.23
64	12115	1536
65	12191	1536.9
64	12281	1537.79
63	12369	1538.81
65	12478	1540.09
80	12589	1541.5
63	12700	1542.78
64	12796	1544.31
64	12865	1546.1
64	12873	1545.59
64	12830	1543.8
64	12679	1542.26
64	12544	1540.86
64	12434	1539.58
64	12334	1538.56
64	12253	1537.54
63	12170	1536.51
81	12094	1535.75
63	12029	1534.98
65	11966	1534.6
63	11915	1533.83
65	11858	1533.57
64	11815	1533.19
64	11768	1533.06
64	11720	1532.93
64	11674	1532.93
63	11625	1532.93
64	11574	1532.93
65	11527	1532.93
80	11485	1532.81
63	11448	1532.68
65	11405	1532.81
64	11362	1532.81
63	11324	1532.81
64	11292	1532.81
65	11251	1532.81
64	11220	1532.81
63	11186	1532.81
64	11148	1532.93
64	11122	1532.81
64	11084	1532.81
79	11053	1532.81
65	11020	1532.68
64	10992	1532.81
64	10972	1532.81
64	10944	1532.81
64	10915	1532.81
64	10888	1532.81
64	10861	1532.81
64	10841	1532.81
64	10815	1532.68
63	10792	1532.68
64	10763	1532.81
81	10746	1532.81
64	10724	1532.68
63	10705	1532.81
64	10684	1532.68
64	10669	1532.93
64	10649	1532.93
65	10628	1532.81
64	10613	1532.81
63	10596	1532.81
64	10579	1532.81
65	10560	1532.68
63	10548	1532.81
80	10528	1532.68
64	10519	1532.81
64	10505	1532.68
64	10491	1532.81
64	10476	1532.81
64	10463	1532.81
64	10449	1532.81
64	10441	1532.81
64	10444	1532.68
64	10448	1532.68
64	10447	1532.81
64	10448	1532.81
80	10451	1532.81
64	10451	1532.93
64	10453	1532.81
64	10450	1532.81
64	10451	1532.81
64	10447	1532.81
64	10452	1532.81
64	10452	1532.81
64	10450	1532.81
64	10452	1532.81
63	10447	1532.81
64	10451	1532.93
80	10451	1532.68
64	10453	1532.81
65	10451	1532.81
63	10451	1532.81
64	10450	1532.93
65	10452	1532.81
63	10453	1532.81
64	10455	1532.81
64	10451	1532.81
64	10452	1532.68
64	10452	1532.81
64	10455	1532.81
80	10455	1532.81
64	10451	1532.81
64	10453	1532.81
64	10455	1532.81
64	10456	1532.81
64	10457	1532.81
63	10450	1532.81
65	10454	1532.81
64	10453	1532.81
64	10456	1532.81
63	10458	1532.81
64	10459	1532.81
80	10453	1532.81
65	10458	1532.81
64	10454	1532.81
63	10453	1532.81
64	10453	1532.81
65	10456	1532.81
64	10455	1532.93
63	10454	1532.81
64	10457	1532.81
64	10455	1532.81
64	10455	1532.81
64	10460	1532.81
80	10463	1532.81
64	10456	1532.81
64	10457	1532.81
64	10454	1532.68
64	10456	1532.81
64	10459	1532.81
64	10454	1532.81
63	10460	1532.81
65	10458	1532.81
63	10457	1532.81
64	10460	1532.81
64	10462	1532.93
81	10456	1532.81
64	10460	1532.81
64	10456	1532.81
63	10458	1532.81
64	10461	1532.93
64	10462	1532.81
64	10460	1532.81
64	10459	1532.81
64	10458	1532.81
65	10459	1532.81
63	10458	1532.81
65	10462	1532.93
79	10460	1532.81
64	10462	1532.81
64	10459	1532.81
64	10461	1532.93
64	10459	1532.81
65	10461	1532.81
63	10456	1532.81
64	10458	1532.93
64	10459	1532.81
64	10458	1532.81
64	10464	1532.81
64	10460	1532.81
80	10464	1532.81
64	10459	1532.93
63	10465	1532.81
65	10455	1532.81
64	10457	1532.81
63	10457	1532.81
65	10465	1532.81
63	10470	1532.81
64	10479	1532.93
64	10497	1532.81
64	10510	1532.68
64	10526	1532.93
80	10541	1532.93
64	10552	1532.81
65	10572	1532.93
64	10589	1532.93
64	10606	1532.81
63	10623	1532.81
64	10640	1533.06
64	10659	1532.93
64	10676	1532.81
64	10691	1532.93
64	10716	1532.93
64	10735	1532.93
80	10755	1532.81
65	10775	1532.93
63	10798	1532.68
64	10823	1532.81
64	10847	1532.93
64	10867	1532.81
64	10896	1532.81
64	10922	1532.81
64	10952	1532.93
64	10979	1532.93
64	11001	1532.93
63	11034	1532.93
65	11064	1532.81
80	11101	1532.93
63	11126	1532.81
65	11162	1532.93
64	11193	1532.81
64	11230	1532.81
64	11261	1532.81
63	11302	1532.81
64	11331	1533.06
64	11369	1532.93
64	11412	1532.81
65	11453	1532.93
64	11486	1532.81
79	11533	1532.93
64	11582	1532.81
64	11636	1532.93
64	11674	1532.81
64	11729	1532.93
65	11779	1532.93
63	11815	1533.19
64	11866	1533.45
64	11923	1533.96
64	11980	1534.34
65	12039	1534.98
63	12107	1535.62
80	12175	1536.51
64	12256	1537.28
64	12346	1538.3
64	12444	1539.45
63	12553	1540.73
64	12670	1542.01
65	12771	1543.54
64	12868	1545.08
64	12912	1546.48
63	12906	1545.46
65	12853	1543.8
64	12698	1542.26
80	12565	1540.86
63	12456	1539.58
65	12362	1538.56
64	12277	1537.54
64	12196	1536.64
63	12122	1535.75
65	12055	1534.98
63	11995	1534.34
64	11941	1533.83
64	11884	1533.57
64	11837	1533.19
64	11799	1533.06
80	11748	1532.93
64	11700	1532.93
64	11648	1532.93
64	11600	1533.06
64	11558	1532.93
64	11508	1532.93
64	11470	1532.93
64	11425	1532.93
64	11390	1532.81
64	11356	1532.81
64	11313	1532.93
63	11276	1532.93
81	11244	1532.81
64	11210	1532.81
63	11176	1532.81
65	11142	1532.81
64	11107	1533.06
63	11082	1532.93
65	11050	1532.81
64	11015	1532.93
63	10989	1532.93
64	10962	1532.93
65	10937	1532.81
63	10913	1532.81
81	10888	1532.81
63	10861	1532.93
65	10837	1532.93
63	10817	1532.81
65	10792	1532.93
63	10769	1532.93
64	10747	1532.81
64	10728	1532.93
64	10709	1532.93
64	10688	1532.93
64	10673	1532.93
64	10652	1532.93
80	10631	1532.81
63	10622	1532.93
64	10601	1532.81
65	10588	1532.93
64	10576	1532.93
64	10555	1532.93
64	10541	1532.93
64	10528	1532.93
63	10516	1532.81
65	10502	1532.93
64	10484	1532.81
64	10473	1532.93
79	10467	1532.93
65	10473	1532.81
64	10474	1532.81
63	10476	1532.93
65	10475	1532.93
63	10478	1532.93
64	10473	1532.81
65	10473	1532.93
63	10478	1532.81
64	10473	1532.93
64	10478	1532.81
64	10479	1532.93
80	10472	1532.81
64	10479	1532.93
64	10474	1532.93
64	10478	1532.81
64	10476	1532.81
63	10476	1532.93
65	10474	1532.81
64	10478	1532.93
64	10477	1532.81
64	10480	1532.81
64	10474	1532.93
64	10476	1532.93
79	10476	1532.93
65	10480	1532.81
64	10480	1532.93
64	10480	1532.93
63	10477	1532.93
65	10476	1532.93
64	10477	1532.93
63	10479	1533.06
65	10480	1532.93
63	10476	1532.81
65	10476	1532.81
63	10480	1532.93
80	10482	1532.93
64	10481	1532.93
65	10478	1532.93
63	10480	1532.93
64	10479	1532.81
64	10480	1532.93
64	10476	1532.93
64	10478	1532.93
64	10485	1532.93
64	10479	1532.81
64	10481	1532.93
63	10481	1532.93
81	10481	1532.93
64	10483	1532.93
63	10481	1532.93
64	10480	1532.93
65	10481	1532.93
64	10482	1532.81
63	10478	1532.93
65	10476	1532.93
64	10475	1532.93
63	10482	1532.81
65	10485	1532.93
63	10484	1532.93
81	10482	1532.81
63	10483	1532.93
64	10483	1532.81
64	10481	1532.93
64	10483	1532.81
65	10486	1532.93
63	10483	1532.81
64	10482	1532.81
64	10483	1533.06
64	10477	1532.93
64	10480	1532.81
64	10482	1532.93
80	10484	1532.81
64	10485	1532.93
64	10477	1532.93
64	10483	1532.93
64	10486	1532.81
64	10486	1532.93
64	10485	1532.81
64	10486	1532.81
63	10486	1532.93
65	10486	1532.93
64	10485	1533.06
63	10486	1532.93
65	10484	1533.06
80	10487	1533.06
64	10483	1533.06
63	10483	1532.93
64	10487	1532.81
64	10486	1532.93
64	10485	1532.93
64	10485	1532.93
65	10485	1532.93
63	10486	1532.93
65	10486	1532.93
64	10488	1533.06
64	10498	1532.93
79	10513	1533.06
64	10523	1533.06
64	10538	1532.93
65	10551	1532.81
63	10564	1533.06
64	10584	1532.93
64	10599	1532.93
64	10619	1532.93
64	10633	1532.93
64	10648	1532.93
64	10668	1532.93
63	10687	1533.06
80	10702	1532.93
65	10730	1532.93
64	10739	1532.93
63	10765	1532.93
65	10785	1532.81
64	10808	1532.93
63	10830	1532.93
65	10855	1532.93
63	10878	1532.68
64	10903	1532.93
65	10928	1532.93
63	10953	1533.06
80	10979	1532.93
65	11010	1532.93
63	11036	1532.93
64	11065	1533.06
64	11092	1533.06
64	11130	1532.93
65	11162	1532.93
63	11192	1533.06
64	11227	1532.93
64	11257	1533.06
64	11296	1532.93
64	11331	1532.93
80	11368	1533.06
63	11408	1532.81
65	11449	1532.93
64	11490	1533.06
64	11527	1532.81
63	11572	1532.93
64	11624	1532.93
65	11669	1533.06
64	11718	1532.81
64	11768	1533.06
64	11818	1533.19
64	11859	1533.32
80	11907	1533.7
63	11963	1533.96
65	12021	1534.6
64	12082	1535.23
63	12149	1536
65	12223	1536.77
64	12305	1537.66
64	12397	1538.69
64	12496	1539.84
63	12613	1541.11
64	12725	1542.52
64	12831	1544.05
80	12924	1545.72
64	12948	1546.74
64	12940	1545.2
64	12857	1543.54
64	12696	1542.14
64	12568	1540.73
64	12469	1539.45
64	12372	1538.43
64	12288	1537.28
64	12206	1536.51
63	12138	1535.62
65	12071	1534.85
80	12013	1534.34
64	11963	1533.83
64	11907	1533.45
64	11864	1533.32
64	11815	1533.19
64	11765	1532.93
64	11713	1533.06
63	11668	1533.06
64	11621	1532.93
65	11572	1532.93
63	11533	1533.06
64	11494	1533.06
80	11450	1532.93
64	11415	1532.93
64	11374	1533.06
64	11335	1532.93
64	11299	1532.93
64	11266	1532.93
64	11231	1532.93
64	11196	1532.93
63	11165	1532.93
64	11133	1532.93
65	11098	1532.93
64	11065	1533.06
79	11042	1532.81
65	11019	1532.93
64	10989	1532.93
64	10959	1532.93
63	10939	1532.81
65	10908	1532.93
63	10888	1532.93
65	10860	1532.93
63	10837	1532.93
64	10814	1532.93
65	10794	1532.93
63	10773	1532.93
80	10750	1532.93
64	10731	1532.93
65	10715	1532.93
63	10694	1532.93
64	10678	1532.93
64	10660	1532.93
65	10642	1532.93
63	10627	1532.93
64	10607	1533.06
64	10594	1532.93
64	10580	1533.06
64	10566	1532.93
80	10551	1532.93
64	10539	1532.93
63	10524	1533.06
65	10508	1532.93
63	10494	1532.93
65	10492	1532.93
64	10499	1532.93
63	10500	1532.93
64	10499	1532.93
65	10502	1532.93
64	10501	1532.93
64	10500	1532.93
80	10501	1533.06
64	10502	1533.06
64	10498	1532.93
64	10503	1532.93
63	10504	1533.06
64	10506	1533.06
64	10504	1533.06
65	10502	1532.93
63	10503	1533.06
64	10504	1533.06
64	10502	1532.93
64	10506	1532.93
80	10505	1533.06
64	10505	1532.93
64	10503	1532.93
64	10504	1532.93
64	10500	1532.93
63	10505	1533.19
65	10502	1532.93
64	10503	1532.81
64	10500	1533.06
64	10503	1532.93
63	10504	1533.06
65	10507	1533.06
80	10505	1532.93
64	10509	1532.93
64	10507	1533.06
64	10504	1533.06
64	10504	1533.06
63	10502	1532.93
64	10506	1532.93
64	10508	1533.06
64	10507	1532.93
65	10505	1532.93
63	10508	1532.93
64	10505	1533.06
80	10507	1533.06
64	10506	1533.06
64	10507	1533.06
64	10508	1533.06
64	10508	1532.93
64	10510	1533.06
64	10505	1532.93
64	10506	1533.06
64	10509	1532.93
64	10505	1532.93
64	10508	1532.93
64	10505	1532.93
80	10509	1533.06
64	10508	1533.19
64	10506	1533.06
64	10509	1533.06
64	10506	1533.06
64	10511	1533.06
64	10512	1533.06
64	10508	1533.06
64	10509	1533.06
64	10506	1533.06
64	10514	1532.93
64	10514	1532.93
64	10510	1533.06
79	10510	1533.06
64	10509	1532.93
64	10512	1532.93
64	10516	1532.93
65	10507	1533.06
64	10511	1533.06
63	10514	1533.06
65	10511	1533.06
63	10511	1532.93
64	10512	1533.06
64	10515	1532.93
64	10511	1533.06
80	10511	1533.06
64	10510	1533.06
63	10509	1532.93
65	10510	1532.93
64	10514	1533.06
63	10512	1532.93
65	10515	1532.93
63	10515	1533.06
64	10514	1533.06
65	10510	1533.06
64	10516	1533.06
63	10513	1533.06
81	10515	1533.06
64	10514	1533.06
64	10514	1532.93
64	10514	1533.06
64	10532	1533.06
63	10541	1532.93
64	10560	1532.93
65	10574	1533.06
63	10587	1532.93
64	10603	1533.06
64	10622	1533.06
65	10639	1533.06
79	10652	1533.06
65	10667	1533.06
63	10684	1533.06
64	10705	1532.93
64	10722	1533.06
64	10741	1533.06
64	10767	1532.93
63	10780	1533.06
65	10800	1533.06
64	10821	1533.06
64	10849	1533.06
64	10868	1533.06
79	10895	1533.06
64	10922	1533.06
64	10942	1533.19
65	10969	1532.93
63	10995	1533.06
64	11028	1533.06
64	11054	1533.06
65	11086	1533.06
64	11116	1533.06
64	11144	1533.06
63	11177	1533.06
64	11204	1532.93
80	11240	1533.06
64	11271	1533.06
65	11307	1532.93
63	11344	1533.06
64	11379	1533.06
64	11417	1533.06
64	11457	1533.06
64	11502	1533.06
64	11544	1533.06
64	11586	1533.19
64	11630	1533.06
64	11681	1533.06
80	11726	1533.19
64	11770	1533.06
64	11827	1533.19
64	11869	1533.19
64	11926	1533.7
64	11981	1533.96
64	12022	1534.34
63	12085	1534.98
65	12152	1535.62
64	12218	1536.26
64	12300	1537.15
64	12384	1538.17
80	12482	1539.32
64	12589	1540.6
63	12705	1541.88
64	12816	1543.29
64	12918	1544.82
64	12988	1546.48
65	13007	1546.61
63	12982	1544.82
64	12861	1543.29
64	12711	1541.75
64	12588	1540.48
64	12485	1539.32
80	12394	1538.05
65	12310	1537.28
63	12236	1536.26
64	12169	1535.62
64	12107	1534.85
64	12040	1534.21
64	11989	1533.96
64	11942	1533.45
64	11901	1533.32
64	11852	1533.06
64	11799	1533.06
64	11748	1533.06
80	11704	1533.06
64	11656	1533.06
63	11608	1533.06
65	11569	1533.06
64	11521	1533.06
63	11484	1533.06
64	11451	1533.06
65	11421	1533.06
64	11384	1533.06
64	11341	1533.06
64	11312	1532.93
63	11283	1533.06
81	11244	1533.19
63	11216	1533.06
64	11182	1533.06
64	11150	1533.06
65	11124	1532.93
63	11098	1533.19
64	11064	1533.06
65	11041	1533.06
63	11015	1533.06
64	10986	1533.06
64	10965	1533.06
64	10945	1533.19
80	10916	1533.06
64	10893	1533.06
64	10873	1533.06
64	10849	1533.06
64	10825	1533.06
64	10807	1533.19
64	10785	1533.06
64	10766	1533.19
63	10748	1533.06
65	10730	1533.06
64	10711	1533.06
63	10700	1533.06
81	10679	1533.19
64	10665	1533.06
64	10651	1533.19
63	10637	1533.06
64	10623	1533.06
64	10610	1532.93
65	10589	1533.19
63	10579	1533.06
64	10570	1533.06
64	10554	1532.93
65	10556	1533.06
64	10562	1533.06
80	10564	1533.06
63	10563	1533.19
65	10565	1533.06
63	10564	1533.06
64	10567	1533.06
64	10565	1533.06
64	10567	1533.06
64	10566	1533.06
64	10566	1533.06
63	10566	1533.06
65	10566	1533.06
64	10569	1532.93
80	10569	1533.06
64	10564	1533.19
63	10569	1533.06
65	10568	1533.06
64	10568	1533.06
64	10568	1533.06
64	10565	1533.06
63	10569	1533.19
65	10570	1533.06
64	10566	1533.06
63	10572	1533.19
65	10568	1533.19
63	10569	1533.06
80	10571	1533.06
65	10567	1533.06
63	10570	1533.06
64	10572	1532.93
64	10570	1533.06
64	10572	1533.19
64	10573	1533.19
64	10571	1533.19
64	10572	1533.19
64	10567	1533.06
64	10575	1533.06
64	10574	1533.06
80	10569	1533.19
64	10572	1533.06
64	10568	1533.06
64	10574	1533.06
64	10569	1533.06
64	10574	1533.19
63	10575	1533.06
65	10572	1533.06
64	10570	1533.19
64	10575	1533.19
63	10574	1533.06
64	10574	1533.06
80	10580	1533.06
64	10577	1533.06
64	10572	1533.06
65	10576	1533.19
63	10575	1533.06
64	10573	1533.06
64	10577	1533.19
65	10578	1533.06
63	10578	1533.19
64	10577	1533.06
64	10572	1533.19
64	10580	1533.19
80	10575	1533.19
64	10576	1533.19
64	10583	1533.19
64	10575	1533.06
64	10575	1533.19
64	10578	1533.06
64	10577	1533.19
64	10578	1533.19
64	10576	1533.19
64	10578	1533.06
64	10581	1533.06
64	10579	1533.19
80	10583	1533.06
63	10585	1533.06
65	10581	1533.19
63	10582	1533.19
65	10583	1533.19
64	10579	1533.19
63	10578	1533.32
64	10578	1533.19
65	10585	1533.19
63	10581	1533.06
64	10586	1533.19
64	10582	1533.06
80	10579	1533.19
64	10579	1533.19
65	10583	1533.06
63	10583	1533.19
65	10585	1533.19
63	10581	1533.19
64	10579	1533.19
63	10582	1533.19
65	10589	1533.19
64	10611	1533.06
64	10618	1533.19
64	10633	1533.19
80	10651	1533.19
63	10667	1533.06
65	10680	1533.19
64	10699	1533.19
64	10713	1533.19
63	10728	1533.19
65	10746	1533.19
63	10767	1533.19
65	10788	1533.06
64	10806	1532.93
63	10820	1533.19
65	10839	1533.19
79	10873	1533.06
65	10889	1533.06
63	10908	1533.19
65	10936	1533.19
63	10963	1533.19
65	10982	1533.19
63	11007	1533.19
64	11036	1533.06
65	11066	1533.19
63	11094	1533.19
64	11123	1533.19
65	11149	1533.19
79	11179	1533.19
64	11204	1533.06
64	11239	1533.06
64	11276	1533.19
64	11301	1533.06
64	11337	1533.19
64	11372	1533.06
64	11409	1533.19
64	11444	1533.19
64	11483	1533.06
64	11516	1533.19
64	11564	1533.19
80	11612	1533.19
64	11655	1533.19
64	11701	1533.06
64	11749	1533.19
64	11795	1533.19
64	11843	1533.19
64	11898	1533.32
64	11943	1533.32
64	11991	1533.57
63	12047	1533.83
64	12096	1534.34
64	12154	1534.85
80	12216	1535.36
64	12283	1536.26
64	12358	1536.9
64	12441	1537.92
65	12539	1538.94
64	12644	1540.09
63	12760	1541.37
64	12881	1542.78
64	12984	1544.31
65	13076	1545.72
63	13110	1546.99
64	13108	1545.72
80	13036	1544.18
64	12876	1542.52
64	12738	1541.11
64	12632	1539.96
65	12528	1538.81
63	12440	1537.66
64	12356	1536.9
64	12280	1536
63	12211	1535.23
65	12155	1534.47
64	12103	1533.96
64	12045	1533.7
80	12000	1533.45
63	11949	1533.32
64	11901	1533.19
65	11852	1533.32
63	11795	1533.19
65	11752	1533.19
64	11703	1533.19
64	11660	1533.19
64	11613	1533.32
63	11573	1533.19
65	11531	1533.19
64	11490	1533.19
63	11452	1533.19
80	11416	1533.19
64	11377	1533.06
64	11345	1533.19
64	11312	1533.19
64	11280	1533.19
64	11247	1533.19
64	11216	1533.19
64	11190	1533.06
64	11161	1533.06
64	11133	1533.19
64	11102	1533.06
64	11070	1533.19
80	11041	1533.06
63	11017	1533.19
65	10997	1533.06
63	10969	1533.19
65	10950	1533.19
63	10923	1533.19
65	10909	1533.19
64	10879	1533.19
64	10850	1533.32
64	10835	1533.19
64	10822	1533.19
63	10797	1533.19
81	10779	1533.19
64	10758	1533.19
64	10747	1533.19
63	10729	1533.19
65	10709	1533.19
63	10695	1533.32
64	10680	1533.19
65	10663	1533.19
64	10652	1533.06
63	10637	1533.19
64	10625	1533.19
64	10609	1533.06
80	10599	1533.32
64	10582	1533.19
64	10596	1533.19
64	10602	1533.19
64	10599	1533.19
64	10598	1533.19
63	10594	1533.32
65	10599	1533.06
64	10603	1533.19
64	10599	1533.19
63	10597	1533.32
64	10598	1533.19
80	10597	1533.32
64	10602	1533.32
64	10600	1533.19
64	10602	1533.19
65	10598	1533.32
63	10598	1533.19
64	10600	1533.19
64	10596	1533.19
64	10599	1533.19
64	10597	1533.19
64	10604	1533.19
64	10600	1533.32
80	10605	1533.19
64	10601	1533.19
64	10600	1533.19
64	10605	1533.19
63	10602	1533.19
65	10604	1533.19
64	10600	1533.19
64	10604	1533.19
64	10601	1533.19
64	10602	1533.19
64	10601	1533.32
63	10604	1533.19
80	10606	1533.19
64	10607	1533.32
65	10602	1533.32
63	10602	1533.19
64	10603	1533.19
65	10602	1533.19
63	10600	1533.19
65	10602	1533.06
63	10605	1533.32
65	10606	1533.32
64	10607	1533.19
63	10605	1533.32
81	10606	1533.19
64	10605	1533.19
63	10605	1533.19
64	10607	1533.19
64	10602	1533.19
64	10603	1533.32
64	10606	1533.19
64	10608	1533.19
64	10605	1533.19
64	10604	1533.19
64	10607	1533.19
64	10606	1533.06
80	10605	1533.19
64	10604	1533.19
64	10607	1533.32
64	10608	1533.19
64	10608	1533.32
63	10605	1533.19
65	10607	1533.32
64	10609	1533.19
64	10609	1533.19
64	10608	1533.19
63	10606	1533.19
65	10606	1533.32
79	10603	1533.19
65	10607	1533.32
64	10612	1533.19
63	10608	1533.19
65	10608	1533.19
63	10608	1533.32
64	10606	1533.32
64	10607	1533.32
65	10611	1533.32
63	10611	1533.19
64	10611	1533.19
64	10608	1533.19
80	10608	1533.32
64	10610	1533.19
64	10611	1533.32
64	10613	1533.19
64	10611	1533.32
64	10609	1533.19
64	10609	1533.45
64	10611	1533.32
64	10610	1533.32
64	10611	1533.19
64	10610	1533.45
63	10611	1533.32
80	10613	1533.32
64	10620	1533.32
65	10638	1533.32
64	10652	1533.32
64	10663	1533.32
64	10675	1533.19
63	10692	1533.19
65	10710	1533.32
63	10723	1533.32
65	10741	1533.32
63	10764	1533.19
65	10775	1533.32
80	10793	1533.32
63	10810	1533.32
64	10831	1533.32
64	10854	1533.19
64	10876	1533.32
64	10895	1533.19
64	10913	1533.19
64	10945	1533.19
64	10961	1533.32
64	10985	1533.32
64	11012	1533.45
64	11040	1533.32
80	11066	1533.19
64	11088	1533.32
63	11116	1533.19
64	11147	1533.32
65	11175	1533.32
64	11202	1533.32
63	11240	1533.19
65	11266	1533.32
63	11299	1533.32
64	11333	1533.32
65	11365	1533.32
63	11402	1533.19
80	11435	1533.32
64	11472	1533.19
64	11515	1533.32
64	11554	1533.32
64	11595	1533.32
65	11638	1533.32
63	11685	1533.19
63	11735	1533.32
65	11773	1533.19
64	11824	1533.32
64	11878	1533.32
64	11932	1533.32
80	11978	1533.45
64	12026	1533.57
64	12077	1533.96
64	12135	1534.47
64	12191	1534.98
64	12249	1535.49
64	12318	1536.26
64	12394	1537.15
64	12483	1538.05
64	12578	1539.07
65	12684	1540.22
63	12800	1541.63
64	12921	1543.16
80	13026	1544.57
64	13120	1546.1
64	13144	1547.12
64	13133	1545.72
63	13053	1544.05
65	12890	1542.52
64	12759	1541.24
63	12645	1539.84
64	12551	1538.69
65	12454	1537.79
63	12377	1536.77
65	12307	1535.87
80	12235	1535.23
64	12178	1534.6
63	12121	1534.08
64	12071	1533.7
64	12025	1533.57
64	11965	1533.19
64	11925	1533.32
64	11876	1533.32
64	11826	1533.32
63	11769	1533.32
65	11724	1533.32
64	11680	1533.32
80	11641	1533.19
64	11587	1533.32
63	11541	1533.19
64	11509	1533.06
64	11471	1533.32
65	11433	1533.32
64	11402	1533.32
64	11365	1533.19
64	11329	1533.32
64	11300	1533.32
64	11269	1533.32
64	11233	1533.32
80	11206	1533.32
63	11177	1533.32
65	11147	1533.19
64	11124	1533.32
63	11092	1533.32
64	11068	1533.32
64	11034	1533.19
64	11019	1533.32
64	10999	1533.19
64	10967	1533.32
65	10947	1533.32
63	10919	1533.19
80	10902	1533.32
64	10878	1533.32
64	10853	1533.32
64	10836	1533.32
64	10818	1533.32
64	10795	1533.19
64	10778	1533.32
64	10763	1533.19
63	10743	1533.19
65	10730	1533.32
64	10712	1533.32
64	10697	1533.32
80	10683	1533.32
64	10670	1533.32
64	10651	1533.32
64	10643	1533.19
63	10627	1533.32
65	10616	1533.19
64	10611	1533.32
63	10617	1533.45
64	10619	1533.32
64	10623	1533.19
64	10615	1533.45
64	10621	1533.32
81	10617	1533.32
63	10618	1533.32
64	10618	1533.32
64	10620	1533.32
64	10619	1533.19
64	10621	1533.32
64	10618	1533.32
64	10622	1533.19
64	10620	1533.19
65	10622	1533.45
63	10624	1533.19
64	10620	1533.32
80	10619	1533.32
64	10622	1533.19
63	10623	1533.32
65	10621	1533.19
64	10621	1533.32
64	10624	1533.32
64	10621	1533.32
63	10620	1533.45
65	10623	1533.32
63	10621	1533.32
65	10618	1533.32
64	10624	1533.32
80	10621	1533.32
64	10622	1533.19
64	10623	1533.32
63	10624	1533.19
64	10622	1533.32
64	10623	1533.32
64	10623	1533.32
64	10625	1533.19
64	10623	1533.32
64	10623	1533.32
64	10623	1533.32
64	10624	1533.19
80	10624	1533.45
64	10622	1533.32
64	10624	1533.19
64	10625	1533.32
63	10620	1533.32
65	10623	1533.32
63	10624	1533.32
65	10623	1533.32
63	10624	1533.19
65	10627	1533.45
63	10622	1533.32
65	10624	1533.32
80	10623	1533.19
64	10626	1533.32
64	10623	1533.19
63	10624	1533.32
65	10623	1533.32
64	10623	1533.32
63	10623	1533.19
65	10624	1533.32
64	10624	1533.32
64	10624	1533.32
63	10627	1533.19
64	10628	1533.32
81	10626	1533.32
64	10625	1533.32
63	10621	1533.45
64	10627	1533.32
65	10626	1533.32
63	10627	1533.32
64	10624	1533.32
64	10626	1533.45
64	10626	1533.32
64	10625	1533.32
64	10626	1533.32
64	10629	1533.32
80	10628	1533.32
64	10624	1533.45
64	10628	1533.32
64	10627	1533.32
64	10628	1533.45
64	10628	1533.32
64	10623	1533.45
63	10627	1533.32
64	10624	1533.32
64	10623	1533.32
65	10627	1533.45
64	10630	1533.32
64	10628	1533.32
79	10625	1533.32
64	10629	1533.19
65	10624	1533.45
63	10629	1533.32
64	10631	1533.32
64	10643	1533.45
64	10661	1533.32
64	10675	1533.32
64	10688	1533.32
64	10703	1533.32
65	10716	1533.45
63	10729	1533.32
80	10751	1533.32
64	10768	1533.45
64	10789	1533.32
64	10804	1533.45
64	10821	1533.32
64	10845	1533.45
64	10860	1533.32
64	10885	1533.32
64	10899	1533.32
64	10926	1533.32
63	10952	1533.32
65	10973	1533.32
79	10990	1533.45
64	11026	1533.32
65	11039	1533.45
64	11069	1533.45
64	11097	1533.45
63	11122	1533.32
64	11157	1533.45
64	11178	1533.45
64	11210	1533.32
65	11242	1533.32
64	11273	1533.32
63	11301	1533.32
81	11338	1533.32
63	11367	1533.32
65	11401	1533.32
63	11442	1533.32
64	11475	1533.45
64	11511	1533.45
64	11549	1533.32
64	11596	1533.45
64	11636	1533.32
64	11680	1533.45
64	11724	1533.45
64	11772	1533.32
80	11825	1533.45
64	11868	1533.45
64	11921	1533.45
64	11975	1533.45
64	12018	1533.7
64	12069	1533.83
63	12124	1534.47
65	12183	1534.72
64	12242	1535.23
63	12302	1535.87
65	12376	1536.77
63	12458	1537.66
80	12552	1538.69
64	12653	1539.84
64	12766	1541.11
64	12886	1542.39
65	12998	1543.8
63	13099	1545.46
65	13167	1547.12
64	13169	1546.61
63	13131	1544.95
64	12992	1543.41
64	12843	1541.88
64	12717	1540.6
80	12616	1539.32
64	12522	1538.17
64	12435	1537.41
64	12359	1536.39
64	12287	1535.62
63	12223	1534.98
64	12164	1534.47
65	12112	1533.96
64	12060	1533.7
64	12015	1533.45
64	11962	1533.45
64	11916	1533.32
79	11859	1533.45
66	11815	1533.45
62	11766	1533.32
65	11717	1533.45
64	11674	1533.45
63	11636	1533.19
64	11585	1533.45
65	11544	1533.45
63	11505	1533.45
64	11466	1533.32
64	11433	1533.45
64	11401	1533.32
81	11362	1533.32
63	11328	1533.45
65	11299	1533.32
63	11277	1533.45
64	11243	1533.45
65	11206	1533.32
63	11181	1533.45
64	11153	1533.32
64	11125	1533.32
64	11092	1533.32
64	11069	1533.45
64	11035	1533.32
79	11017	1533.32
65	10995	1533.45
64	10964	1533.45
64	10948	1533.45
63	10923	1533.57
64	10903	1533.32
65	10893	1533.32
64	10861	1533.45
64	10849	1533.45
64	10818	1533.32
64	10807	1533.45
64	10790	1533.32
79	10774	1533.32
64	10752	1533.32
64	10737	1533.32
64	10722	1533.45
64	10703	1533.32
64	10690	1533.32
64	10677	1533.32
64	10662	1533.45
64	10651	1533.45
64	10639	1533.32
64	10624	1533.45
64	10630	1533.32
81	10634	1533.32
63	10631	1533.45
63	10634	1533.45
65	10631	1533.45
64	10634	1533.45
63	10630	1533.45
65	10635	1533.45
64	10634	1533.32
64	10630	1533.32
64	10632	1533.32
64	10638	1533.45
64	10632	1533.32
79	10637	1533.45
65	10633	1533.32
64	10639	1533.45
64	10634	1533.32
64	10634	1533.32
64	10636	1533.32
64	10631	1533.45
64	10638	1533.32
64	10637	1533.32
63	10636	1533.45
64	10633	1533.32
64	10637	1533.32
80	10638	1533.45
64	10635	1533.45
64	10634	1533.32
64	10636	1533.45
63	10637	1533.45
65	10629	1533.45
64	10637	1533.45
65	10635	1533.32
63	10638	1533.45
64	10638	1533.45
64	10639	1533.32
64	10637	1533.45
64	10636	1533.32
80	10641	1533.32
64	10636	1533.45
63	10632	1533.32
64	10640	1533.45
64	10640	1533.45
65	10639	1533.32
63	10634	1533.57
65	10638	1533.45
63	10637	1533.32
64	10631	1533.45
65	10636	1533.45
79	10637	1533.45
64	10637	1533.45
64	10633	1533.45
64	10638	1533.45
65	10637	1533.45
63	10636	1533.45
64	10636	1533.45
65	10637	1533.45
64	10641	1533.45
63	10637	1533.45
64	10639	1533.45
64	10641	1533.45
64	10638	1533.45
80	10634	1533.45
64	10640	1533.45
64	10638	1533.57
64	10639	1533.32
64	10641	1533.57
64	10640	1533.45
64	10637	1533.45
63	10639	1533.45
65	10641	1533.32
64	10643	1533.45
63	10640	1533.45
65	10639	1533.45
79	10641	1533.45
64	10639	1533.45
64	10640	1533.32
64	10640	1533.32
64	10639	1533.32
64	10635	1533.45
64	10639	1533.45
65	10637	1533.45
63	10640	1533.45
65	10640	1533.32
63	10640	1533.45
64	10641	1533.32
80	10642	1533.32
64	10643	1533.32
64	10637	1533.45
64	10639	1533.32
64	10642	1533.45
64	10640	1533.45
64	10643	1533.45
64	10637	1533.45
63	10640	1533.57
65	10652	1533.45
64	10665	1533.32
63	10685	1533.32
81	10692	1533.45
64	10708	1533.45
64	10728	1533.57
63	10736	1533.45
65	10754	1533.45
64	10772	1533.45
63	10786	1533.45
65	10810	1533.45
64	10832	1533.57
63	10848	1533.45
65	10864	1533.57
64	10887	1533.45
79	10912	1533.32
64	10927	1533.45
64	10950	1533.32
64	10978	1533.45
64	10999	1533.45
65	11023	1533.45
63	11041	1533.45
64	11070	1533.45
64	11105	1533.45
64	11126	1533.32
64	11151	1533.45
64	11185	1533.45
80	11213	1533.32
64	11244	1533.45
64	11271	1533.45
64	11300	1533.45
64	11335	1533.45
64	11367	1533.57
64	11400	1533.45
63	11436	1533.45
65	11475	1533.45
64	11507	1533.45
63	11548	1533.45
64	11588	1533.45
81	11631	1533.45
64	11676	1533.45
63	11724	1533.45
64	11765	1533.57
64	11814	1533.45
65	11862	1533.45
63	11916	1533.57
64	11965	1533.45
64	12015	1533.7
64	12062	1533.83
65	12118	1534.21
63	12176	1534.6
80	12226	1535.23
65	12289	1535.75
63	12358	1536.39
64	12432	1537.41
64	12521	1538.17
64	12616	1539.45
64	12726	1540.6
64	12845	1542.01
63	12964	1543.16
64	13069	1544.82
64	13159	1546.48
64	13188	1547.38
81	13167	1545.84
63	13078	1544.18
64	12922	1542.65
65	12790	1541.24
64	12679	1540.09
64	12577	1538.94
64	12489	1537.92
64	12407	1536.9
64	12335	1536
63	12267	1535.36
64	12209	1534.72
64	12153	1534.21
80	12099	1533.96
64	12055	1533.83
64	12004	1533.45
64	11949	1533.45
64	11901	1533.57
64	11850	1533.45
63	11801	1533.45
65	11758	1533.57
64	11719	1533.57
64	11664	1533.45
64	11622	1533.57
63	11576	1533.57
81	11539	1533.45
64	11503	1533.45
64	11466	1533.45
64	11428	1533.45
63	11396	1533.45
64	11357	1533.45
65	11325	1533.45
63	11291	1533.32
65	11263	1533.57
64	11236	1533.45
63	11205	1533.45
64	11177	1533.45
80	11147	1533.45
64	11124	1533.45
64	11094	1533.45
64	11069	1533.32
64	11043	1533.45
64	11020	1533.32
64	10995	1533.57
64	10972	1533.57
64	10950	1533.57
64	10931	1533.45
64	10908	1533.45
64	10885	1533.45
80	10868	1533.32
64	10842	1533.45
64	10824	1533.45
64	10810	1533.45
64	10787	1533.45
64	10774	1533.45
63	10755	1533.45
64	10739	1533.45
64	10727	1533.45
64	10711	1533.32
65	10697	1533.45
64	10681	1533.45
80	10664	1533.45
63	10656	1533.45
64	10639	1533.45
65	10635	1533.57
64	10645	1533.45
63	10646	1533.45
64	10646	1533.57
64	10645	1533.57
64	10647	1533.57
65	10646	1533.45
64	10644	1533.45
63	10644	1533.45
80	10643	1533.57
64	10644	1533.45
64	10646	1533.45
64	10645	1533.45
63	10647	1533.45
65	10648	1533.45
64	10649	1533.57
64	10648	1533.45
63	10644	1533.45
65	10649	1533.45
63	10648	1533.57
65	10652	1533.57
64	10648	1533.45
79	10653	1533.45
64	10645	1533.45
65	10648	1533.45
64	10647	1533.45
64	10645	1533.57
64	10645	1533.57
64	10650	1533.45
63	10649	1533.45
64	10647	1533.57
65	10645	1533.45
63	10648	1533.7
64	10648	1533.57
81	10647	1533.45
63	10649	1533.45
64	10649	1533.45
64	10649	1533.45
65	10651	1533.45
63	10648	1533.45
64	10648	1533.32
65	10651	1533.45
63	10644	1533.57
64	10649	1533.57
64	10649	1533.45
64	10649	1533.45
80	10647	1533.45
64	10647	1533.57
64	10650	1533.45
63	10648	1533.57
65	10650	1533.45
63	10649	1533.57
64	10646	1533.57
64	10651	1533.57
65	10653	1533.57
64	10653	1533.45
63	10652	1533.45
65	10648	1533.45
80	10646	1533.45
64	10651	1533.45
63	10649	1533.57
65	10650	1533.57
63	10652	1533.45
65	10650	1533.57
63	10650	1533.57
64	10652	1533.57
64	10650	1533.7
64	10653	1533.45
64	10647	1533.45
65	10649	1533.57
80	10652	1533.57
63	10650	1533.57
64	10651	1533.57
64	10651	1533.57
64	10652	1533.45
64	10652	1533.57
64	10650	1533.57
64	10653	1533.45
64	10651	1533.57
64	10650	1533.45
64	10656	1533.57
63	10648	1533.57
81	10656	1533.57
64	10648	1533.57
63	10652	1533.57
64	10650	1533.57
64	10651	1533.57
65	10653	1533.45
63	10652	1533.57
65	10655	1533.45
63	10649	1533.45
64	10649	1533.45
65	10656	1533.45
63	10651	1533.57
80	10659	1533.45
64	10653	1533.57
65	10672	1533.45
63	10687	1533.57
64	10696	1533.45
64	10713	1533.57
64	10728	1533.57
64	10744	1533.57
64	10760	1533.57
64	10776	1533.45
64	10797	1533.45
64	10813	1533.57
81	10831	1533.57
63	10849	1533.57
64	10872	1533.57
63	10889	1533.57
64	10913	1533.57
64	10935	1533.45
65	10952	1533.57
64	10975	1533.57
63	11002	1533.57
65	11022	1533.57
63	11046	1533.57
64	11073	1533.57
81	11103	1533.57
64	11130	1533.57
63	11155	1533.57
65	11181	1533.45
64	11212	1533.57
63	11241	1533.57
64	11266	1533.57
64	11301	1533.57
64	11334	1533.57
64	11364	1533.57
64	11396	1533.57
65	11427	1533.57
79	11466	1533.57
64	11503	1533.57
65	11538	1533.57
63	11583	1533.45
64	11626	1533.57
64	11670	1533.57
64	11716	1533.57
64	11761	1533.45
64	11806	1533.57
64	11853	1533.57
64	11902	1533.57
63	11953	1533.45
81	12001	1533.7
64	12049	1533.96
63	12103	1534.08
65	12160	1534.47
63	12214	1535.11
64	12271	1535.62
64	12340	1536.26
65	12415	1536.9
64	12491	1537.92
63	12587	1538.81
64	12692	1540.09
64	12796	1541.24
81	12926	1542.78
63	13037	1544.18
65	13138	1545.72
63	13202	1547.38
65	13197	1546.87
63	13158	1544.95
64	13007	1543.41
64	12859	1542.01
64	12743	1540.6
64	12639	1539.32
65	12546	1538.43
63	12457	1537.54
80	12380	1536.51
64	12311	1535.75
64	12249	1535.11
64	12190	1534.6
64	12137	1534.21
64	12085	1533.83
63	12043	1533.7
65	11987	1533.57
64	11946	1533.57
64	11883	1533.57
64	11835	1533.45
64	11787	1533.57
79	11743	1533.57
64	11699	1533.45
65	11651	1533.45
64	11603	1533.57
64	11571	1533.57
63	11528	1533.57
65	11491	1533.45
63	11456	1533.57
64	11423	1533.7
65	11386	1533.57
63	11350	1533.45
64	11321	1533.45
64	11295	1533.57
80	11265	1533.7
64	11226	1533.57
64	11208	1533.57
64	11173	1533.45
64	11144	1533.57
64	11117	1533.57
64	11095	1533.45
64	11067	1533.7
64	11043	1533.45
65	11011	1533.57
63	10997	1533.57
64	10970	1533.45
79	10949	1533.57
65	10921	1533.57
63	10905	1533.57
66	10887	1533.57
63	10864	1533.57
63	10846	1533.7
65	10830	1533.57
63	10811	1533.45
65	10793	1533.45
63	10768	1533.57
64	10762	1533.57
65	10739	1533.57
79	10727	1533.57
65	10709	1533.57
64	10696	1533.7
63	10682	1533.57
64	10668	1533.57
64	10655	1533.57
64	10644	1533.45
64	10652	1533.45
64	10653	1533.57
64	10656	1533.57
64	10656	1533.45
64	10656	1533.45
80	10657	1533.45
64	10651	1533.7
64	10657	1533.57
64	10655	1533.45
64	10653	1533.57
64	10656	1533.45
64	10656	1533.57
64	10658	1533.57
64	10657	1533.57
63	10658	1533.57
64	10653	1533.57
64	10655	1533.57
81	10661	1533.57
63	10653	1533.57
65	10658	1533.57
63	10658	1533.57
65	10656	1533.57
64	10658	1533.57
63	10656	1533.57
64	10656	1533.57
65	10656	1533.45
64	10654	1533.7
63	10660	1533.57
64	10658	1533.57
80	10655	1533.57
64	10659	1533.57
64	10657	1533.57
64	10658	1533.45
64	10660	1533.57
64	10660	1533.57
64	10658	1533.7
64	10657	1533.57
63	10660	1533.57
65	10659	1533.57
64	10659	1533.57
64	10661	1533.45
80	10659	1533.57
64	10657	1533.57
64	10655	1533.57
64	10657	1533.57
64	10660	1533.57
64	10659	1533.57
64	10658	1533.57
63	10656	1533.57
64	10657	1533.7
65	10657	1533.57
64	10659	1533.7
63	10659	1533.57
80	10663	1533.57
65	10659	1533.57
63	10659	1533.57
64	10662	1533.57
65	10659	1533.7
63	10660	1533.57
64	10661	1533.45
64	10660	1533.57
64	10658	1533.57
64	10659	1533.57
64	10660	1533.57
64	10661	1533.7
80	10663	1533.57
64	10657	1533.57
64	10660	1533.57
63	10660	1533.7
65	10659	1533.57
64	10661	1533.57
64	10659	1533.57
64	10665	1533.7
63	10663	1533.7
64	10658	1533.57
64	10660	1533.57
64	10662	1533.57
80	10656	1533.57
65	10664	1533.57
64	10660	1533.57
63	10662	1533.57
65	10659	1533.57
64	10658	1533.7
64	10659	1533.7
63	10663	1533.57
64	10661	1533.57
64	10664	1533.7
65	10660	1533.57
63	10664	1533.57
80	10658	1533.57
64	10661	1533.57
64	10662	1533.57
64	10660	1533.7
64	10662	1533.57
64	10662	1533.57
64	10662	1533.57
64	10660	1533.45
64	10661	1533.7
64	10664	1533.57
64	10663	1533.7
64	10666	1533.57
80	10660	1533.57
63	10661	1533.57
65	10663	1533.7
64	10664	1533.57
64	10664	1533.7
63	10660	1533.57
65	10662	1533.57
63	10660	1533.7
64	10659	1533.57
64	10664	1533.57
64	10664	1533.7
65	10661	1533.57
80	10660	1533.57
64	10669	1533.7
63	10665	1533.57
64	10658	1533.57
65	10661	1533.7
63	10659	1533.7
65	10662	1533.7
63	10662	1533.57
64	10662	1533.45
64	10663	1533.45
64	10663	1533.57
64	10664	1533.7
79	10667	1533.7
65	10665	1533.7
63	10666	1533.57
65	10661	1533.7
64	10660	1533.7
63	10662	1533.57
65	10667	1533.7
64	10663	1533.57
64	10664	1533.57
63	10665	1533.7
65	10667	1533.7
64	10665	1533.57
80	10665	1533.57
64	10666	1533.7
63	10666	1533.7
64	10663	1533.57
64	10667	1533.57
64	10665	1533.83
65	10663	1533.7
64	10664	1533.7
63	10666	1533.57
65	10663	1533.7
63	10665	1533.57
64	10661	1533.7
64	10664	1533.57
80	10666	1533.57
64	10664	1533.7
64	10664	1533.57
64	10668	1533.57
64	10664	1533.57
64	10663	1533.83
64	10665	1533.57
64	10663	1533.57
64	10664	1533.57
64	10666	1533.7
63	10668	1533.7
64	10664	1533.57
81	10664	1533.7
63	10668	1533.7
65	10665	1533.7
63	10664	1533.7
64	10665	1533.7
65	10667	1533.57
63	10667	1533.7
64	10662	1533.7
64	10666	1533.57
64	10668	1533.57
64	10664	1533.7
64	10668	1533.7
80	10669	1533.57
64	10665	1533.7
65	10669	1533.7
63	10667	1533.57
65	10661	1533.57
63	10665	1533.57
66	10669	1533.7
62	10667	1533.57
64	10670	1533.7
66	10666	1533.7
62	10666	1533.7
64	10667	1533.7
80	10666	1533.7
68	10668	1533.7
