Loop Time (ms)	IR (16 bit)	Force (N)
260	9669	1529.99
53	9671	1529.99
81	9675	1529.99
63	9672	1530.12
65	9675	1529.99
63	9673	1530.12
64	9673	1530.12
64	9675	1530.25
64	9676	1529.99
65	9679	1530.12
63	9679	1529.99
65	9682	1530.12
63	9685	1529.99
64	9684	1530.12
80	9682	1530.12
65	9681	1529.99
63	9688	1530.12
64	9689	1529.99
64	9689	1530.12
64	9691	1529.99
64	9690	1529.99
65	9692	1530.12
63	9692	1529.99
64	9694	1530.12
64	9692	1530.12
64	9693	1530.12
80	9694	1529.99
64	9694	1530.12
64	9697	1530.12
64	9697	1530.12
64	9701	1530.25
64	9705	1530.12
63	9705	1529.99
66	9702	1530.12
63	9704	1530.12
64	9708	1530.12
64	9708	1530.12
64	9706	1530.12
80	9709	1530.12
63	9709	1530.12
65	9713	1530.12
63	9712	1530.12
64	9715	1530.12
65	9714	1530.12
63	9711	1530.12
64	9716	1530.12
64	9717	1530.12
64	9720	1530.12
64	9714	1530.12
64	9722	1530.12
80	9719	1530.25
64	9718	1530.12
64	9720	1530.12
64	9726	1530.25
64	9723	1530.25
64	9721	1530.38
64	9725	1530.25
63	9723	1530.25
65	9728	1530.25
63	9727	1530.12
64	9733	1530.12
65	9733	1530.25
63	9730	1530.25
81	9730	1530.25
63	9734	1530.25
64	9736	1530.25
64	9737	1530.25
65	9740	1530.25
63	9734	1530.12
65	9736	1530.25
64	9737	1530.12
64	9743	1530.25
64	9738	1530.12
63	9739	1530.12
64	9741	1530.25
80	9742	1530.25
64	9743	1530.25
64	9738	1530.25
64	9741	1530.25
64	9750	1530.38
63	9746	1530.25
64	9747	1530.25
65	9752	1530.25
63	9748	1530.25
65	9747	1530.25
64	9748	1530.25
64	9752	1530.25
80	9750	1530.25
64	9748	1530.38
64	9754	1530.25
64	9752	1530.25
63	9752	1530.38
64	9756	1530.38
64	9757	1530.25
64	9752	1530.38
65	9755	1530.25
64	9759	1530.25
64	9757	1530.25
63	9757	1530.25
80	9761	1530.25
64	9759	1530.25
64	9759	1530.25
64	9763	1530.38
64	9760	1530.25
64	9766	1530.25
64	9761	1530.25
65	9758	1530.25
63	9762	1530.25
64	9764	1530.38
65	9762	1530.25
63	9765	1530.25
80	9767	1530.25
64	9768	1530.38
64	9770	1530.38
64	9769	1530.25
63	9770	1530.38
65	9773	1530.25
64	9769	1530.38
63	9771	1530.38
64	9773	1530.38
65	9768	1530.25
64	9780	1530.25
63	9775	1530.38
80	9776	1530.38
65	9774	1530.38
64	9782	1530.25
63	9775	1530.25
66	9781	1530.25
63	9779	1530.25
64	9781	1530.38
63	9781	1530.38
64	9779	1530.38
64	9781	1530.38
64	9783	1530.38
65	9782	1530.51
79	9779	1530.25
65	9788	1530.51
63	9783	1530.38
64	9782	1530.38
64	9780	1530.38
64	9787	1530.38
64	9788	1530.51
64	9786	1530.38
64	9794	1530.38
64	9786	1530.38
64	9792	1530.38
64	9788	1530.38
80	9794	1530.38
65	9795	1530.25
62	9787	1530.38
64	9792	1530.38
65	9795	1530.38
64	9795	1530.38
63	9796	1530.38
64	9794	1530.38
67	9796	1530.38
61	9800	1530.38
65	9794	1530.38
64	9799	1530.38
80	9807	1530.25
63	9815	1530.38
82	9830	1530.51
60	9845	1530.38
50	9858	1530.38
64	9871	1530.38
64	9880	1530.38
64	9898	1530.51
64	9917	1530.38
63	9930	1530.25
65	9946	1530.38
64	9955	1530.38
80	9978	1530.38
64	9995	1530.38
64	10011	1530.51
64	10031	1530.38
64	10044	1530.38
64	10065	1530.38
64	10084	1530.38
64	10106	1530.38
64	10121	1530.38
64	10143	1530.51
64	10165	1530.51
63	10187	1530.51
80	10208	1530.51
64	10234	1530.51
65	10253	1530.38
64	10277	1530.51
64	10304	1530.38
64	10327	1530.38
64	10355	1530.38
63	10384	1530.38
65	10413	1530.51
64	10439	1530.38
64	10472	1530.38
63	10507	1530.51
81	10534	1530.38
63	10567	1530.51
64	10605	1530.51
65	10635	1530.51
63	10676	1530.51
64	10704	1530.38
64	10749	1530.51
64	10791	1530.51
64	10823	1530.38
64	10874	1530.38
64	10911	1530.51
64	10962	1530.76
80	10995	1531.02
64	11036	1531.4
64	11088	1531.78
64	11140	1532.3
64	11195	1532.81
63	11249	1533.57
66	11329	1534.47
62	11424	1535.36
64	11553	1536.26
66	11663	1537.41
63	11764	1538.56
64	11860	1539.96
63	11952	1541.37
80	12033	1543.16
65	12073	1544.69
63	12062	1546.48
64	12058	1548.53
65	12041	1550.44
63	12026	1552.62
65	12040	1555.05
63	12086	1557.6
64	12169	1560.29
65	12266	1563.1
63	12376	1565.91
64	12468	1568.59
80	12568	1571.41
64	12710	1574.09
63	12879	1576.65
65	13089	1579.2
64	13834	1581.63
64	14363	1584.06
64	14675	1585.98
64	14924	1588.02
64	15212	1589.94
63	15482	1591.47
65	15617	1592.88
63	15728	1594.16
81	15719	1593.13
63	15758	1590.71
65	15812	1587.77
64	15866	1584.44
64	15849	1580.86
63	15791	1577.41
65	15691	1573.2
64	15556	1569.23
64	15401	1565.4
63	15173	1561.56
64	14801	1558.11
65	14308	1554.79
79	13668	1551.59
65	12752	1548.91
63	11890	1546.48
64	11238	1544.44
64	10786	1542.78
64	10469	1541.11
64	10246	1539.71
64	10074	1538.05
63	9948	1536.39
65	9816	1535.36
64	9780	1534.47
64	9787	1533.7
80	9799	1533.06
64	9813	1532.42
64	9840	1531.78
64	9863	1531.14
64	9890	1530.89
63	9915	1530.38
65	9945	1530.12
64	9959	1529.99
64	9981	1529.74
64	9997	1529.61
64	10012	1529.74
64	10021	1529.48
80	10027	1529.61
64	10018	1529.61
64	10033	1529.87
63	10070	1529.74
65	10090	1529.87
63	10088	1529.99
64	10072	1529.99
64	10062	1529.99
64	10057	1529.99
64	10042	1530.12
64	10026	1530.12
63	10013	1529.99
81	10002	1530.25
64	9983	1530.12
64	9969	1530.25
64	9953	1530.25
63	9946	1530.12
64	9932	1530.25
65	9925	1530.25
63	9924	1530.25
65	9925	1530.25
64	9919	1530.25
64	9914	1530.25
64	9909	1530.38
79	9910	1530.38
65	9904	1530.25
64	9897	1530.38
63	9893	1530.25
64	9885	1530.25
65	9879	1530.38
64	9873	1530.38
64	9865	1530.25
64	9860	1530.38
64	9854	1530.38
63	9855	1530.38
65	9847	1530.38
79	9839	1530.51
64	9832	1530.51
64	9824	1530.51
66	9817	1530.38
62	9817	1530.51
64	9803	1530.51
64	9801	1530.51
64	9793	1530.51
64	9792	1530.38
64	9783	1530.51
64	9783	1530.63
63	9770	1530.51
80	9760	1530.51
66	9760	1530.51
63	9769	1530.38
63	9779	1530.51
65	9783	1530.51
64	9802	1530.63
64	9807	1530.63
64	9812	1530.63
63	9821	1530.63
65	9828	1530.51
64	9832	1530.63
64	9830	1530.51
79	9841	1530.63
65	9848	1530.51
63	9850	1530.63
64	9857	1530.76
65	9856	1530.63
63	9861	1530.63
64	9871	1530.76
64	9873	1530.63
64	9876	1530.63
64	9882	1530.63
64	9884	1530.51
64	9883	1530.63
81	9886	1530.63
94	9897	1530.63
33	9900	1530.63
63	9898	1530.76
65	9904	1530.63
67	9910	1530.76
60	9910	1530.76
65	9914	1530.63
64	9914	1530.63
63	9917	1530.63
65	9926	1530.63
63	9931	1530.63
80	9932	1530.76
64	9933	1530.76
64	9934	1530.76
65	9939	1530.76
63	9943	1530.76
65	9940	1530.63
63	9950	1530.76
64	9954	1530.89
65	9953	1530.76
64	9950	1530.76
63	9957	1530.76
64	9962	1530.63
80	9972	1530.76
64	9966	1530.76
64	9974	1530.76
63	9975	1530.76
64	9977	1530.76
65	9979	1530.89
64	9983	1530.76
63	9989	1530.76
65	9992	1530.76
64	9995	1530.76
64	9998	1530.76
64	10000	1530.63
80	10005	1530.76
63	10001	1530.89
65	10008	1530.76
64	10017	1530.63
65	10016	1530.76
62	10022	1530.76
79	10023	1530.76
50	10029	1530.76
70	10033	1530.89
57	10034	1530.76
64	10034	1530.89
65	10038	1530.63
79	10039	1530.76
65	10045	1530.89
63	10045	1530.89
64	10049	1530.89
65	10051	1530.63
63	10055	1530.89
64	10055	1530.89
64	10056	1530.89
64	10063	1530.76
64	10061	1530.89
65	10065	1530.89
63	10068	1530.76
64	10065	1530.89
79	10067	1530.89
65	10073	1530.89
63	10074	1530.89
66	10076	1530.89
63	10076	1530.76
64	10083	1530.89
64	10084	1530.76
63	10082	1530.76
64	10085	1530.76
65	10089	1530.76
63	10088	1530.89
65	10094	1530.76
79	10098	1530.76
64	10112	1530.89
64	10125	1530.89
65	10141	1530.76
64	10160	1530.89
64	10174	1530.89
63	10192	1530.89
64	10207	1530.89
65	10219	1530.89
63	10239	1530.89
64	10253	1530.89
64	10274	1530.76
80	10295	1531.02
64	10308	1530.89
64	10329	1530.76
64	10351	1531.02
64	10371	1530.89
65	10391	1530.76
63	10413	1530.89
64	10433	1530.89
64	10457	1531.02
64	10483	1530.89
64	10502	1530.89
64	10526	1530.89
80	10550	1531.02
64	10577	1530.89
63	10604	1530.89
65	10627	1530.89
63	10657	1530.89
64	10684	1530.89
64	10713	1530.89
65	10742	1530.89
63	10769	1530.89
65	10805	1531.02
63	10838	1530.76
65	10870	1530.89
79	10910	1530.89
65	10942	1530.89
64	10985	1530.89
63	11017	1530.89
64	11059	1530.89
64	11104	1531.02
64	11147	1531.02
64	11184	1531.02
64	11231	1530.89
65	11279	1531.02
63	11322	1531.02
64	11370	1531.14
80	11407	1531.27
64	11457	1531.66
64	11503	1532.04
63	11552	1532.55
65	11610	1533.19
64	11669	1533.83
63	11736	1534.6
64	11814	1535.49
65	11899	1536.39
64	11992	1537.66
63	12102	1538.94
65	12204	1540.22
80	12294	1541.63
64	12374	1543.29
63	12423	1544.95
65	12421	1546.74
63	12399	1548.53
64	12396	1550.57
64	12409	1552.75
64	12427	1555.17
64	12494	1557.86
64	12587	1560.41
64	12701	1563.1
64	12811	1565.91
80	12930	1568.72
64	13053	1571.41
64	13223	1574.22
64	13413	1576.77
64	13637	1579.33
64	14286	1581.76
64	14585	1584.06
64	14871	1586.23
64	15125	1588.15
64	15387	1589.94
63	15669	1591.73
65	15788	1593.13
80	15869	1594.28
64	15866	1593.39
64	15883	1590.96
63	15956	1588.02
64	16013	1584.83
64	15992	1581.25
64	15924	1577.41
65	15847	1573.2
63	15732	1569.49
64	15599	1565.65
64	15421	1561.82
64	15125	1558.24
81	14688	1554.92
63	14117	1551.85
64	13313	1549.17
64	12320	1546.74
64	11530	1544.69
64	10976	1542.78
64	10591	1541.24
64	10317	1539.84
64	10128	1538.56
64	9975	1536.9
64	9833	1535.49
64	9788	1534.6
80	9794	1533.96
63	9797	1533.19
65	9819	1532.55
64	9850	1532.04
63	9872	1531.4
64	9904	1530.89
64	9924	1530.51
64	9958	1530.38
64	9977	1530.12
65	9995	1529.87
63	10012	1529.74
64	10026	1529.61
81	10038	1529.74
63	10049	1529.74
64	10037	1529.87
65	10038	1529.99
63	10050	1529.99
64	10076	1529.99
64	10090	1530.12
64	10089	1530.12
64	10076	1529.99
64	10066	1530.25
64	10053	1530.25
64	10038	1530.25
80	10027	1530.12
64	10007	1530.25
64	9994	1530.25
63	9981	1530.25
65	9964	1530.38
63	9951	1530.25
65	9930	1530.38
64	9918	1530.38
63	9907	1530.51
64	9890	1530.38
65	9880	1530.38
63	9879	1530.38
81	9872	1530.51
64	9878	1530.51
64	9870	1530.38
63	9865	1530.38
64	9865	1530.51
64	9864	1530.51
64	9853	1530.51
64	9856	1530.51
65	9844	1530.51
64	9840	1530.51
63	9838	1530.51
64	9830	1530.51
80	9827	1530.51
64	9820	1530.51
64	9817	1530.51
63	9813	1530.51
64	9805	1530.63
65	9805	1530.63
64	9800	1530.63
64	9793	1530.63
63	9788	1530.63
64	9788	1530.63
64	9783	1530.63
65	9782	1530.63
79	9772	1530.63
64	9770	1530.63
64	9770	1530.63
64	9773	1530.63
64	9788	1530.63
65	9794	1530.63
64	9803	1530.63
63	9806	1530.51
65	9814	1530.63
63	9815	1530.63
65	9822	1530.76
63	9829	1530.63
80	9832	1530.63
64	9850	1530.63
64	9860	1530.63
64	9866	1530.76
64	9875	1530.63
63	9878	1530.63
65	9887	1530.76
63	9892	1530.76
65	9894	1530.76
64	9904	1530.76
63	9908	1530.76
64	9911	1530.76
81	9913	1530.76
64	9917	1530.76
64	9919	1530.76
63	9925	1530.76
64	9925	1530.63
65	9934	1530.76
63	9937	1530.76
65	9939	1530.76
64	9944	1530.76
63	9948	1530.76
64	9954	1530.89
65	9954	1530.76
64	9955	1530.76
79	9960	1530.76
65	9965	1530.76
64	9968	1530.76
63	9971	1530.89
65	9974	1530.89
63	9974	1530.76
64	9977	1530.76
65	9986	1530.89
63	9985	1530.76
64	9986	1530.76
64	9994	1530.89
64	9995	1530.76
80	9996	1530.89
64	10000	1530.76
64	10003	1530.76
64	10003	1530.89
64	10013	1530.89
63	10010	1530.89
64	10019	1530.76
64	10022	1530.89
64	10025	1530.89
65	10026	1530.89
64	10029	1530.89
64	10033	1530.89
79	10034	1530.89
64	10034	1530.89
64	10042	1530.89
64	10043	1530.89
65	10048	1530.89
64	10044	1530.89
63	10049	1530.89
65	10052	1530.76
64	10056	1530.76
63	10059	1530.89
64	10059	1530.76
65	10064	1530.76
79	10065	1531.02
64	10066	1530.89
65	10071	1530.89
63	10067	1530.89
64	10072	1530.89
63	10072	1531.02
65	10076	1530.89
64	10078	1530.89
64	10074	1530.89
64	10075	1530.89
63	10081	1531.02
64	10081	1531.02
81	10086	1530.89
63	10086	1530.89
64	10086	1531.02
64	10087	1531.02
65	10091	1530.89
63	10089	1530.89
64	10090	1531.02
65	10093	1530.89
63	10091	1531.02
65	10093	1531.02
63	10098	1531.02
64	10095	1530.89
81	10100	1531.02
63	10100	1531.02
64	10116	1531.02
65	10133	1531.02
63	10142	1531.02
65	10160	1531.02
63	10173	1530.89
64	10188	1531.02
64	10208	1531.02
63	10222	1531.02
67	10237	1531.02
62	10253	1531.02
80	10276	1531.02
64	10294	1531.02
64	10310	1531.14
63	10326	1531.02
65	10349	1531.02
64	10368	1531.02
65	10388	1531.02
62	10407	1531.02
64	10433	1531.02
65	10453	1531.02
64	10475	1531.02
63	10500	1531.02
82	10524	1531.02
63	10548	1531.14
63	10575	1531.02
64	10602	1531.02
65	10626	1531.14
63	10651	1531.14
64	10685	1531.02
64	10707	1531.14
64	10741	1531.14
64	10769	1531.02
64	10803	1531.02
64	10835	1531.02
80	10869	1531.14
64	10915	1530.89
64	10947	1531.14
65	10984	1531.02
63	11020	1531.14
64	11058	1531.02
64	11092	1531.02
65	11145	1531.02
62	11187	1531.02
64	11229	1531.02
65	11277	1531.14
63	11320	1531.27
81	11359	1531.14
65	11405	1531.14
63	11452	1531.78
63	11492	1531.91
64	11548	1532.55
64	11599	1532.93
64	11667	1533.7
64	11728	1534.47
64	11802	1535.36
64	11891	1536.26
65	11982	1537.15
64	12091	1538.43
79	12195	1539.84
65	12289	1541.24
63	12369	1542.78
64	12428	1544.31
64	12439	1546.23
64	12416	1548.02
65	12413	1550.06
63	12414	1552.11
64	12433	1554.53
64	12481	1557.09
64	12563	1559.65
64	12677	1562.46
80	12809	1565.14
64	12912	1568.08
63	13046	1570.77
65	13186	1573.58
63	13379	1576.13
65	13606	1578.69
63	14184	1581.25
64	14546	1583.68
65	14848	1585.72
63	15152	1587.77
65	15385	1589.81
64	15654	1591.47
80	15851	1593.01
63	15903	1594.28
65	15944	1594.03
84	15956	1591.6
43	16017	1588.79
64	16064	1585.47
64	16049	1582.01
64	16008	1578.44
64	15911	1574.35
64	15812	1570.26
64	15691	1566.42
64	15518	1562.59
79	15245	1559.14
65	14857	1555.68
64	14303	1552.49
64	13550	1549.68
63	12571	1547.25
64	11751	1545.08
65	11156	1543.16
64	10732	1541.5
63	10434	1540.22
64	10205	1538.81
64	10043	1537.15
65	9880	1535.75
80	9813	1534.98
63	9812	1533.96
64	9816	1533.45
65	9831	1532.81
64	9860	1532.04
63	9882	1531.4
64	9905	1531.14
65	9937	1530.63
63	9960	1530.38
65	9981	1530.12
63	10003	1529.99
64	10021	1529.87
64	10029	1529.87
80	10039	1529.87
64	10047	1529.87
64	10036	1529.99
64	10038	1529.99
64	10036	1530.12
63	10052	1530.12
65	10072	1530.12
64	10082	1530.12
64	10079	1530.25
64	10066	1530.25
64	10057	1530.25
64	10038	1530.25
80	10027	1530.25
63	10010	1530.38
64	9991	1530.25
65	9978	1530.38
63	9966	1530.38
65	9948	1530.38
63	9933	1530.51
64	9919	1530.51
64	9904	1530.51
64	9891	1530.51
64	9880	1530.51
65	9868	1530.51
80	9862	1530.51
63	9860	1530.51
64	9857	1530.51
64	9851	1530.51
64	9850	1530.51
64	9847	1530.51
65	9847	1530.51
63	9841	1530.51
65	9836	1530.63
73	9830	1530.51
59	9826	1530.63
59	9822	1530.63
80	9812	1530.63
64	9807	1530.63
64	9803	1530.63
64	9798	1530.63
64	9793	1530.63
63	9792	1530.76
64	9790	1530.63
65	9787	1530.63
63	9775	1530.63
64	9776	1530.63
64	9772	1530.63
65	9771	1530.63
80	9762	1530.63
64	9761	1530.63
64	9755	1530.76
64	9762	1530.76
63	9777	1530.76
64	9787	1530.89
64	9799	1530.63
64	9800	1530.63
65	9807	1530.76
63	9817	1530.63
65	9819	1530.76
90	9827	1530.76
53	9835	1530.76
63	9840	1530.76
65	9841	1530.76
64	9847	1530.63
64	9849	1530.76
64	9857	1530.76
64	9876	1530.76
64	9889	1530.76
64	9893	1530.76
64	9901	1530.76
64	9905	1530.89
64	9910	1530.76
80	9914	1530.76
64	9917	1530.76
63	9924	1530.76
64	9928	1530.76
65	9930	1530.76
64	9935	1531.02
63	9936	1530.89
64	9942	1530.89
64	9942	1530.76
65	9946	1530.89
64	9955	1530.89
63	9952	1530.89
80	9961	1530.89
64	9962	1530.89
65	9965	1530.89
63	9970	1530.76
65	9973	1530.89
64	9973	1530.89
63	9979	1530.89
64	9984	1530.76
64	9979	1530.89
64	9988	1530.89
64	9995	1530.89
64	9997	1530.89
80	9999	1531.02
64	10001	1531.02
64	10001	1531.02
63	10007	1531.02
64	10011	1530.89
65	10016	1530.89
64	10018	1530.89
63	10024	1530.89
65	10028	1531.02
63	10026	1530.89
65	10029	1530.89
63	10032	1531.02
81	10034	1530.89
64	10038	1530.89
63	10041	1530.89
64	10047	1530.89
64	10048	1530.89
64	10050	1531.02
65	10053	1531.02
64	10053	1530.89
63	10056	1531.02
65	10062	1531.02
63	10060	1531.02
64	10066	1530.89
80	10065	1531.02
64	10068	1530.89
64	10070	1531.02
64	10073	1531.02
64	10072	1531.02
64	10074	1531.02
64	10073	1531.02
64	10078	1531.02
64	10081	1531.02
64	10079	1531.02
64	10082	1531.02
63	10080	1531.02
80	10085	1531.02
65	10086	1531.02
63	10086	1531.02
64	10087	1531.02
64	10087	1531.02
64	10093	1531.14
64	10089	1531.02
64	10092	1531.02
64	10089	1531.02
64	10094	1530.89
65	10095	1531.14
64	10096	1531.02
79	10096	1531.02
65	10096	1531.14
63	10101	1531.02
65	10118	1531.14
63	10128	1531.02
65	10142	1531.14
63	10159	1531.14
64	10172	1531.14
64	10190	1531.02
64	10204	1531.14
64	10222	1531.14
64	10234	1531.14
80	10254	1531.14
64	10267	1531.02
63	10288	1531.14
65	10309	1531.14
63	10326	1531.02
65	10343	1531.02
63	10366	1531.14
65	10387	1531.14
64	10407	1531.02
64	10435	1531.14
64	10452	1531.14
64	10474	1531.14
63	10500	1531.02
81	10523	1531.14
64	10544	1531.14
63	10575	1531.14
65	10599	1531.02
64	10626	1531.14
64	10647	1531.27
64	10676	1531.14
64	10706	1531.14
63	10737	1531.02
64	10772	1531.14
64	10800	1531.14
64	10836	1531.14
80	10864	1531.14
64	10904	1531.14
64	10946	1531.02
64	10979	1531.14
64	11015	1531.14
63	11059	1531.14
64	11098	1531.14
65	11138	1531.14
64	11178	1531.14
64	11224	1531.14
64	11272	1531.14
64	11316	1531.14
80	11362	1531.27
64	11402	1531.4
64	11447	1531.53
64	11489	1532.04
63	11545	1532.55
64	11602	1533.06
65	11652	1533.57
64	11727	1534.34
63	11798	1535.23
65	11874	1536.13
63	11972	1537.15
64	12077	1538.3
81	12187	1539.71
64	12285	1541.11
64	12368	1542.65
63	12434	1544.31
64	12456	1546.1
64	12440	1547.89
64	12436	1549.81
65	12434	1551.98
63	12446	1554.28
64	12490	1556.84
64	12567	1559.26
64	12673	1562.08
80	12807	1564.76
64	12930	1567.57
64	13058	1570.26
63	13189	1573.07
65	13370	1575.75
63	13571	1578.18
65	14103	1580.86
64	14532	1583.16
64	14830	1585.47
63	15141	1587.51
65	15375	1589.43
64	15645	1591.22
80	15872	1592.62
63	15915	1594.03
64	15958	1594.16
65	15967	1592.24
64	16026	1589.43
63	16078	1586.23
64	16084	1582.78
65	16050	1579.33
63	15960	1575.62
64	15874	1571.28
64	15752	1567.32
64	15599	1563.48
80	15338	1559.9
65	14978	1556.45
63	14467	1553.13
64	13753	1550.32
64	12788	1547.76
64	11915	1545.59
64	11287	1543.54
64	10831	1541.88
64	10522	1540.48
64	10278	1539.07
65	10097	1537.79
63	9919	1536.26
80	9827	1535.11
64	9821	1534.34
63	9822	1533.7
65	9829	1532.93
63	9857	1532.3
65	9880	1531.66
64	9908	1531.27
64	9936	1530.76
64	9959	1530.51
64	9983	1530.38
64	10005	1530.25
64	10026	1530.12
79	10032	1529.87
64	10041	1529.87
65	10048	1529.87
63	10035	1529.99
64	10041	1529.99
64	10029	1529.99
64	10028	1530.25
64	10035	1530.25
64	10044	1530.38
64	10053	1530.25
64	10056	1530.38
64	10055	1530.38
80	10041	1530.38
64	10028	1530.51
64	10017	1530.25
64	10000	1530.51
64	9981	1530.51
64	9970	1530.51
64	9953	1530.38
64	9937	1530.51
64	9924	1530.51
64	9907	1530.51
64	9893	1530.51
63	9883	1530.51
80	9865	1530.63
65	9854	1530.63
64	9848	1530.63
63	9842	1530.76
64	9839	1530.63
65	9834	1530.51
64	9833	1530.63
63	9823	1530.51
64	9816	1530.63
65	9810	1530.63
63	9811	1530.63
65	9803	1530.76
79	9796	1530.76
64	9791	1530.63
64	9785	1530.63
64	9780	1530.76
65	9773	1530.63
63	9768	1530.76
64	9766	1530.63
65	9759	1530.76
63	9753	1530.76
64	9751	1530.76
65	9746	1530.76
63	9741	1530.76
64	9740	1530.63
80	9732	1530.89
63	9732	1530.76
65	9731	1530.76
64	9732	1530.89
63	9748	1530.76
65	9757	1530.76
64	9765	1530.76
64	9779	1530.76
63	9783	1530.76
65	9790	1530.89
63	9798	1530.89
65	9806	1530.76
79	9816	1530.89
64	9826	1530.89
64	9828	1530.76
65	9831	1530.76
63	9841	1530.89
64	9845	1530.76
64	9848	1530.89
64	9852	1530.89
64	9863	1530.89
64	9866	1530.89
64	9873	1530.89
64	9879	1531.02
80	9884	1530.89
64	9886	1530.89
64	9896	1530.89
64	9895	1530.89
64	9901	1530.89
64	9904	1530.89
64	9921	1530.89
64	9930	1531.02
64	9935	1530.76
64	9940	1530.89
63	9942	1530.89
65	9946	1530.89
80	9951	1530.89
63	9957	1530.89
65	9959	1530.89
64	9960	1530.89
63	9966	1531.02
64	9970	1530.89
64	9969	1531.02
65	9976	1531.02
64	9979	1530.89
64	9985	1530.89
63	9985	1531.02
64	9987	1531.02
80	9993	1531.02
64	9994	1531.02
64	9998	1531.02
65	10003	1531.02
63	10009	1531.02
64	10014	1531.02
64	10017	1530.89
64	10017	1531.02
64	10021	1531.02
64	10026	1531.02
64	10031	1531.02
64	10028	1531.02
80	10036	1531.02
64	10037	1530.89
64	10038	1531.02
64	10042	1531.14
64	10042	1531.02
64	10051	1531.02
64	10050	1531.02
63	10053	1531.14
64	10056	1531.14
65	10063	1531.02
63	10058	1531.14
65	10062	1531.02
80	10065	1531.02
63	10068	1531.02
64	10071	1531.02
65	10074	1531.02
63	10077	1531.02
64	10075	1531.02
64	10077	1531.14
64	10078	1531.14
64	10082	1531.02
64	10086	1531.14
64	10083	1531.14
64	10087	1531.02
80	10087	1531.14
64	10091	1531.14
64	10091	1531.14
64	10095	1531.14
64	10092	1531.02
64	10093	1531.14
63	10097	1531.02
65	10095	1531.14
64	10100	1531.14
63	10099	1531.27
65	10102	1531.02
64	10098	1531.14
80	10100	1531.14
64	10104	1531.14
64	10105	1531.14
64	10119	1531.14
63	10131	1531.14
64	10144	1531.02
65	10161	1531.14
63	10173	1531.14
65	10192	1531.14
64	10207	1531.14
63	10224	1531.14
65	10240	1531.14
79	10256	1531.14
64	10271	1531.14
64	10294	1531.14
64	10309	1531.14
64	10332	1531.27
64	10349	1531.14
64	10368	1531.14
64	10389	1531.02
64	10414	1531.14
65	10432	1531.14
63	10453	1531.14
64	10479	1531.14
80	10505	1531.14
64	10525	1531.27
64	10549	1531.02
64	10576	1531.14
63	10597	1531.27
64	10628	1531.14
65	10650	1531.14
63	10679	1531.27
64	10708	1531.27
64	10741	1531.14
65	10766	1531.14
63	10807	1531.14
80	10834	1531.14
65	10871	1531.14
64	10907	1531.14
63	10946	1531.14
64	10978	1531.27
64	11014	1531.27
64	11057	1531.27
64	11096	1531.14
64	11138	1531.27
64	11189	1531.27
64	11228	1531.27
64	11273	1531.27
80	11319	1531.27
63	11369	1531.27
65	11412	1531.4
63	11449	1531.66
65	11497	1532.04
64	11545	1532.42
64	11594	1532.93
64	11660	1533.7
64	11718	1534.21
63	11789	1535.11
64	11872	1536
64	11970	1537.02
81	12074	1538.17
64	12182	1539.58
63	12284	1540.86
64	12374	1542.39
64	12439	1544.05
64	12463	1545.72
64	12461	1547.5
64	12454	1549.29
64	12457	1551.59
64	12470	1553.9
64	12503	1556.2
64	12579	1558.88
79	12677	1561.56
65	12811	1564.38
64	12949	1567.06
64	13065	1569.87
64	13204	1572.68
64	13381	1575.37
64	13548	1577.92
64	14019	1580.48
63	14514	1582.91
64	14803	1585.21
64	15113	1587.38
65	15376	1589.3
79	15633	1591.09
64	15866	1592.75
65	15930	1594.16
63	15974	1594.16
64	15996	1592.11
64	16058	1589.56
64	16112	1586.23
64	16093	1582.78
64	16063	1579.2
64	15972	1575.24
64	15880	1571.15
64	15761	1567.32
80	15600	1563.48
65	15342	1559.77
63	14956	1556.45
64	14442	1553.26
64	13709	1550.32
65	12739	1547.76
63	11861	1545.59
64	11256	1543.54
64	10819	1541.88
64	10499	1540.48
64	10255	1539.07
64	10076	1537.79
63	9908	1536.51
81	9833	1535.11
64	9831	1534.21
64	9827	1533.57
64	9842	1532.93
64	9868	1532.3
64	9892	1531.66
63	9914	1531.27
65	9938	1530.89
64	9972	1530.51
64	9993	1530.51
63	10008	1530.25
64	10025	1530.12
80	10037	1529.99
64	10047	1529.99
64	10055	1529.99
64	10031	1530.12
64	10030	1530.12
64	10023	1530.25
64	10013	1530.25
64	10012	1530.25
64	10017	1530.25
64	10027	1530.38
64	10030	1530.38
65	10029	1530.38
79	10019	1530.38
65	10009	1530.51
63	9996	1530.51
64	9985	1530.51
63	9968	1530.51
65	9955	1530.51
64	9942	1530.63
64	9923	1530.51
64	9910	1530.63
64	9895	1530.63
64	9884	1530.51
64	9870	1530.63
80	9856	1530.63
63	9843	1530.76
65	9835	1530.76
63	9822	1530.63
65	9810	1530.63
63	9809	1530.63
65	9809	1530.63
64	9801	1530.63
63	9795	1530.63
65	9790	1530.63
63	9787	1530.76
64	9780	1530.76
80	9775	1530.63
64	9772	1530.76
64	9759	1530.76
65	9756	1530.76
63	9755	1531.02
64	9740	1530.76
64	9743	1530.89
64	9735	1530.76
64	9732	1530.89
64	9727	1530.76
64	9720	1530.89
64	9720	1530.89
80	9713	1530.89
64	9708	1530.89
64	9704	1530.89
63	9701	1530.76
64	9703	1530.89
64	9725	1531.02
65	9738	1530.76
63	9747	1530.89
65	9753	1530.89
63	9762	1531.02
65	9769	1530.89
63	9772	1530.89
81	9788	1530.89
63	9793	1530.89
64	9799	1530.89
64	9810	1530.89
65	9816	1530.76
63	9828	1530.89
64	9833	1530.89
64	9837	1531.02
64	9846	1530.89
64	9851	1530.89
64	9855	1530.89
64	9859	1531.02
80	9875	1531.02
64	9875	1530.89
64	9878	1531.02
64	9880	1530.89
64	9891	1530.89
64	9895	1530.89
64	9896	1531.02
64	9908	1531.14
64	9911	1531.02
64	9911	1531.02
64	9914	1531.14
64	9922	1531.02
80	9924	1531.02
64	9935	1531.02
64	9949	1531.02
64	9952	1531.14
63	9957	1531.02
65	9959	1530.89
63	9962	1531.14
65	9969	1531.02
63	9970	1531.14
64	9979	1531.14
64	9977	1531.02
64	9979	1531.02
81	9982	1531.02
63	9989	1531.02
64	9991	1531.02
64	9995	1531.14
64	9997	1531.02
64	10001	1531.14
64	10004	1531.02
64	10014	1531.02
64	10015	1531.02
64	10018	1531.14
64	10023	1531.14
64	10026	1531.02
80	10030	1531.14
64	10028	1531.02
64	10036	1531.14
64	10039	1531.14
63	10037	1531.02
64	10044	1531.02
65	10047	1531.02
64	10046	1531.02
63	10054	1531.14
65	10055	1531.02
64	10059	1531.14
64	10064	1531.02
79	10063	1531.14
65	10067	1531.27
64	10072	1531.14
64	10074	1531.14
64	10072	1531.02
63	10076	1531.14
64	10075	1531.27
64	10074	1531.14
64	10081	1531.14
64	10081	1531.14
64	10084	1531.27
64	10084	1531.27
81	10087	1531.02
63	10083	1531.14
64	10088	1531.14
64	10086	1531.14
64	10089	1531.27
64	10092	1531.14
64	10092	1531.14
64	10094	1531.14
64	10095	1531.14
63	10095	1531.14
64	10096	1531.14
65	10098	1531.14
64	10105	1531.14
80	10103	1531.27
64	10103	1531.27
64	10112	1531.14
64	10123	1531.14
63	10134	1531.14
64	10150	1531.02
65	10165	1531.27
64	10181	1531.14
63	10197	1531.27
65	10214	1531.14
63	10226	1531.14
65	10242	1531.27
80	10261	1531.14
63	10277	1531.27
64	10296	1531.27
64	10313	1531.27
64	10332	1531.4
64	10351	1531.27
64	10374	1531.14
64	10396	1531.27
64	10416	1531.14
64	10435	1531.27
64	10457	1531.27
64	10484	1531.14
80	10506	1531.14
64	10528	1531.14
64	10553	1531.27
63	10581	1531.27
65	10603	1531.27
64	10629	1531.27
64	10656	1531.27
64	10685	1531.4
64	10712	1531.27
63	10743	1531.27
65	10776	1531.4
63	10801	1531.27
80	10837	1531.27
64	10880	1531.27
65	10916	1531.27
63	10946	1531.14
64	10988	1531.27
64	11028	1531.4
64	11064	1531.27
64	11112	1531.4
64	11148	1531.27
64	11194	1531.27
64	11238	1531.27
64	11280	1531.27
80	11332	1531.27
63	11377	1531.53
65	11420	1531.66
64	11467	1531.91
64	11508	1532.3
64	11564	1532.68
64	11622	1533.32
64	11678	1534.08
63	11749	1534.72
65	11828	1535.49
64	11910	1536.51
63	12006	1537.66
80	12109	1538.94
64	12213	1540.22
64	12309	1541.75
64	12391	1543.29
65	12454	1544.95
64	12452	1546.74
64	12429	1548.66
63	12428	1550.57
64	12445	1552.87
64	12465	1555.17
64	12524	1557.73
64	12614	1560.41
81	12728	1563.1
63	12857	1565.78
64	12976	1568.59
63	13132	1571.41
65	13263	1574.09
64	13442	1576.65
64	13675	1579.2
64	14335	1581.63
64	14585	1584.06
64	14932	1586.36
63	15225	1588.28
64	15433	1590.19
81	15709	1591.86
64	15861	1593.39
64	15925	1594.54
63	15945	1594.16
65	15957	1591.73
63	16021	1589.04
65	16083	1585.72
63	16078	1582.27
65	16030	1578.82
64	15936	1574.73
64	15836	1570.64
64	15720	1566.8
79	15575	1562.84
65	15315	1559.14
63	14961	1555.81
64	14447	1552.87
65	13722	1549.93
64	12738	1547.5
63	11848	1545.33
64	11229	1543.29
64	10795	1541.75
64	10483	1540.35
64	10240	1538.94
64	10056	1537.79
80	9877	1536.13
64	9797	1535.11
63	9794	1534.47
64	9794	1533.45
64	9808	1532.81
65	9831	1532.3
63	9860	1531.66
65	9883	1531.27
64	9913	1530.89
64	9941	1530.63
64	9966	1530.38
63	9987	1530.25
80	10004	1530.12
65	10016	1530.12
64	10022	1529.99
63	10030	1530.12
64	10005	1530.12
64	10004	1530.25
65	9992	1530.38
64	9987	1530.38
63	9980	1530.38
65	9989	1530.38
63	9988	1530.38
64	9997	1530.51
80	10005	1530.51
64	9997	1530.51
64	9990	1530.38
64	9981	1530.51
64	9971	1530.51
64	9954	1530.63
64	9936	1530.63
63	9923	1530.63
65	9909	1530.63
64	9895	1530.76
63	9881	1530.76
65	9870	1530.63
80	9861	1530.76
64	9844	1530.63
63	9832	1530.63
65	9822	1530.63
63	9811	1530.63
64	9804	1530.76
65	9793	1530.89
63	9791	1530.76
65	9787	1530.89
63	9783	1530.76
64	9780	1530.76
64	9772	1530.89
81	9767	1530.89
64	9764	1530.89
63	9759	1530.89
64	9759	1530.89
65	9749	1530.89
63	9741	1530.89
64	9738	1530.89
64	9737	1530.89
64	9733	1530.76
64	9724	1530.89
64	9717	1530.89
64	9717	1530.89
80	9715	1530.89
64	9709	1530.89
64	9704	1530.89
64	9703	1530.89
64	9697	1530.89
64	9701	1530.89
64	9721	1530.76
64	9728	1530.76
64	9740	1530.89
63	9747	1530.76
64	9757	1530.89
64	9766	1530.89
64	9773	1530.89
80	9781	1531.02
65	9790	1531.02
63	9796	1531.02
65	9805	1530.89
63	9812	1531.02
65	9822	1530.89
64	9829	1530.89
63	9835	1531.02
64	9841	1530.89
64	9847	1531.02
64	9856	1531.02
64	9862	1531.02
80	9869	1530.89
64	9871	1531.02
64	9877	1531.02
63	9884	1531.02
66	9887	1531.02
63	9893	1531.02
64	9901	1531.02
64	9901	1531.02
64	9909	1531.02
63	9913	1531.02
65	9915	1531.02
64	9923	1531.14
80	9936	1531.02
64	9939	1531.14
64	9945	1531.14
63	9951	1531.02
65	9955	1531.02
63	9957	1531.02
65	9964	1531.14
63	9969	1531.14
65	9974	1531.02
63	9977	1531.02
64	9981	1531.02
65	9983	1531.14
79	9988	1531.14
64	9991	1531.14
64	9995	1531.14
64	9997	1531.14
64	10003	1531.14
64	10008	1531.14
64	10012	1531.14
63	10013	1531.14
65	10021	1531.27
64	10019	1531.14
63	10026	1531.14
65	10028	1531.14
80	10031	1531.14
64	10036	1531.14
64	10037	1531.14
64	10039	1531.14
63	10044	1531.14
64	10042	1531.14
65	10047	1531.14
63	10044	1531.14
65	10053	1531.14
63	10055	1531.14
65	10054	1531.14
63	10057	1531.14
80	10057	1531.14
65	10058	1531.27
64	10058	1531.14
63	10061	1531.14
64	10066	1531.14
64	10065	1531.14
64	10069	1531.14
64	10067	1531.27
64	10074	1531.14
64	10070	1531.14
64	10071	1531.14
64	10072	1531.27
80	10071	1531.27
64	10078	1531.14
63	10079	1531.27
65	10078	1531.02
64	10082	1531.14
64	10080	1531.14
63	10083	1531.27
65	10083	1531.27
64	10084	1531.14
64	10084	1531.27
63	10087	1531.27
64	10090	1531.14
80	10087	1531.27
65	10089	1531.27
63	10092	1531.14
65	10095	1531.27
63	10106	1531.27
64	10123	1531.27
64	10135	1531.14
64	10150	1531.27
64	10164	1531.27
64	10179	1531.27
65	10197	1531.27
63	10208	1531.14
80	10226	1531.27
64	10247	1531.27
64	10262	1531.27
64	10280	1531.27
64	10297	1531.27
64	10312	1531.27
63	10333	1531.27
65	10352	1531.27
64	10370	1531.27
64	10397	1531.27
64	10420	1531.27
64	10439	1531.27
80	10466	1531.27
64	10486	1531.27
64	10510	1531.4
64	10535	1531.27
63	10561	1531.27
64	10584	1531.27
64	10613	1531.4
65	10638	1531.27
63	10667	1531.4
64	10695	1531.4
65	10726	1531.27
63	10751	1531.27
80	10789	1531.27
65	10814	1531.27
63	10847	1531.27
64	10883	1531.27
64	10924	1531.4
64	10958	1531.27
64	10997	1531.4
64	11033	1531.27
64	11077	1531.27
64	11123	1531.4
64	11167	1531.27
64	11210	1531.4
80	11256	1531.27
64	11299	1531.27
64	11342	1531.4
64	11390	1531.53
63	11434	1531.78
65	11480	1532.3
63	11527	1532.55
64	11580	1533.19
64	11643	1533.7
65	11710	1534.47
64	11779	1535.23
64	11857	1536.26
80	11950	1537.28
63	12046	1538.56
65	12152	1539.84
63	12251	1541.24
64	12340	1542.78
64	12413	1544.44
65	12434	1546.1
63	12414	1547.89
64	12411	1549.93
65	12415	1552.11
63	12434	1554.41
64	12478	1556.84
80	12554	1559.52
64	12661	1562.2
64	12792	1564.89
64	12915	1567.57
65	13056	1570.51
63	13175	1573.2
64	13332	1575.88
64	13546	1578.44
64	13954	1580.86
64	14468	1583.29
64	14783	1585.59
64	15103	1587.77
79	15340	1589.68
64	15610	1591.47
65	15837	1592.88
64	15890	1594.28
63	15915	1594.67
65	15930	1592.62
63	15991	1590.07
64	16049	1586.87
64	16070	1583.55
64	16023	1579.97
65	15958	1576.01
64	15872	1571.92
79	15754	1567.95
64	15620	1564.25
64	15400	1560.29
64	15076	1556.96
65	14609	1553.77
63	13963	1550.83
64	13052	1548.14
64	12035	1545.97
64	11345	1543.8
64	10867	1542.14
64	10525	1540.86
64	10275	1539.32
80	10073	1538.05
64	9897	1536.9
64	9794	1535.36
64	9777	1534.47
64	9783	1533.83
63	9798	1533.19
65	9823	1532.55
64	9841	1531.91
64	9873	1531.53
63	9901	1531.02
65	9931	1530.76
64	9958	1530.51
64	9975	1530.51
79	9994	1530.25
64	10007	1530.12
64	10018	1530.12
64	10025	1530.12
64	10017	1530.25
64	10002	1530.38
65	9997	1530.38
63	9990	1530.38
65	9979	1530.38
64	9975	1530.51
63	9971	1530.51
64	9976	1530.63
80	9982	1530.51
64	9985	1530.63
64	9987	1530.63
64	9975	1530.51
64	9966	1530.63
63	9957	1530.51
65	9940	1530.63
64	9927	1530.63
63	9915	1530.63
65	9899	1530.63
64	9891	1530.76
64	9878	1530.76
79	9860	1530.89
65	9851	1530.76
64	9833	1530.76
64	9824	1530.89
63	9811	1530.76
65	9799	1530.76
64	9791	1530.76
64	9780	1530.89
63	9771	1530.89
65	9771	1530.89
64	9766	1530.89
64	9763	1530.89
79	9761	1530.76
64	9760	1530.89
64	9753	1531.02
64	9753	1531.02
64	9750	1530.89
64	9740	1530.89
64	9737	1531.14
64	9727	1531.02
64	9725	1530.89
64	9720	1531.02
64	9719	1531.02
64	9710	1530.89
80	9707	1531.02
64	9702	1531.02
63	9700	1531.02
65	9695	1531.02
64	9685	1531.14
64	9691	1531.02
64	9705	1531.02
63	9711	1531.02
64	9720	1531.02
65	9727	1531.02
64	9737	1530.89
63	9741	1531.02
80	9752	1531.02
64	9765	1531.02
64	9766	1531.02
64	9779	1531.14
64	9787	1531.02
65	9792	1531.14
64	9801	1531.14
63	9808	1531.02
64	9814	1531.02
64	9821	1531.14
64	9836	1531.02
64	9841	1531.14
80	9847	1531.02
64	9854	1531.14
64	9861	1531.02
64	9865	1531.14
64	9874	1531.14
64	9880	1531.14
64	9885	1531.14
63	9891	1531.02
65	9893	1531.14
64	9897	1531.14
63	9901	1531.14
64	9909	1531.14
80	9910	1531.14
64	9916	1531.14
65	9922	1531.14
63	9922	1531.14
65	9930	1531.27
63	9935	1531.02
64	9933	1531.14
64	9945	1531.14
64	9956	1531.14
66	9961	1531.14
62	9966	1531.27
64	9968	1531.27
80	9974	1531.14
64	9977	1531.14
64	9979	1531.27
64	9983	1531.14
64	9990	1531.14
64	9995	1531.27
64	9994	1531.27
64	10002	1531.14
64	10005	1531.14
65	10008	1531.27
63	10008	1531.27
64	10010	1531.27
80	10025	1531.27
64	10024	1531.27
63	10028	1531.14
65	10028	1531.27
63	10033	1531.27
65	10036	1531.27
64	10038	1531.27
64	10042	1531.14
63	10043	1531.14
64	10049	1531.27
65	10054	1531.14
64	10054	1531.14
79	10054	1531.27
65	10057	1531.14
64	10059	1531.27
63	10063	1531.27
64	10064	1531.27
64	10064	1531.27
64	10070	1531.27
64	10064	1531.27
64	10072	1531.27
64	10069	1531.27
64	10076	1531.27
64	10077	1531.27
80	10077	1531.27
64	10078	1531.27
64	10078	1531.27
64	10082	1531.27
63	10086	1531.27
65	10079	1531.27
64	10088	1531.14
64	10085	1531.27
64	10087	1531.27
64	10089	1531.27
64	10089	1531.4
64	10088	1531.27
80	10090	1531.27
64	10093	1531.4
64	10090	1531.27
64	10095	1531.27
63	10097	1531.27
64	10108	1531.27
64	10120	1531.27
64	10133	1531.4
64	10148	1531.27
65	10158	1531.4
63	10176	1531.4
64	10190	1531.4
80	10205	1531.4
64	10226	1531.27
64	10242	1531.4
64	10258	1531.4
64	10274	1531.4
64	10293	1531.27
64	10313	1531.4
64	10329	1531.4
64	10354	1531.27
64	10370	1531.27
64	10393	1531.27
64	10413	1531.4
64	10434	1531.4
80	10459	1531.27
63	10485	1531.4
64	10508	1531.4
65	10530	1531.27
64	10553	1531.53
64	10582	1531.4
64	10608	1531.4
63	10630	1531.4
65	10663	1531.4
63	10689	1531.4
65	10720	1531.27
63	10745	1531.4
80	10779	1531.27
64	10809	1531.27
65	10848	1531.4
63	10886	1531.4
64	10918	1531.4
64	10954	1531.53
64	10996	1531.4
64	11037	1531.4
64	11076	1531.4
64	11117	1531.27
64	11161	1531.4
64	11201	1531.4
80	11244	1531.53
64	11291	1531.27
64	11339	1531.4
64	11382	1531.53
63	11423	1531.78
64	11473	1532.04
64	11520	1532.42
65	11570	1532.93
64	11630	1533.57
64	11688	1534.21
64	11760	1534.98
63	11839	1535.87
81	11921	1536.77
64	12017	1538.05
64	12124	1539.32
63	12230	1540.6
64	12323	1542.14
64	12408	1543.8
64	12452	1545.46
64	12436	1547.25
65	12426	1549.29
63	12428	1551.34
64	12443	1553.64
64	12471	1555.94
81	12538	1558.5
64	12638	1561.18
63	12765	1563.99
64	12896	1566.68
64	13016	1569.49
64	13192	1572.3
64	13326	1575.11
64	13494	1577.41
63	13726	1580.22
65	14400	1582.53
64	14673	1584.83
64	15008	1587
79	15301	1589.04
65	15515	1590.83
64	15766	1592.49
64	15887	1593.9
63	15906	1594.92
64	15938	1593.39
65	15977	1591.09
64	16034	1588.02
64	16083	1584.7
64	16044	1581.25
63	15986	1577.41
65	15893	1573.32
79	15783	1569.36
64	15671	1565.4
65	15478	1561.69
63	15180	1558.24
64	14774	1554.92
64	14213	1551.72
64	13361	1549.04
64	12338	1546.74
65	11544	1544.44
63	11011	1542.78
64	10628	1541.24
64	10347	1539.96
80	10131	1538.69
64	9961	1537.41
64	9819	1535.75
64	9780	1534.85
64	9782	1534.21
64	9794	1533.45
64	9810	1532.93
64	9840	1532.04
64	9864	1531.66
64	9887	1531.14
64	9917	1530.76
63	9948	1530.63
80	9968	1530.51
65	9988	1530.38
63	9999	1530.12
65	10009	1530.12
64	10022	1530.12
63	10028	1530.25
64	10003	1530.25
64	9995	1530.38
64	9986	1530.38
64	9975	1530.51
64	9969	1530.51
64	9969	1530.51
80	9978	1530.51
64	9983	1530.63
64	9989	1530.51
64	9987	1530.63
64	9985	1530.63
63	9971	1530.76
65	9960	1530.76
64	9943	1530.63
64	9932	1530.76
64	9921	1530.76
64	9909	1530.63
64	9893	1530.76
80	9879	1530.63
64	9865	1530.89
63	9849	1530.89
64	9841	1530.76
64	9825	1530.89
65	9818	1530.89
64	9808	1530.76
64	9794	1530.89
63	9786	1530.89
64	9787	1530.76
64	9786	1530.89
65	9779	1530.89
79	9776	1530.89
64	9773	1530.89
64	9772	1531.02
64	9766	1531.02
64	9757	1530.89
64	9757	1530.89
64	9751	1531.02
64	9744	1530.89
64	9739	1531.02
64	9737	1531.02
64	9732	1531.02
64	9722	1531.02
80	9722	1531.02
64	9722	1531.02
63	9710	1531.14
65	9708	1530.89
64	9701	1530.89
64	9702	1531.02
64	9690	1531.02
63	9708	1531.02
64	9714	1531.02
65	9725	1531.14
64	9733	1531.14
64	9739	1531.02
79	9747	1531.02
65	9756	1531.14
64	9767	1531.14
63	9774	1531.14
64	9782	1531.02
65	9789	1531.02
63	9802	1531.02
64	9808	1531.14
64	9813	1531.02
64	9821	1531.02
64	9825	1531.14
64	9836	1531.14
80	9845	1531.14
64	9853	1531.02
64	9862	1531.02
64	9866	1531.14
64	9869	1531.14
64	9877	1531.14
64	9886	1531.14
63	9890	1531.14
65	9894	1531.14
64	9898	1531.14
64	9903	1531.14
64	9909	1531.14
80	9914	1531.14
64	9916	1531.14
64	9922	1531.14
63	9923	1531.14
64	9933	1531.14
64	9933	1531.27
64	9940	1531.27
64	9948	1531.14
64	9958	1531.14
64	9967	1531.27
64	9968	1531.14
64	9978	1531.27
65	9974	1531.27
79	9988	1531.27
64	9985	1531.27
64	9989	1531.27
65	9992	1531.27
63	9997	1531.27
64	9998	1531.27
64	10009	1531.27
64	10005	1531.27
64	10016	1531.14
64	10017	1531.27
64	10019	1531.27
63	10022	1531.27
80	10031	1531.27
64	10032	1531.27
64	10036	1531.27
65	10045	1531.27
63	10043	1531.27
64	10049	1531.27
65	10048	1531.27
63	10051	1531.14
64	10053	1531.27
64	10053	1531.27
64	10057	1531.4
64	10058	1531.27
80	10061	1531.4
65	10066	1531.27
63	10067	1531.4
64	10069	1531.27
64	10068	1531.27
64	10066	1531.27
64	10069	1531.27
64	10069	1531.27
64	10072	1531.27
64	10073	1531.27
64	10074	1531.14
64	10080	1531.27
80	10078	1531.27
64	10079	1531.4
64	10082	1531.27
64	10083	1531.27
64	10079	1531.27
63	10083	1531.27
65	10085	1531.27
64	10085	1531.4
63	10087	1531.27
65	10088	1531.4
64	10087	1531.27
63	10094	1531.27
81	10091	1531.4
64	10093	1531.27
63	10092	1531.4
64	10092	1531.27
65	10092	1531.4
64	10106	1531.4
63	10113	1531.27
64	10131	1531.4
64	10147	1531.27
64	10155	1531.27
64	10173	1531.4
64	10190	1531.27
80	10207	1531.27
64	10225	1531.4
64	10240	1531.4
64	10258	1531.4
64	10270	1531.4
64	10291	1531.4
64	10307	1531.4
64	10327	1531.4
63	10349	1531.4
65	10365	1531.53
64	10391	1531.4
64	10413	1531.4
80	10431	1531.4
64	10456	1531.4
64	10480	1531.4
63	10497	1531.27
65	10527	1531.4
64	10551	1531.4
63	10574	1531.4
65	10604	1531.4
63	10629	1531.4
64	10655	1531.4
64	10682	1531.4
64	10712	1531.4
80	10745	1531.4
64	10773	1531.53
64	10807	1531.4
64	10838	1531.4
64	10878	1531.4
64	10906	1531.4
64	10945	1531.4
64	10985	1531.53
64	11023	1531.4
64	11062	1531.27
64	11109	1531.53
64	11148	1531.53
80	11194	1531.4
63	11234	1531.4
65	11280	1531.53
64	11327	1531.4
64	11372	1531.66
64	11410	1531.66
64	11464	1531.91
63	11507	1532.55
65	11556	1532.93
64	11621	1533.45
64	11683	1534.34
63	11748	1534.98
80	11822	1535.87
64	11910	1536.77
64	12002	1537.92
65	12108	1539.07
64	12209	1540.6
63	12306	1542.01
65	12392	1543.54
63	12448	1545.08
65	12443	1546.74
63	12423	1548.66
64	12425	1550.7
64	12441	1553
80	12460	1555.43
64	12523	1557.99
64	12614	1560.54
64	12742	1563.35
63	12877	1566.17
65	12996	1568.98
64	13162	1571.66
64	13321	1574.35
64	13483	1577.03
64	13671	1579.59
64	14353	1582.14
63	14589	1584.44
80	14950	1586.62
64	15243	1588.66
64	15451	1590.58
65	15703	1592.24
63	15829	1593.77
65	15875	1594.92
64	15891	1594.03
64	15929	1591.73
63	15993	1588.66
64	16068	1585.47
64	16055	1581.89
65	15998	1578.31
80	15904	1574.22
63	15799	1570.13
64	15677	1566.17
64	15504	1562.46
64	15242	1558.88
65	14862	1555.43
63	14341	1552.36
64	13553	1549.55
64	12531	1547.12
64	11698	1545.08
64	11123	1543.16
64	10714	1541.63
79	10408	1540.22
65	10180	1538.94
64	10005	1537.66
64	9841	1536.39
64	9779	1535.11
64	9779	1534.34
63	9781	1533.83
64	9795	1533.06
65	9820	1532.42
64	9851	1531.78
63	9881	1531.4
65	9907	1531.02
79	9937	1530.89
65	9956	1530.63
63	9976	1530.51
64	9990	1530.38
64	10006	1530.25
64	10013	1530.12
64	10021	1530.25
65	9995	1530.38
64	9991	1530.38
63	9979	1530.51
64	9972	1530.51
64	9959	1530.51
79	9954	1530.63
65	9951	1530.63
64	9961	1530.76
64	9963	1530.76
64	9969	1530.63
64	9975	1530.76
64	9965	1530.63
64	9953	1530.76
64	9940	1530.89
63	9926	1530.89
64	9915	1530.76
64	9902	1530.76
65	9890	1530.89
79	9875	1530.89
64	9863	1530.89
64	9851	1530.89
64	9834	1530.89
64	9830	1531.02
65	9813	1530.89
63	9807	1531.02
64	9794	1531.02
65	9781	1531.02
63	9773	1531.02
65	9765	1530.89
63	9771	1531.14
80	9768	1531.02
65	9762	1531.02
63	9758	1531.14
64	9765	1531.02
64	9758	1531.02
64	9756	1531.14
64	9741	1531.14
63	9744	1531.14
65	9737	1531.14
64	9725	1531.14
64	9727	1531.14
64	9716	1531.02
80	9717	1531.14
64	9713	1531.14
63	9704	1531.14
65	9706	1531.14
63	9699	1531.14
64	9701	1531.14
64	9689	1531.27
64	9694	1531.02
64	9712	1531.14
64	9716	1531.14
64	9722	1531.14
65	9730	1531.14
80	9739	1531.14
63	9746	1531.14
64	9753	1531.27
64	9766	1531.27
64	9772	1531.14
64	9781	1531.27
64	9785	1531.27
64	9794	1531.27
64	9805	1531.27
64	9814	1531.14
64	9816	1531.27
64	9824	1531.14
80	9838	1531.27
63	9843	1531.14
65	9847	1531.27
64	9861	1531.27
64	9867	1531.27
63	9870	1531.27
64	9878	1531.27
65	9884	1531.27
63	9895	1531.27
64	9894	1531.27
64	9899	1531.27
65	9904	1531.14
80	9910	1531.14
64	9911	1531.4
63	9921	1531.14
64	9921	1531.27
64	9924	1531.4
64	9933	1531.27
64	9931	1531.4
64	9942	1531.27
64	9941	1531.14
64	9959	1531.27
64	9967	1531.27
64	9970	1531.4
80	9979	1531.4
64	9978	1531.27
64	9982	1531.27
64	9982	1531.4
64	9987	1531.4
64	9990	1531.4
64	10001	1531.4
63	10006	1531.27
65	10009	1531.27
63	10009	1531.27
65	10012	1531.4
64	10020	1531.27
80	10028	1531.27
64	10025	1531.27
63	10029	1531.4
64	10033	1531.27
64	10040	1531.27
65	10045	1531.27
64	10047	1531.27
63	10044	1531.4
64	10049	1531.4
64	10051	1531.27
64	10053	1531.4
65	10058	1531.4
80	10059	1531.4
62	10063	1531.27
64	10062	1531.4
65	10066	1531.53
64	10067	1531.4
64	10069	1531.4
64	10073	1531.4
64	10072	1531.53
64	10073	1531.4
63	10074	1531.27
64	10076	1531.53
64	10080	1531.4
81	10078	1531.4
64	10079	1531.4
63	10081	1531.53
64	10084	1531.4
66	10083	1531.53
62	10085	1531.4
64	10088	1531.4
64	10086	1531.53
64	10090	1531.4
64	10092	1531.53
65	10092	1531.53
63	10090	1531.4
80	10096	1531.53
65	10094	1531.4
63	10094	1531.4
64	10097	1531.4
64	10096	1531.53
63	10100	1531.4
65	10101	1531.4
64	10114	1531.4
64	10129	1531.4
64	10143	1531.4
64	10157	1531.4
64	10178	1531.4
80	10190	1531.4
64	10206	1531.53
64	10224	1531.4
64	10241	1531.4
64	10256	1531.4
64	10277	1531.4
63	10292	1531.4
64	10311	1531.53
64	10325	1531.4
65	10350	1531.53
64	10374	1531.53
64	10383	1531.53
79	10409	1531.4
65	10432	1531.4
63	10458	1531.66
64	10479	1531.4
64	10501	1531.53
64	10525	1531.4
65	10553	1531.4
63	10575	1531.53
64	10605	1531.66
64	10631	1531.4
64	10654	1531.53
64	10684	1531.4
80	10713	1531.53
64	10743	1531.53
64	10772	1531.53
64	10806	1531.53
64	10836	1531.53
63	10875	1531.53
64	10906	1531.4
64	10953	1531.53
65	10987	1531.53
64	11018	1531.53
64	11066	1531.53
63	11105	1531.4
81	11152	1531.53
63	11190	1531.53
65	11238	1531.53
64	11282	1531.53
64	11330	1531.53
63	11370	1531.66
64	11415	1531.78
64	11462	1532.04
65	11509	1532.42
63	11558	1532.93
65	11624	1533.57
64	11679	1534.08
79	11744	1534.85
64	11823	1535.62
64	11898	1536.64
65	11988	1537.54
63	12094	1538.94
64	12204	1540.35
64	12297	1541.75
64	12384	1543.29
64	12456	1545.08
64	12457	1546.74
64	12438	1548.53
64	12435	1550.7
80	12448	1552.87
64	12472	1555.3
64	12524	1557.86
64	12616	1560.41
64	12734	1563.1
63	12868	1565.91
65	13002	1568.72
63	13146	1571.41
65	13327	1574.22
63	13475	1576.77
65	13644	1579.46
64	14169	1581.89
80	14514	1584.31
64	14892	1586.49
63	15200	1588.66
65	15422	1590.32
63	15665	1592.11
64	15795	1593.65
64	15877	1594.92
64	15890	1594.54
64	15904	1592.37
64	15974	1589.43
64	16044	1586.36
65	16065	1582.91
63	16007	1579.2
80	15919	1575.11
64	15825	1571.28
64	15695	1567.19
64	15554	1563.23
63	15303	1559.52
65	14956	1556.2
64	14472	1553
64	13749	1550.32
64	12739	1547.63
64	11849	1545.46
64	11233	1543.54
64	10792	1541.88
79	10462	1540.6
65	10224	1539.07
63	10041	1537.92
65	9852	1536.77
64	9775	1535.36
63	9770	1534.72
65	9776	1533.96
63	9789	1533.32
65	9820	1532.68
64	9846	1532.17
64	9868	1531.66
63	9899	1531.27
80	9925	1531.02
64	9953	1530.76
64	9972	1530.63
64	9986	1530.51
64	9999	1530.25
64	10003	1530.25
64	10016	1530.38
64	9991	1530.38
64	9985	1530.51
64	9979	1530.51
64	9966	1530.51
64	9959	1530.51
79	9948	1530.63
65	9944	1530.63
64	9943	1530.63
63	9948	1530.63
64	9949	1530.63
64	9958	1530.63
64	9957	1530.89
64	9943	1530.76
65	9935	1530.89
64	9927	1530.89
64	9910	1530.89
64	9898	1531.02
79	9887	1530.89
64	9873	1531.02
64	9863	1531.02
64	9849	1531.02
64	9834	1531.02
64	9823	1531.02
64	9807	1531.02
64	9802	1531.02
64	9793	1531.02
64	9780	1531.02
64	9771	1531.02
64	9762	1531.02
80	9757	1531.02
64	9757	1531.02
64	9760	1531.02
63	9755	1531.14
65	9750	1531.02
64	9745	1531.02
64	9750	1530.89
64	9742	1531.14
64	9738	1531.02
64	9729	1531.02
64	9720	1531.02
64	9717	1531.14
79	9711	1531.02
65	9707	1531.14
64	9698	1531.14
63	9694	1531.14
65	9695	1531.27
63	9692	1531.14
64	9683	1531.14
64	9683	1531.27
64	9684	1531.14
65	9697	1531.14
64	9706	1531.27
64	9711	1531.14
80	9724	1531.14
63	9731	1531.14
64	9736	1531.27
64	9743	1531.27
64	9751	1531.27
64	9757	1531.14
64	9761	1531.27
64	9773	1531.27
64	9779	1531.27
64	9788	1531.27
64	9792	1531.27
63	9803	1531.27
81	9811	1531.27
63	9820	1531.14
64	9829	1531.27
64	9837	1531.27
65	9844	1531.27
64	9850	1531.27
63	9861	1531.27
65	9864	1531.27
63	9877	1531.4
65	9879	1531.27
63	9886	1531.27
64	9890	1531.27
80	9898	1531.14
65	9899	1531.27
63	9905	1531.27
65	9912	1531.27
63	9916	1531.27
65	9925	1531.27
63	9918	1531.27
64	9926	1531.27
64	9931	1531.27
64	9933	1531.27
64	9943	1531.27
64	9945	1531.4
80	9954	1531.4
63	9967	1531.27
65	9967	1531.4
64	9975	1531.4
64	9983	1531.4
63	9987	1531.27
64	9990	1531.27
64	9992	1531.4
65	9996	1531.4
63	10000	1531.4
64	10007	1531.4
64	10007	1531.4
80	10010	1531.4
65	10018	1531.4
64	10024	1531.4
63	10025	1531.4
65	10032	1531.4
63	10035	1531.4
64	10039	1531.4
64	10040	1531.27
65	10043	1531.4
64	10045	1531.4
63	10050	1531.4
64	10051	1531.4
80	10060	1531.4
64	10058	1531.4
64	10060	1531.4
64	10066	1531.4
64	10066	1531.4
64	10065	1531.4
64	10068	1531.4
64	10071	1531.53
63	10073	1531.4
65	10073	1531.4
64	10074	1531.53
64	10075	1531.53
80	10073	1531.4
64	10081	1531.4
64	10077	1531.4
63	10080	1531.53
65	10082	1531.4
64	10084	1531.53
63	10088	1531.4
65	10086	1531.4
63	10086	1531.4
65	10087	1531.53
64	10090	1531.4
63	10090	1531.4
64	10092	1531.4
80	10097	1531.53
64	10092	1531.4
64	10095	1531.4
64	10097	1531.53
64	10102	1531.53
64	10099	1531.53
64	10094	1531.4
65	10102	1531.4
63	10098	1531.53
64	10100	1531.53
64	10107	1531.53
65	10102	1531.53
78	10105	1531.53
65	10109	1531.4
64	10104	1531.4
64	10107	1531.53
64	10107	1531.53
64	10111	1531.53
64	10111	1531.53
64	10115	1531.53
63	10114	1531.53
66	10113	1531.53
63	10113	1531.4
64	10113	1531.53
79	10121	1531.53
64	10120	1531.53
65	10117	1531.66
64	10122	1531.53
63	10119	1531.4
64	10119	1531.53
64	10119	1531.53
