Loop Time (ms)	IR (16 bit)	Force (N)
20	10459	1537.28
53	10454	1537.28
64	10453	1537.28
65	10456	1537.28
64	10459	1537.28
64	10454	1537.28
64	10456	1537.28
79	10459	1537.28
65	10457	1537.41
64	10456	1537.28
64	10458	1537.28
63	10463	1537.28
65	10459	1537.15
64	10463	1537.28
63	10461	1537.41
64	10469	1537.28
64	10464	1537.28
64	10464	1537.41
65	10464	1537.28
79	10462	1537.41
64	10461	1537.28
64	10464	1537.28
64	10465	1537.28
64	10461	1537.28
64	10465	1537.28
64	10469	1537.28
64	10464	1537.28
65	10463	1537.41
63	10466	1537.28
64	10465	1537.28
64	10470	1537.41
80	10469	1537.41
63	10465	1537.28
65	10465	1537.28
64	10464	1537.28
64	10465	1537.28
64	10468	1537.15
64	10470	1537.28
64	10473	1537.15
64	10474	1537.28
64	10479	1537.28
64	10480	1537.28
63	10485	1537.28
80	10493	1537.28
65	10495	1537.28
63	10498	1537.28
65	10508	1537.28
64	10510	1537.28
64	10513	1537.41
64	10517	1537.28
63	10528	1537.28
64	10531	1537.28
65	10535	1537.28
64	10539	1537.41
63	10546	1537.28
80	10551	1537.41
64	10554	1537.28
63	10560	1537.15
65	10570	1537.28
64	10575	1537.28
64	10579	1537.41
63	10592	1537.15
65	10598	1537.28
64	10600	1537.28
64	10609	1537.28
63	10617	1537.41
65	10624	1537.41
80	10631	1537.28
64	10639	1537.41
63	10649	1537.28
64	10654	1537.28
64	10659	1537.28
64	10671	1537.28
64	10677	1537.28
64	10687	1537.28
64	10695	1537.28
64	10710	1537.28
64	10714	1537.28
64	10730	1537.28
80	10735	1537.28
64	10751	1537.15
64	10761	1537.28
64	10766	1537.41
64	10779	1537.41
65	10786	1537.28
63	10805	1537.28
64	10814	1537.28
64	10821	1537.28
64	10840	1537.28
64	10857	1537.41
64	10871	1537.41
80	10880	1537.28
64	10893	1537.41
63	10913	1537.28
65	10930	1537.41
64	10945	1537.41
64	10962	1537.28
63	10977	1537.28
64	11001	1537.41
65	11011	1537.41
64	11031	1537.41
63	11046	1537.66
65	11066	1537.92
79	11076	1538.3
64	11093	1538.69
65	11109	1539.2
63	11127	1539.71
64	11127	1539.58
64	11114	1539.2
64	11095	1538.69
64	11076	1538.3
64	11067	1537.92
64	11049	1537.54
64	11039	1537.41
64	11018	1537.28
79	11001	1537.54
65	10988	1537.41
64	10968	1537.41
63	10958	1537.28
65	10932	1537.41
66	10920	1537.28
62	10911	1537.41
64	10892	1537.41
64	10880	1537.28
64	10868	1537.28
64	10853	1537.41
63	10839	1537.41
80	10825	1537.28
65	10816	1537.41
63	10804	1537.28
64	10792	1537.41
64	10784	1537.41
64	10773	1537.28
64	10762	1537.41
65	10747	1537.28
63	10746	1537.41
64	10730	1537.41
64	10722	1537.41
64	10718	1537.28
80	10704	1537.41
64	10703	1537.41
64	10690	1537.41
64	10681	1537.41
64	10673	1537.41
64	10664	1537.28
65	10657	1537.41
63	10653	1537.41
63	10642	1537.41
64	10637	1537.28
64	10633	1537.41
65	10624	1537.28
79	10618	1537.28
65	10616	1537.28
64	10608	1537.28
63	10599	1537.41
64	10593	1537.41
65	10584	1537.41
63	10580	1537.41
65	10572	1537.28
63	10569	1537.28
64	10566	1537.28
64	10561	1537.28
64	10556	1537.41
80	10554	1537.28
64	10542	1537.28
64	10545	1537.41
65	10540	1537.41
63	10535	1537.28
64	10528	1537.41
64	10527	1537.28
64	10518	1537.41
63	10517	1537.41
65	10515	1537.28
64	10508	1537.41
64	10504	1537.41
80	10500	1537.41
64	10500	1537.28
64	10499	1537.41
67	10500	1537.28
61	10498	1537.41
63	10502	1537.28
65	10499	1537.41
64	10502	1537.28
63	10496	1537.41
64	10500	1537.41
65	10499	1537.41
63	10503	1537.28
80	10502	1537.41
65	10502	1537.28
64	10502	1537.41
63	10503	1537.41
64	10502	1537.28
64	10505	1537.41
64	10503	1537.28
64	10506	1537.41
64	10506	1537.41
64	10505	1537.41
64	10506	1537.28
64	10505	1537.41
64	10509	1537.41
80	10507	1537.41
64	10505	1537.41
64	10503	1537.28
64	10502	1537.41
63	10503	1537.41
64	10503	1537.28
64	10505	1537.28
65	10506	1537.28
63	10506	1537.41
64	10503	1537.41
65	10502	1537.41
64	10506	1537.41
79	10505	1537.41
64	10505	1537.28
64	10509	1537.41
64	10506	1537.41
65	10508	1537.28
63	10507	1537.41
64	10507	1537.28
65	10507	1537.41
63	10505	1537.41
64	10505	1537.28
64	10505	1537.41
64	10505	1537.41
80	10509	1537.41
64	10507	1537.28
64	10507	1537.41
65	10509	1537.41
63	10511	1537.41
64	10511	1537.41
63	10508	1537.41
65	10511	1537.41
66	10512	1537.41
62	10512	1537.41
64	10513	1537.41
64	10506	1537.28
80	10507	1537.28
63	10512	1537.41
64	10509	1537.41
65	10508	1537.41
64	10509	1537.28
63	10506	1537.41
65	10511	1537.41
64	10509	1537.41
63	10510	1537.28
65	10505	1537.41
63	10510	1537.41
64	10510	1537.41
80	10510	1537.41
64	10510	1537.41
64	10510	1537.28
64	10508	1537.41
64	10513	1537.28
64	10506	1537.28
64	10513	1537.41
64	10513	1537.41
64	10514	1537.41
63	10512	1537.28
65	10511	1537.41
64	10515	1537.41
80	10513	1537.28
64	10511	1537.28
64	10510	1537.41
64	10511	1537.41
64	10515	1537.41
64	10513	1537.28
63	10515	1537.41
65	10514	1537.41
64	10513	1537.28
64	10511	1537.41
64	10513	1537.41
64	10513	1537.41
80	10515	1537.28
63	10517	1537.28
65	10519	1537.41
64	10523	1537.41
63	10529	1537.41
65	10536	1537.41
63	10539	1537.28
64	10537	1537.41
64	10547	1537.28
64	10554	1537.41
64	10559	1537.41
64	10565	1537.28
80	10564	1537.28
65	10571	1537.41
63	10575	1537.28
64	10584	1537.41
64	10583	1537.41
64	10590	1537.41
64	10600	1537.41
64	10603	1537.41
64	10612	1537.41
64	10615	1537.28
64	10626	1537.41
64	10630	1537.41
80	10636	1537.41
64	10642	1537.28
63	10641	1537.28
64	10658	1537.41
65	10663	1537.41
64	10671	1537.28
63	10681	1537.41
65	10685	1537.15
63	10697	1537.41
64	10703	1537.41
64	10708	1537.41
64	10720	1537.41
81	10729	1537.41
64	10736	1537.28
63	10745	1537.41
64	10753	1537.41
64	10765	1537.41
64	10782	1537.41
64	10784	1537.41
64	10798	1537.28
64	10803	1537.54
64	10817	1537.41
63	10827	1537.41
65	10847	1537.41
80	10854	1537.41
64	10868	1537.41
64	10887	1537.28
63	10893	1537.41
65	10908	1537.41
64	10924	1537.28
64	10939	1537.28
64	10957	1537.41
64	10970	1537.41
64	10985	1537.41
64	11009	1537.41
63	11024	1537.28
80	11039	1537.41
64	11056	1537.41
65	11073	1537.41
63	11088	1537.66
65	11110	1537.92
63	11129	1538.3
65	11140	1538.69
64	11150	1539.2
63	11164	1539.58
64	11172	1539.71
64	11159	1539.2
64	11141	1538.81
80	11129	1538.43
64	11112	1537.92
64	11098	1537.66
64	11079	1537.54
64	11065	1537.41
64	11051	1537.41
64	11031	1537.41
64	11017	1537.41
63	10998	1537.41
65	10982	1537.41
64	10967	1537.41
64	10946	1537.41
80	10935	1537.41
64	10926	1537.28
64	10906	1537.28
64	10887	1537.28
64	10880	1537.28
63	10869	1537.41
64	10855	1537.28
64	10845	1537.41
64	10828	1537.28
64	10818	1537.41
64	10811	1537.28
65	10798	1537.41
80	10784	1537.41
63	10782	1537.28
65	10771	1537.41
63	10751	1537.28
64	10749	1537.41
64	10739	1537.41
64	10732	1537.41
65	10720	1537.28
63	10714	1537.28
64	10706	1537.41
63	10699	1537.41
65	10694	1537.28
63	10684	1537.41
80	10677	1537.41
66	10669	1537.41
63	10663	1537.41
64	10654	1537.41
64	10652	1537.28
63	10648	1537.41
65	10638	1537.28
63	10634	1537.41
65	10622	1537.41
64	10620	1537.28
63	10617	1537.28
65	10605	1537.41
80	10603	1537.41
63	10598	1537.41
64	10592	1537.28
64	10590	1537.41
65	10588	1537.41
63	10577	1537.41
64	10571	1537.28
64	10573	1537.41
64	10564	1537.41
64	10559	1537.28
64	10554	1537.41
64	10555	1537.41
80	10550	1537.41
64	10542	1537.41
64	10540	1537.41
64	10538	1537.41
64	10538	1537.28
64	10532	1537.54
64	10530	1537.28
63	10529	1537.41
65	10530	1537.41
63	10529	1537.41
65	10532	1537.28
63	10526	1537.41
80	10535	1537.41
65	10531	1537.41
63	10528	1537.41
65	10536	1537.41
64	10528	1537.28
64	10528	1537.41
64	10531	1537.41
64	10531	1537.28
63	10531	1537.41
64	10533	1537.41
65	10532	1537.54
63	10530	1537.28
80	10533	1537.41
64	10530	1537.41
64	10533	1537.28
64	10528	1537.41
64	10530	1537.28
65	10535	1537.41
64	10533	1537.28
63	10531	1537.41
64	10534	1537.28
67	10531	1537.41
61	10533	1537.41
64	10532	1537.41
79	10532	1537.41
65	10529	1537.28
63	10533	1537.41
104	10535	1537.41
24	10535	1537.28
65	10533	1537.41
64	10533	1537.41
64	10534	1537.41
63	10533	1537.41
65	10535	1537.41
64	10531	1537.54
63	10538	1537.28
80	10537	1537.41
65	10534	1537.41
63	10536	1537.28
65	10538	1537.28
63	10539	1537.41
65	10541	1537.54
63	10534	1537.41
64	10534	1537.41
64	10537	1537.54
65	10537	1537.41
63	10537	1537.28
64	10540	1537.41
80	10534	1537.41
64	10543	1537.28
64	10539	1537.41
64	10538	1537.41
64	10537	1537.41
64	10534	1537.28
64	10537	1537.41
64	10538	1537.41
63	10538	1537.28
65	10541	1537.54
64	10539	1537.41
64	10536	1537.41
80	10542	1537.41
63	10539	1537.41
64	10539	1537.41
64	10541	1537.41
65	10539	1537.41
64	10538	1537.41
63	10537	1537.41
65	10536	1537.41
64	10540	1537.15
64	10543	1537.41
63	10541	1537.41
64	10543	1537.41
81	10538	1537.41
64	10543	1537.41
63	10539	1537.41
64	10541	1537.41
65	10542	1537.41
63	10543	1537.41
64	10540	1537.41
64	10545	1537.41
64	10538	1537.41
64	10538	1537.41
64	10541	1537.41
65	10540	1537.41
79	10538	1537.41
64	10543	1537.41
64	10538	1537.28
64	10543	1537.41
64	10540	1537.41
64	10542	1537.41
63	10551	1537.41
65	10550	1537.28
63	10552	1537.41
65	10559	1537.41
64	10562	1537.41
63	10568	1537.41
84	10572	1537.41
70	10576	1537.41
54	10580	1537.41
64	10588	1537.41
64	10593	1537.41
63	10598	1537.41
65	10599	1537.28
64	10606	1537.28
64	10613	1537.41
64	10620	1537.41
64	10622	1537.41
64	10630	1537.41
80	10639	1537.41
64	10640	1537.41
64	10646	1537.54
64	10653	1537.41
64	10662	1537.41
63	10666	1537.41
65	10673	1537.41
63	10676	1537.41
65	10685	1537.41
63	10690	1537.28
65	10704	1537.41
63	10711	1537.41
80	10716	1537.41
64	10722	1537.41
64	10731	1537.41
64	10739	1537.41
64	10748	1537.41
64	10756	1537.41
65	10764	1537.41
63	10777	1537.28
65	10784	1537.28
63	10798	1537.41
64	10803	1537.54
64	10818	1537.41
80	10828	1537.41
65	10841	1537.54
63	10846	1537.41
64	10862	1537.41
64	10874	1537.41
64	10891	1537.28
64	10903	1537.41
64	10908	1537.41
64	10925	1537.41
63	10944	1537.41
65	10956	1537.41
64	10975	1537.41
64	10994	1537.41
80	11001	1537.41
64	11019	1537.41
64	11028	1537.28
63	11056	1537.41
64	11072	1537.54
65	11093	1537.41
63	11114	1537.54
64	11125	1537.79
64	11143	1538.05
64	11161	1538.3
64	11174	1538.69
64	11187	1539.07
80	11202	1539.58
65	11208	1539.84
63	11187	1539.32
64	11178	1538.81
64	11162	1538.3
64	11150	1537.92
64	11134	1537.79
64	11118	1537.66
64	11100	1537.54
64	11078	1537.41
63	11057	1537.41
65	11042	1537.41
80	11026	1537.41
64	11012	1537.41
64	10994	1537.41
64	10978	1537.41
63	10963	1537.41
65	10948	1537.41
64	10937	1537.41
63	10919	1537.54
64	10912	1537.41
64	10896	1537.41
65	10882	1537.41
63	10876	1537.41
81	10858	1537.41
63	10853	1537.28
64	10841	1537.41
64	10830	1537.41
64	10821	1537.41
64	10804	1537.28
64	10795	1537.41
64	10787	1537.41
65	10776	1537.41
63	10768	1537.41
65	10758	1537.41
63	10753	1537.28
80	10746	1537.54
64	10734	1537.41
64	10731	1537.41
64	10715	1537.41
64	10709	1537.54
64	10702	1537.41
64	10695	1537.41
64	10689	1537.41
64	10683	1537.41
64	10677	1537.41
63	10669	1537.41
64	10663	1537.54
80	10658	1537.28
65	10653	1537.41
63	10647	1537.54
65	10644	1537.41
63	10635	1537.54
65	10630	1537.41
63	10627	1537.41
64	10613	1537.41
64	10618	1537.41
64	10607	1537.41
65	10599	1537.41
63	10598	1537.41
80	10590	1537.41
64	10590	1537.41
64	10587	1537.41
65	10584	1537.41
63	10577	1537.41
64	10575	1537.41
64	10570	1537.41
64	10567	1537.54
64	10564	1537.41
64	10556	1537.41
64	10549	1537.41
64	10551	1537.41
79	10554	1537.41
65	10554	1537.41
64	10554	1537.41
64	10557	1537.41
64	10554	1537.54
64	10558	1537.41
64	10556	1537.41
63	10553	1537.41
65	10555	1537.41
63	10556	1537.41
64	10552	1537.28
65	10554	1537.41
79	10551	1537.41
65	10554	1537.41
63	10552	1537.41
65	10557	1537.41
63	10559	1537.41
64	10558	1537.54
64	10559	1537.41
64	10553	1537.41
64	10560	1537.41
64	10553	1537.41
89	10558	1537.41
39	10556	1537.41
80	10559	1537.41
64	10560	1537.41
64	10555	1537.41
64	10553	1537.41
64	10554	1537.41
64	10557	1537.41
64	10560	1537.41
64	10554	1537.54
64	10552	1537.41
64	10559	1537.41
64	10559	1537.41
64	10559	1537.41
80	10559	1537.41
63	10560	1537.41
65	10560	1537.28
64	10559	1537.41
64	10557	1537.41
64	10560	1537.41
63	10561	1537.41
65	10560	1537.54
64	10562	1537.41
63	10556	1537.41
64	10560	1537.41
64	10557	1537.41
80	10563	1537.41
65	10559	1537.28
63	10560	1537.41
64	10561	1537.41
65	10565	1537.41
63	10558	1537.28
64	10560	1537.54
64	10560	1537.41
64	10560	1537.54
64	10555	1537.41
64	10556	1537.41
64	10559	1537.41
80	10564	1537.41
64	10560	1537.41
64	10559	1537.41
64	10561	1537.41
64	10559	1537.54
64	10558	1537.54
64	10561	1537.41
64	10561	1537.41
63	10560	1537.41
64	10560	1537.41
64	10559	1537.54
65	10558	1537.41
79	10562	1537.41
65	10557	1537.41
63	10560	1537.54
65	10556	1537.28
63	10559	1537.28
64	10561	1537.41
64	10561	1537.41
64	10561	1537.41
64	10559	1537.54
65	10562	1537.41
63	10564	1537.41
64	10563	1537.54
64	10562	1537.41
80	10563	1537.41
64	10563	1537.41
64	10564	1537.28
64	10560	1537.41
64	10561	1537.54
64	10561	1537.41
63	10564	1537.54
65	10560	1537.41
63	10563	1537.54
65	10566	1537.41
63	10567	1537.54
65	10570	1537.41
79	10573	1537.54
65	10580	1537.41
64	10583	1537.54
64	10589	1537.54
64	10591	1537.54
63	10594	1537.41
65	10602	1537.41
63	10602	1537.41
64	10607	1537.41
64	10614	1537.41
65	10618	1537.41
63	10629	1537.41
80	10631	1537.41
64	10635	1537.41
65	10642	1537.41
64	10645	1537.41
63	10654	1537.41
64	10658	1537.41
64	10667	1537.41
64	10669	1537.54
64	10678	1537.41
64	10689	1537.41
64	10689	1537.28
64	10695	1537.41
80	10703	1537.54
64	10712	1537.54
64	10718	1537.41
64	10728	1537.41
64	10735	1537.28
63	10744	1537.54
65	10750	1537.41
63	10756	1537.54
65	10766	1537.41
63	10778	1537.54
64	10789	1537.54
65	10793	1537.41
79	10807	1537.41
64	10812	1537.54
64	10823	1537.41
64	10829	1537.54
65	10846	1537.41
63	10858	1537.28
64	10867	1537.41
64	10883	1537.54
65	10895	1537.41
63	10910	1537.41
64	10921	1537.54
64	10930	1537.41
80	10946	1537.41
64	10959	1537.41
64	10976	1537.41
64	10991	1537.41
64	11005	1537.54
64	11024	1537.41
64	11036	1537.41
64	11057	1537.41
64	11070	1537.41
64	11092	1537.41
64	11115	1537.54
64	11124	1537.66
80	11145	1537.79
64	11164	1537.92
63	11179	1538.43
65	11191	1538.69
64	11208	1539.2
63	11219	1539.71
64	11226	1539.84
65	11207	1539.32
63	11192	1538.81
64	11186	1538.43
65	11166	1538.05
63	11150	1537.79
80	11142	1537.66
64	11121	1537.54
64	11104	1537.41
64	11087	1537.41
64	11062	1537.41
64	11048	1537.41
64	11024	1537.41
64	11008	1537.41
64	10999	1537.41
64	10984	1537.54
64	10973	1537.41
64	10955	1537.41
79	10943	1537.54
64	10925	1537.54
65	10915	1537.41
63	10905	1537.41
65	10896	1537.54
64	10878	1537.54
64	10863	1537.54
64	10858	1537.41
64	10842	1537.54
64	10831	1537.54
63	10827	1537.54
64	10818	1537.41
80	10808	1537.54
64	10793	1537.41
65	10781	1537.54
64	10780	1537.41
63	10768	1537.41
64	10759	1537.41
64	10756	1537.41
64	10743	1537.54
65	10737	1537.41
64	10727	1537.54
63	10721	1537.41
65	10712	1537.41
79	10707	1537.41
64	10699	1537.41
64	10690	1537.41
64	10686	1537.54
64	10676	1537.41
64	10667	1537.41
64	10669	1537.41
64	10662	1537.41
64	10657	1537.41
64	10649	1537.54
64	10644	1537.41
64	10638	1537.28
79	10630	1537.41
65	10633	1537.28
63	10627	1537.41
64	10621	1537.54
64	10616	1537.54
64	10608	1537.54
64	10606	1537.28
64	10604	1537.41
65	10596	1537.54
63	10595	1537.41
64	10587	1537.41
64	10584	1537.41
80	10582	1537.41
64	10572	1537.54
64	10573	1537.41
63	10567	1537.41
65	10568	1537.54
63	10571	1537.41
64	10568	1537.41
64	10572	1537.54
64	10566	1537.41
65	10568	1537.41
64	10570	1537.54
64	10569	1537.41
80	10571	1537.41
63	10569	1537.54
64	10571	1537.54
64	10571	1537.28
65	10570	1537.41
63	10571	1537.41
64	10568	1537.28
65	10573	1537.41
63	10571	1537.28
64	10568	1537.54
64	10569	1537.41
65	10571	1537.41
80	10574	1537.54
64	10571	1537.41
63	10571	1537.41
64	10568	1537.41
64	10569	1537.41
64	10569	1537.54
64	10572	1537.54
64	10571	1537.28
64	10568	1537.41
64	10573	1537.41
64	10570	1537.41
64	10570	1537.41
80	10570	1537.41
63	10570	1537.41
66	10568	1537.41
62	10570	1537.54
65	10572	1537.41
64	10570	1537.41
63	10571	1537.54
65	10567	1537.28
63	10571	1537.54
64	10569	1537.54
64	10569	1537.41
64	10570	1537.41
80	10571	1537.41
65	10569	1537.41
63	10573	1537.41
65	10574	1537.41
63	10575	1537.54
64	10571	1537.41
64	10572	1537.41
64	10575	1537.54
64	10570	1537.41
64	10572	1537.28
65	10572	1537.41
63	10569	1537.54
64	10574	1537.54
80	10572	1537.41
64	10573	1537.41
64	10572	1537.41
64	10565	1537.54
63	10568	1537.41
65	10571	1537.54
64	10573	1537.41
64	10568	1537.41
63	10572	1537.41
65	10570	1537.41
64	10573	1537.41
63	10572	1537.41
80	10571	1537.41
65	10572	1537.54
63	10567	1537.54
64	10571	1537.41
64	10574	1537.54
64	10572	1537.41
64	10570	1537.54
64	10571	1537.41
64	10575	1537.41
64	10569	1537.41
65	10571	1537.41
63	10573	1537.54
81	10573	1537.41
63	10572	1537.41
64	10573	1537.41
64	10574	1537.54
63	10572	1537.41
65	10575	1537.41
64	10573	1537.54
63	10576	1537.54
65	10571	1537.41
63	10574	1537.54
65	10574	1537.54
64	10574	1537.54
80	10574	1537.54
64	10573	1537.41
64	10573	1537.54
64	10575	1537.41
64	10580	1537.41
64	10588	1537.41
64	10587	1537.54
64	10587	1537.41
64	10600	1537.41
64	10599	1537.41
64	10604	1537.41
64	10612	1537.54
79	10617	1537.28
64	10625	1537.28
64	10626	1537.41
64	10628	1537.41
64	10635	1537.41
64	10641	1537.54
64	10645	1537.54
64	10652	1537.41
64	10657	1537.54
65	10661	1537.41
62	10672	1537.41
65	10678	1537.41
80	10680	1537.54
64	10682	1537.41
64	10689	1537.54
64	10699	1537.54
63	10702	1537.41
64	10716	1537.41
65	10723	1537.41
64	10730	1537.54
63	10735	1537.41
64	10741	1537.41
64	10751	1537.41
64	10762	1537.54
80	10767	1537.41
64	10780	1537.54
65	10783	1537.41
63	10800	1537.54
64	10805	1537.41
64	10809	1537.54
64	10818	1537.54
64	10838	1537.41
64	10845	1537.54
64	10861	1537.41
64	10869	1537.54
65	10876	1537.41
79	10890	1537.54
64	10907	1537.41
64	10919	1537.41
64	10925	1537.41
64	10940	1537.54
63	10958	1537.54
65	10968	1537.41
64	10982	1537.41
63	11000	1537.41
65	11013	1537.41
63	11028	1537.41
64	11043	1537.54
81	11061	1537.41
64	11083	1537.28
63	11100	1537.54
64	11120	1537.41
64	11138	1537.66
64	11157	1537.66
64	11167	1538.05
64	11184	1538.3
64	11201	1538.56
64	11211	1539.2
64	11229	1539.58
65	11236	1539.84
79	11219	1539.32
64	11211	1538.81
64	11196	1538.43
64	11177	1538.17
64	11162	1537.66
64	11143	1537.66
64	11126	1537.66
64	11110	1537.41
64	11093	1537.54
64	11069	1537.54
64	11052	1537.41
64	11039	1537.54
79	11020	1537.54
64	11006	1537.41
65	10991	1537.54
63	10981	1537.41
64	10968	1537.41
65	10949	1537.54
63	10940	1537.41
65	10920	1537.54
63	10915	1537.54
65	10902	1537.54
64	10886	1537.54
63	10880	1537.41
80	10861	1537.41
65	10851	1537.54
63	10845	1537.54
64	10839	1537.41
64	10821	1537.54
64	10812	1537.54
64	10802	1537.41
65	10797	1537.54
63	10786	1537.28
64	10782	1537.54
64	10765	1537.41
64	10763	1537.41
80	10748	1537.54
65	10743	1537.41
63	10732	1537.54
64	10729	1537.41
64	10721	1537.54
64	10714	1537.41
64	10707	1537.54
64	10701	1537.54
64	10694	1537.41
64	10686	1537.54
63	10683	1537.54
65	10675	1537.54
79	10667	1537.41
65	10664	1537.41
63	10658	1537.41
65	10652	1537.41
64	10647	1537.41
63	10642	1537.41
64	10640	1537.54
65	10634	1537.54
63	10627	1537.41
64	10623	1537.54
64	10618	1537.41
64	10612	1537.54
80	10609	1537.41
64	10606	1537.41
64	10600	1537.54
64	10596	1537.41
64	10592	1537.54
63	10588	1537.41
65	10584	1537.41
64	10581	1537.54
64	10578	1537.54
63	10575	1537.54
64	10580	1537.41
64	10578	1537.41
81	10577	1537.54
64	10577	1537.54
64	10575	1537.54
63	10580	1537.54
65	10577	1537.41
64	10581	1537.41
63	10581	1537.41
65	10576	1537.41
63	10580	1537.41
64	10578	1537.54
65	10580	1537.41
64	10582	1537.41
63	10577	1537.41
80	10579	1537.54
65	10579	1537.54
63	10581	1537.54
64	10578	1537.41
65	10579	1537.54
64	10581	1537.54
64	10577	1537.54
63	10575	1537.41
64	10580	1537.41
64	10579	1537.41
64	10577	1537.41
64	10580	1537.54
80	10581	1537.41
63	10579	1537.54
65	10578	1537.54
64	10579	1537.54
63	10577	1537.54
65	10580	1537.41
64	10578	1537.54
64	10582	1537.41
64	10579	1537.54
63	10580	1537.54
64	10580	1537.54
65	10576	1537.54
79	10578	1537.54
64	10583	1537.54
64	10578	1537.54
64	10581	1537.54
65	10577	1537.41
64	10577	1537.41
63	10579	1537.54
64	10580	1537.41
64	10577	1537.41
64	10583	1537.41
64	10577	1537.54
65	10580	1537.54
79	10578	1537.54
64	10583	1537.41
64	10577	1537.54
64	10579	1537.54
63	10579	1537.54
65	10578	1537.41
64	10579	1537.41
64	10580	1537.54
64	10578	1537.41
64	10585	1537.41
63	10581	1537.54
64	10580	1537.54
80	10582	1537.41
64	10580	1537.41
65	10581	1537.41
64	10579	1537.41
64	10579	1537.54
64	10581	1537.54
64	10580	1537.54
63	10577	1537.54
64	10581	1537.54
64	10578	1537.54
64	10581	1537.54
65	10580	1537.54
79	10580	1537.54
64	10579	1537.54
64	10582	1537.54
64	10580	1537.54
64	10582	1537.41
64	10579	1537.41
65	10580	1537.41
63	10582	1537.54
64	10583	1537.41
64	10582	1537.54
64	10580	1537.54
64	10581	1537.54
80	10583	1537.54
64	10586	1537.54
64	10582	1537.54
64	10579	1537.54
64	10580	1537.54
64	10584	1537.54
63	10582	1537.54
64	10586	1537.41
65	10586	1537.54
64	10594	1537.41
64	10593	1537.54
63	10599	1537.54
80	10602	1537.54
64	10609	1537.41
64	10612	1537.41
64	10616	1537.41
64	10619	1537.54
64	10628	1537.41
64	10632	1537.54
64	10638	1537.41
64	10639	1537.41
64	10643	1537.54
64	10650	1537.54
64	10651	1537.54
80	10662	1537.41
64	10666	1537.54
64	10674	1537.66
64	10678	1537.41
64	10684	1537.54
64	10695	1537.54
64	10698	1537.54
64	10705	1537.54
63	10709	1537.54
64	10717	1537.54
65	10726	1537.41
63	10731	1537.54
81	10736	1537.54
63	10747	1537.41
64	10752	1537.54
65	10765	1537.54
63	10770	1537.54
64	10779	1537.54
65	10795	1537.41
63	10797	1537.41
64	10805	1537.41
65	10813	1537.54
63	10825	1537.54
64	10836	1537.54
80	10846	1537.54
64	10855	1537.54
64	10869	1537.54
64	10881	1537.54
64	10889	1537.54
65	10899	1537.41
63	10920	1537.41
64	10929	1537.54
64	10944	1537.41
63	10953	1537.41
65	10966	1537.41
64	10981	1537.66
80	10999	1537.54
64	11014	1537.54
63	11023	1537.54
65	11045	1537.54
64	11057	1537.54
63	11078	1537.54
65	11097	1537.41
63	11115	1537.41
65	11136	1537.66
64	11151	1537.66
63	11172	1537.92
64	11186	1538.05
80	11205	1538.3
64	11214	1538.81
64	11232	1539.32
64	11244	1539.84
64	11247	1539.84
64	11227	1539.32
64	11213	1538.94
64	11198	1538.43
64	11184	1538.05
64	11167	1537.79
64	11155	1537.79
65	11138	1537.41
79	11115	1537.54
64	11105	1537.54
64	11082	1537.54
64	11063	1537.54
63	11044	1537.54
65	11032	1537.54
64	11012	1537.41
64	11000	1537.28
63	10990	1537.41
64	10973	1537.54
65	10964	1537.54
64	10948	1537.41
80	10935	1537.54
64	10921	1537.54
63	10910	1537.54
64	10896	1537.54
64	10884	1537.54
65	10873	1537.54
64	10859	1537.54
63	10856	1537.54
64	10846	1537.54
65	10834	1537.54
63	10825	1537.54
64	10814	1537.41
64	10801	1537.54
81	10796	1537.54
64	10789	1537.54
63	10774	1537.41
65	10769	1537.54
64	10757	1537.54
63	10752	1537.54
64	10750	1537.54
64	10736	1537.41
64	10732	1537.54
64	10725	1537.41
64	10717	1537.54
64	10708	1537.54
80	10701	1537.41
64	10692	1537.41
64	10695	1537.41
63	10686	1537.54
65	10678	1537.41
64	10671	1537.41
63	10666	1537.41
64	10664	1537.54
65	10659	1537.41
64	10652	1537.41
64	10647	1537.54
64	10641	1537.41
80	10638	1537.41
64	10633	1537.54
63	10625	1537.54
65	10623	1537.54
63	10617	1537.54
65	10615	1537.54
64	10608	1537.54
63	10603	1537.41
64	10600	1537.54
65	10597	1537.54
63	10595	1537.54
64	10589	1537.54
80	10585	1537.41
64	10583	1537.54
64	10584	1537.54
63	10587	1537.54
64	10585	1537.41
65	10589	1537.54
63	10590	1537.41
66	10587	1537.54
63	10588	1537.54
64	10588	1537.54
64	10589	1537.54
64	10589	1537.41
79	10585	1537.41
64	10588	1537.66
65	10586	1537.54
63	10585	1537.54
65	10587	1537.54
64	10585	1537.54
63	10586	1537.54
64	10589	1537.54
64	10587	1537.54
65	10588	1537.54
63	10588	1537.54
64	10588	1537.41
80	10588	1537.54
64	10589	1537.54
64	10589	1537.54
65	10582	1537.54
63	10589	1537.41
64	10587	1537.54
64	10587	1537.66
64	10590	1537.54
64	10586	1537.41
64	10586	1537.54
64	10589	1537.54
64	10589	1537.54
80	10588	1537.54
64	10586	1537.54
63	10588	1537.54
64	10586	1537.54
64	10586	1537.41
65	10588	1537.54
64	10586	1537.54
64	10587	1537.54
64	10585	1537.41
63	10586	1537.54
64	10585	1537.54
65	10586	1537.54
79	10586	1537.54
65	10591	1537.66
63	10589	1537.54
65	10586	1537.54
63	10589	1537.41
65	10591	1537.54
63	10588	1537.54
65	10586	1537.54
63	10588	1537.41
64	10586	1537.41
64	10586	1537.54
64	10586	1537.54
80	10587	1537.54
64	10590	1537.54
64	10585	1537.41
64	10589	1537.54
64	10590	1537.54
64	10586	1537.54
64	10587	1537.54
64	10587	1537.54
64	10587	1537.41
64	10587	1537.54
64	10587	1537.41
64	10583	1537.54
79	10587	1537.41
65	10588	1537.41
63	10591	1537.41
64	10588	1537.54
65	10587	1537.54
63	10590	1537.54
64	10587	1537.41
65	10587	1537.41
63	10587	1537.41
65	10589	1537.54
64	10590	1537.54
64	10591	1537.54
79	10583	1537.41
64	10586	1537.54
64	10586	1537.54
64	10587	1537.41
64	10588	1537.54
64	10587	1537.54
64	10593	1537.54
64	10589	1537.54
64	10588	1537.54
64	10586	1537.54
64	10587	1537.54
64	10590	1537.54
79	10588	1537.54
65	10592	1537.54
63	10597	1537.66
65	10600	1537.54
64	10606	1537.54
64	10610	1537.41
63	10610	1537.54
64	10618	1537.54
64	10625	1537.41
65	10625	1537.41
64	10631	1537.54
63	10636	1537.54
81	10642	1537.54
63	10649	1537.54
64	10655	1537.54
64	10655	1537.54
65	10660	1537.66
63	10670	1537.54
64	10674	1537.54
65	10679	1537.54
63	10683	1537.54
64	10691	1537.54
64	10699	1537.41
64	10699	1537.54
64	10710	1537.54
80	10712	1537.41
64	10724	1537.41
64	10727	1537.54
65	10739	1537.54
63	10745	1537.54
64	10751	1537.54
63	10764	1537.54
65	10763	1537.54
64	10783	1537.41
64	10782	1537.66
64	10790	1537.41
63	10798	1537.54
80	10810	1537.54
65	10817	1537.54
63	10831	1537.54
65	10839	1537.54
63	10850	1537.66
64	10860	1537.54
64	10871	1537.54
64	10885	1537.41
65	10893	1537.54
64	10909	1537.54
63	10918	1537.54
64	10928	1537.54
80	10943	1537.54
64	10959	1537.54
64	10971	1537.66
64	10985	1537.54
64	11001	1537.54
64	11012	1537.41
64	11028	1537.54
64	11039	1537.54
64	11054	1537.41
64	11076	1537.54
64	11097	1537.66
64	11117	1537.66
80	11134	1537.54
64	11155	1537.66
64	11171	1537.92
63	11184	1538.05
64	11200	1538.56
64	11210	1538.81
65	11229	1539.07
64	11244	1539.71
64	11258	1540.09
63	11248	1539.45
64	11225	1539.07
65	11212	1538.56
80	11198	1538.17
63	11183	1537.92
65	11168	1537.79
63	11153	1537.66
64	11131	1537.54
64	11118	1537.54
64	11095	1537.54
64	11079	1537.66
64	11054	1537.66
65	11040	1537.54
63	11028	1537.54
64	11015	1537.41
80	11000	1537.54
64	10987	1537.54
64	10972	1537.66
64	10960	1537.54
64	10946	1537.54
63	10935	1537.41
65	10921	1537.41
64	10911	1537.66
64	10896	1537.41
64	10881	1537.66
64	10873	1537.54
63	10868	1537.54
80	10848	1537.41
64	10845	1537.54
65	10833	1537.54
63	10822	1537.41
64	10811	1537.54
64	10805	1537.54
64	10792	1537.41
65	10785	1537.54
63	10781	1537.54
64	10771	1537.66
64	10762	1537.54
64	10750	1537.41
80	10746	1537.54
64	10737	1537.54
64	10729	1537.54
64	10725	1537.54
64	10715	1537.54
64	10711	1537.54
63	10702	1537.54
65	10699	1537.54
64	10689	1537.54
64	10688	1537.66
64	10681	1537.54
64	10672	1537.41
80	10673	1537.54
63	10665	1537.54
65	10655	1537.41
64	10653	1537.54
64	10649	1537.41
64	10643	1537.54
64	10640	1537.54
64	10630	1537.66
63	10630	1537.41
64	10625	1537.54
65	10621	1537.54
63	10618	1537.41
80	10610	1537.54
64	10608	1537.54
65	10604	1537.41
63	10601	1537.54
65	10596	1537.54
64	10591	1537.54
63	10589	1537.54
65	10590	1537.54
63	10589	1537.41
64	10591	1537.54
64	10590	1537.54
64	10593	1537.54
80	10594	1537.54
64	10590	1537.54
64	10596	1537.66
64	10588	1537.54
64	10592	1537.54
64	10593	1537.54
63	10595	1537.54
65	10592	1537.54
64	10591	1537.54
64	10592	1537.54
64	10592	1537.54
64	10591	1537.66
79	10593	1537.54
64	10592	1537.66
64	10593	1537.41
64	10592	1537.54
65	10588	1537.54
64	10587	1537.66
64	10592	1537.54
63	10594	1537.54
65	10589	1537.66
63	10590	1537.66
65	10593	1537.41
63	10592	1537.54
80	10590	1537.54
64	10594	1537.54
64	10591	1537.54
64	10590	1537.66
64	10594	1537.54
63	10592	1537.41
65	10595	1537.66
64	10593	1537.54
64	10592	1537.54
63	10590	1537.54
64	10588	1537.54
64	10589	1537.54
81	10592	1537.54
64	10591	1537.66
64	10594	1537.54
64	10595	1537.54
64	10593	1537.66
64	10593	1537.41
64	10593	1537.66
63	10593	1537.54
65	10594	1537.54
63	10593	1537.54
64	10592	1537.54
64	10597	1537.54
80	10596	1537.54
65	10597	1537.66
64	10593	1537.54
64	10592	1537.54
63	10594	1537.54
64	10596	1537.54
64	10594	1537.54
64	10593	1537.54
64	10594	1537.66
64	10592	1537.66
64	10591	1537.54
64	10597	1537.66
80	10593	1537.54
64	10594	1537.54
64	10595	1537.54
64	10594	1537.54
64	10590	1537.54
64	10592	1537.54
64	10591	1537.54
63	10590	1537.54
65	10595	1537.54
63	10596	1537.54
65	10597	1537.54
64	10592	1537.54
64	10597	1537.54
80	10596	1537.54
64	10591	1537.54
64	10594	1537.66
63	10593	1537.54
64	10596	1537.41
65	10594	1537.66
63	10594	1537.41
64	10593	1537.41
64	10596	1537.54
65	10595	1537.54
63	10599	1537.54
64	10598	1537.54
81	10597	1537.54
64	10595	1537.54
63	10590	1537.54
65	10591	1537.54
63	10593	1537.54
64	10599	1537.54
63	10604	1537.54
64	10608	1537.66
65	10605	1537.54
64	10613	1537.54
64	10623	1537.66
63	10625	1537.54
80	10623	1537.54
64	10632	1537.54
65	10639	1537.66
64	10645	1537.54
63	10645	1537.54
64	10649	1537.54
64	10655	1537.54
64	10662	1537.54
64	10664	1537.54
65	10667	1537.54
63	10675	1537.54
65	10677	1537.66
79	10686	1537.66
64	10689	1537.54
64	10697	1537.54
64	10705	1537.54
64	10713	1537.41
65	10717	1537.66
63	10720	1537.54
64	10729	1537.66
64	10743	1537.54
64	10747	1537.66
64	10756	1537.54
64	10762	1537.66
80	10771	1537.54
64	10784	1537.54
64	10781	1537.54
63	10792	1537.54
65	10802	1537.41
64	10812	1537.54
63	10821	1537.54
65	10834	1537.54
64	10850	1537.54
63	10856	1537.54
64	10867	1537.54
64	10871	1537.54
80	10885	1537.54
64	10894	1537.54
64	10910	1537.66
64	10924	1537.54
64	10935	1537.54
65	10948	1537.41
63	10966	1537.54
64	10978	1537.54
64	10986	1537.41
65	10999	1537.41
63	11017	1537.66
64	11034	1537.66
80	11053	1537.54
64	11060	1537.41
64	11077	1537.54
64	11100	1537.54
63	11122	1537.54
65	11136	1537.54
63	11156	1537.66
65	11165	1537.79
63	11189	1538.05
65	11207	1538.43
63	11221	1538.56
65	11231	1538.94
79	11248	1539.58
64	11258	1539.96
65	11254	1539.71
63	11240	1539.2
64	11221	1538.81
64	11209	1538.3
64	11196	1538.05
65	11183	1537.92
64	11165	1537.66
63	11154	1537.54
64	11133	1537.79
64	11111	1537.54
80	11091	1537.66
65	11068	1537.66
64	11054	1537.66
63	11033	1537.66
64	11021	1537.54
64	11009	1537.66
64	11003	1537.54
64	10985	1537.54
64	10970	1537.54
63	10955	1537.66
65	10940	1537.54
64	10931	1537.54
80	10919	1537.66
64	10906	1537.54
63	10891	1537.54
65	10881	1537.54
63	10868	1537.54
64	10865	1537.54
64	10848	1537.54
64	10840	1537.54
64	10829	1537.66
64	10825	1537.66
65	10813	1537.54
63	10805	1537.54
80	10794	1537.54
65	10786	1537.54
63	10782	1537.66
64	10770	1537.54
65	10762	1537.54
64	10752	1537.54
63	10750	1537.66
65	10741	1537.54
63	10733	1537.66
64	10726	1537.54
64	10716	1537.66
64	10709	1537.54
80	10706	1537.54
65	10701	1537.54
62	10696	1537.54
65	10690	1537.54
64	10684	1537.54
63	10679	1537.54
65	10675	1537.54
64	10666	1537.54
64	10663	1537.54
64	10656	1537.54
64	10651	1537.54
63	10643	1537.41
80	10640	1537.54
65	10639	1537.54
63	10636	1537.54
64	10625	1537.54
65	10622	1537.54
63	10617	1537.66
65	10616	1537.41
63	10610	1537.54
65	10605	1537.54
64	10599	1537.54
64	10599	1537.54
63	10594	1537.66
80	10598	1537.41
64	10596	1537.54
64	10594	1537.54
64	10594	1537.54
64	10594	1537.66
64	10594	1537.54
64	10602	1537.66
63	10595	1537.54
65	10597	1537.54
64	10595	1537.54
64	10597	1537.54
64	10598	1537.66
79	10600	1537.54
65	10604	1537.54
64	10599	1537.54
64	10593	1537.54
64	10598	1537.54
64	10597	1537.41
63	10595	1537.54
65	10593	1537.66
64	10599	1537.54
64	10597	1537.66
63	10597	1537.66
65	10596	1537.54
64	10595	1537.54
80	10597	1537.54
63	10598	1537.66
64	10601	1537.54
64	10597	1537.54
64	10598	1537.54
65	10597	1537.41
63	10596	1537.54
64	10596	1537.54
64	10596	1537.54
64	10600	1537.54
64	10597	1537.54
64	10597	1537.54
81	10599	1537.54
63	10601	1537.54
63	10601	1537.54
65	10596	1537.54
63	10598	1537.54
65	10596	1537.66
64	10599	1537.54
64	10599	1537.54
64	10595	1537.66
64	10598	1537.66
63	10598	1537.54
64	10598	1537.54
81	10599	1537.66
64	10599	1537.54
63	10596	1537.66
64	10598	1537.54
65	10600	1537.54
63	10599	1537.54
65	10600	1537.41
63	10599	1537.54
64	10598	1537.54
65	10597	1537.54
63	10597	1537.54
64	10597	1537.66
80	10595	1537.54
64	10599	1537.54
64	10595	1537.54
64	10594	1537.54
63	10598	1537.54
65	10599	1537.54
63	10598	1537.54
64	10601	1537.66
64	10601	1537.54
65	10601	1537.54
63	10599	1537.66
65	10598	1537.66
79	10596	1537.54
65	10601	1537.66
63	10597	1537.54
64	10599	1537.66
64	10600	1537.66
64	10600	1537.54
65	10600	1537.66
64	10604	1537.54
63	10601	1537.66
65	10598	1537.66
63	10594	1537.66
64	10596	1537.66
80	10600	1537.54
64	10600	1537.54
64	10601	1537.54
64	10599	1537.54
64	10601	1537.54
64	10599	1537.54
64	10599	1537.54
64	10596	1537.54
64	10600	1537.54
64	10603	1537.66
64	10603	1537.54
64	10609	1537.54
80	10607	1537.66
63	10610	1537.66
65	10622	1537.54
63	10621	1537.54
65	10622	1537.66
63	10629	1537.66
64	10634	1537.54
65	10639	1537.54
64	10647	1537.54
63	10647	1537.54
64	10655	1537.54
64	10656	1537.66
80	10660	1537.54
64	10668	1537.66
64	10675	1537.54
64	10682	1537.54
64	10685	1537.54
64	10695	1537.54
64	10694	1537.66
65	10707	1537.54
63	10713	1537.66
64	10720	1537.54
64	10718	1537.54
64	10733	1537.54
80	10734	1537.54
63	10746	1537.54
65	10746	1537.66
64	10756	1537.54
64	10766	1537.66
64	10773	1537.54
64	10782	1537.54
64	10793	1537.41
64	10796	1537.54
64	10806	1537.41
64	10819	1537.41
63	10823	1537.66
81	10841	1537.54
63	10849	1537.54
64	10850	1537.54
64	10864	1537.54
65	10875	1537.66
63	10889	1537.66
65	10898	1537.54
64	10916	1537.66
63	10928	1537.66
65	10934	1537.54
63	10950	1537.54
64	10963	1537.66
80	10978	1537.66
64	10985	1537.54
64	11001	1537.66
64	11017	1537.54
64	11031	1537.54
64	11044	1537.54
64	11060	1537.66
64	11080	1537.66
64	11098	1537.54
64	11111	1537.66
64	11138	1537.66
64	11152	1537.54
79	11175	1537.92
65	11187	1537.92
63	11210	1538.3
64	11217	1538.56
64	11231	1538.94
65	11247	1539.45
63	11260	1540.09
65	11264	1539.96
63	11249	1539.32
65	11236	1538.94
63	11218	1538.43
64	11205	1538.17
80	11186	1537.92
65	11177	1537.66
63	11154	1537.66
64	11137	1537.54
65	11119	1537.54
63	11105	1537.66
64	11086	1537.54
64	11064	1537.54
64	11049	1537.66
64	11036	1537.54
64	11021	1537.66
64	11006	1537.54
80	10990	1537.66
64	10976	1537.66
64	10967	1537.54
65	10954	1537.66
63	10943	1537.66
64	10924	1537.66
63	10917	1537.66
65	10905	1537.54
64	10892	1537.66
64	10883	1537.54
64	10873	1537.54
64	10859	1537.54
79	10846	1537.54
64	10839	1537.66
66	10829	1537.41
63	10827	1537.54
64	10806	1537.54
63	10806	1537.54
64	10797	1537.54
64	10788	1537.66
64	10779	1537.54
64	10769	1537.54
64	10759	1537.54
64	10756	1537.54
80	10750	1537.54
64	10739	1537.54
65	10736	1537.54
64	10726	1537.66
63	10721	1537.41
64	10713	1537.54
64	10706	1537.66
64	10700	1537.54
64	10693	1537.54
63	10686	1537.54
65	10682	1537.66
65	10676	1537.66
63	10670	1537.66
80	10666	1537.54
64	10665	1537.54
64	10655	1537.66
64	10652	1537.54
64	10647	1537.66
63	10640	1537.41
64	10638	1537.54
64	10637	1537.54
64	10630	1537.54
64	10627	1537.54
64	10619	1537.54
65	10618	1537.54
79	10612	1537.66
64	10612	1537.54
64	10609	1537.41
64	10600	1537.66
64	10603	1537.54
64	10604	1537.54
64	10603	1537.54
64	10605	1537.66
64	10606	1537.54
64	10603	1537.54
65	10603	1537.54
63	10603	1537.66
80	10604	1537.66
64	10603	1537.54
64	10601	1537.66
64	10604	1537.66
64	10605	1537.54
63	10605	1537.54
65	10604	1537.54
63	10602	1537.54
65	10605	1537.54
64	10608	1537.66
63	10604	1537.66
64	10604	1537.66
80	10601	1537.66
65	10603	1537.54
63	10605	1537.54
64	10602	1537.54
64	10604	1537.54
65	10602	1537.66
63	10603	1537.66
64	10602	1537.54
65	10606	1537.54
63	10604	1537.54
64	10604	1537.54
64	10606	1537.66
80	10604	1537.66
64	10601	1537.66
64	10603	1537.54
64	10603	1537.66
64	10605	1537.54
64	10607	1537.41
63	10601	1537.66
65	10605	1537.54
64	10603	1537.66
64	10606	1537.66
64	10603	1537.54
64	10604	1537.66
80	10605	1537.66
63	10603	1537.54
65	10605	1537.66
63	10606	1537.66
65	10606	1537.54
63	10607	1537.66
64	10605	1537.66
64	10608	1537.54
65	10604	1537.66
63	10605	1537.66
64	10606	1537.66
64	10608	1537.66
80	10603	1537.66
64	10603	1537.66
64	10605	1537.66
64	10603	1537.54
64	10604	1537.54
64	10606	1537.66
64	10604	1537.66
64	10605	1537.66
63	10603	1537.66
65	10602	1537.54
63	10608	1537.66
65	10608	1537.66
80	10602	1537.54
64	10604	1537.66
63	10604	1537.66
65	10605	1537.66
64	10605	1537.54
64	10602	1537.66
65	10605	1537.66
62	10606	1537.54
64	10607	1537.54
65	10604	1537.66
64	10602	1537.54
63	10602	1537.66
80	10601	1537.66
65	10607	1537.66
64	10606	1537.66
64	10604	1537.54
63	10603	1537.66
64	10605	1537.54
64	10606	1537.54
65	10608	1537.66
63	10606	1537.66
65	10605	1537.66
64	10606	1537.66
63	10606	1537.54
80	10605	1537.54
64	10606	1537.66
64	10608	1537.66
64	10607	1537.54
64	10611	1537.54
64	10615	1537.66
64	10619	1537.66
64	10625	1537.54
64	10628	1537.54
64	10634	1537.66
64	10640	1537.54
64	10641	1537.54
80	10644	1537.66
64	10650	1537.54
63	10656	1537.66
65	10661	1537.54
64	10664	1537.54
64	10666	1537.66
63	10675	1537.66
65	10683	1537.66
63	10688	1537.54
64	10692	1537.66
65	10700	1537.66
64	10703	1537.66
79	10715	1537.54
64	10717	1537.66
64	10721	1537.79
64	10731	1537.66
64	10735	1537.79
64	10746	1537.54
64	10746	1537.66
64	10759	1537.54
64	10765	1537.54
64	10772	1537.66
64	10782	1537.66
64	10791	1537.66
80	10793	1537.54
64	10805	1537.54
64	10823	1537.66
64	10823	1537.66
64	10835	1537.66
64	10842	1537.54
64	10855	1537.54
64	10863	1537.66
63	10876	1537.66
65	10886	1537.66
64	10896	1537.54
63	10908	1537.66
80	10918	1537.54
65	10932	1537.54
64	10946	1537.66
64	10953	1537.54
63	10970	1537.66
64	10979	1537.66
64	10996	1537.54
64	11010	1537.54
65	11020	1537.66
63	11032	1537.66
64	11059	1537.54
64	11068	1537.66
64	11084	1537.54
80	11109	1537.66
64	11128	1537.54
64	11148	1537.54
64	11162	1537.66
64	11180	1537.79
64	11201	1538.05
64	11208	1538.3
64	11227	1538.81
64	11242	1539.07
64	11256	1539.45
64	11271	1539.96
63	11273	1539.84
81	11252	1539.32
64	11239	1538.81
64	11223	1538.43
64	11210	1538.17
64	11192	1537.92
64	11179	1537.79
64	11166	1537.66
63	11139	1537.66
64	11128	1537.66
64	11104	1537.54
64	11089	1537.54
64	11070	1537.66
80	11053	1537.54
64	11036	1537.66
64	11029	1537.54
65	11010	1537.66
63	10996	1537.54
64	10986	1537.66
64	10969	1537.54
64	10957	1537.54
64	10944	1537.66
64	10929	1537.66
64	10917	1537.66
64	10903	1537.54
80	10898	1537.66
64	10881	1537.54
64	10879	1537.66
64	10864	1537.54
64	10853	1537.66
64	10846	1537.54
64	10840	1537.66
64	10826	1537.54
64	10819	1537.54
63	10809	1537.54
64	10798	1537.54
64	10793	1537.66
81	10780	1537.66
63	10775	1537.54
64	10767	1537.66
65	10758	1537.66
63	10754	1537.66
65	10744	1537.66
63	10737	1537.54
64	10734	1537.66
65	10722	1537.66
63	10721	1537.66
64	10714	1537.66
64	10705	1537.66
80	10700	1537.66
64	10695	1537.54
64	10685	1537.54
64	10685	1537.54
64	10678	1537.54
64	10676	1537.54
64	10666	1537.66
64	10659	1537.54
64	10656	1537.54
64	10650	1537.66
63	10644	1537.66
65	10643	1537.54
80	10643	1537.66
64	10636	1537.54
63	10630	1537.54
65	10624	1537.54
64	10624	1537.54
64	10618	1537.66
64	10615	1537.54
63	10612	1537.54
65	10611	1537.66
63	10607	1537.54
64	10606	1537.66
65	10608	1537.79
79	10610	1537.54
65	10608	1537.54
63	10609	1537.54
64	10610	1537.54
64	10604	1537.66
64	10611	1537.66
64	10609	1537.54
64	10610	1537.66
64	10608	1537.66
64	10607	1537.66
64	10608	1537.54
64	10608	1537.79
80	10609	1537.66
64	10607	1537.66
63	10609	1537.66
65	10611	1537.54
63	10608	1537.66
64	10609	1537.66
65	10607	1537.66
64	10611	1537.66
64	10607	1537.54
64	10607	1537.54
64	10609	1537.79
64	10610	1537.66
79	10611	1537.54
65	10610	1537.66
63	10604	1537.66
64	10606	1537.66
64	10611	1537.54
64	10607	1537.66
65	10610	1537.66
63	10609	1537.66
64	10607	1537.54
64	10607	1537.66
64	10613	1537.66
64	10604	1537.54
80	10612	1537.66
64	10609	1537.66
64	10611	1537.41
64	10609	1537.54
64	10611	1537.54
64	10607	1537.66
64	10608	1537.66
64	10612	1537.54
64	10603	1537.66
64	10611	1537.66
64	10606	1537.54
63	10609	1537.66
80	10610	1537.66
64	10609	1537.54
65	10606	1537.54
64	10612	1537.66
63	10612	1537.66
65	10606	1537.66
64	10609	1537.54
64	10609	1537.54
63	10612	1537.66
64	10611	1537.54
64	10610	1537.54
64	10610	1537.54
80	10611	1537.66
65	10610	1537.66
63	10610	1537.66
64	10611	1537.66
64	10610	1537.66
64	10606	1537.66
64	10609	1537.54
64	10609	1537.54
64	10609	1537.66
64	10609	1537.79
63	10610	1537.66
65	10608	1537.66
79	10611	1537.66
64	10612	1537.66
64	10609	1537.66
65	10610	1537.54
63	10610	1537.66
65	10611	1537.54
63	10607	1537.54
65	10609	1537.66
64	10609	1537.66
64	10607	1537.66
63	10611	1537.66
64	10608	1537.54
81	10603	1537.66
64	10610	1537.66
64	10609	1537.66
63	10606	1537.66
64	10609	1537.66
64	10605	1537.79
64	10613	1537.66
64	10610	1537.54
64	10608	1537.66
64	10611	1537.54
64	10611	1537.66
64	10606	1537.54
80	10606	1537.66
64	10611	1537.66
64	10610	1537.54
63	10610	1537.66
64	10614	1537.66
65	10609	1537.66
63	10609	1537.66
64	10611	1537.66
65	10610	1537.66
64	10611	1537.54
64	10607	1537.54
64	10612	1537.66
64	10608	1537.66
79	10610	1537.54
65	10610	1537.54
63	10609	1537.79
64	10611	1537.66
64	10608	1537.54
64	10609	1537.66
64	10609	1537.66
64	10613	1537.54
64	10608	1537.54
64	10610	1537.66
64	10613	1537.79
64	10609	1537.54
80	10615	1537.66
64	10610	1537.66
64	10610	1537.66
64	10613	1537.66
64	10609	1537.66
64	10611	1537.66
63	10607	1537.79
64	10612	1537.66
64	10610	1537.54
65	10613	1537.54
63	10609	1537.66
64	10606	1537.79
81	10608	1537.66
63	10609	1537.66
64	10612	1537.66
64	10611	1537.54
64	10605	1537.66
64	10607	1537.66
64	10607	1537.79
64	10610	1537.66
64	10608	1537.66
64	10608	1537.54
65	10611	1537.66
64	10611	1537.54
80	10607	1537.66
63	10607	1537.66
64	10607	1537.66
64	10612	1537.66
64	10611	1537.54
64	10608	1537.66
64	10605	1537.66
64	10608	1537.66
64	10610	1537.66
64	10609	1537.54
64	10609	1537.66
64	10609	1537.66
79	10607	1537.79
65	10616	1537.66
64	10609	1537.66
64	10611	1537.54
64	10608	1537.66
64	10610	1537.66
64	10609	1537.66
63	10608	1537.66
65	10606	1537.66
63	10610	1537.66
65	10614	1537.66
64	10613	1537.66
80	10610	1537.66
63	10610	1537.66
64	10606	1537.66
65	10608	1537.66
64	10612	1537.54
63	10605	1537.66
64	10611	1537.66
64	10613	1537.54
64	10611	1537.66
64	10606	1537.54
64	10608	1537.66
64	10613	1537.66
80	10608	1537.54
64	10613	1537.66
64	10610	1537.66
64	10610	1537.66
64	10609	1537.66
64	10611	1537.54
64	10611	1537.66
64	10610	1537.66
64	10612	1537.66
64	10610	1537.66
64	10610	1537.54
64	10611	1537.54
80	10609	1537.66
64	10608	1537.66
63	10609	1537.66
64	10605	1537.66
65	10607	1537.66
64	10610	1537.66
64	10612	1537.54
63	10610	1537.66
65	10614	1537.66
64	10615	1537.66
63	10610	1537.66
64	10610	1537.66
80	10611	1537.66
65	10609	1537.66
63	10610	1537.66
64	10609	1537.66
64	10613	1537.66
64	10610	1537.66
64	10610	1537.54
64	10612	1537.66
64	10607	1537.66
64	10610	1537.66
63	10612	1537.66
65	10612	1537.66
80	10613	1537.54
64	10610	1537.66
64	10609	1537.66
63	10609	1537.54
64	10612	1537.66
64	10612	1537.66
64	10610	1537.66
65	10613	1537.79
63	10610	1537.66
65	10608	1537.54
63	10611	1537.66
64	10611	1537.66
80	10614	1537.66
65	10611	1537.66
64	10612	1537.66
64	10613	1537.54
64	10610	1537.66
64	10612	1537.66
64	10613	1537.54
63	10609	1537.66
64	10611	1537.66
64	10613	1537.66
64	10609	1537.54
66	10613	1537.79
78	10610	1537.66
63	10612	1537.54
65	10615	1537.54
64	10612	1537.66
64	10612	1537.66
66	10612	1537.66
62	10610	1537.66
64	10612	1537.66
64	10612	1537.54
63	10612	1537.66
64	10610	1537.66
65	10608	1537.66
80	10610	1537.66
64	10611	1537.66
64	10613	1537.66
64	10613	1537.66
64	10611	1537.66
63	10618	1537.66
65	10612	1537.54
65	10614	1537.66
62	10612	1537.79
65	10611	1537.66
63	10610	1537.66
65	10610	1537.66
79	10614	1537.54
