Loop Time (ms)	IR (16 bit)	Force (N)	Force (N)	Color	Speed (mm/s)	Spatial (mm)	Angle (deg)
257.000	0.000	0.000	1.000	0.000	1.000	3.000	0.000
55.000	0.000	0.000	1.000	0.000	1.000	3.000	0.000
21.000	7555.000	1605.010	1.000	0.000	1.000	3.000	0.000
42.000	7561.000	1605.010	1.000	0.000	1.000	3.000	0.000
64.000	7557.000	1605.010	1.000	0.000	1.000	3.000	0.000
64.000	7553.000	1605.010	1.000	0.000	1.000	3.000	0.000
65.000	7553.000	1605.010	1.000	0.000	1.000	3.000	0.000
64.000	7549.000	1605.010	1.000	0.000	1.000	3.000	0.000
63.000	7553.000	1605.010	1.000	0.000	1.000	3.000	0.000
80.000	7547.000	1605.010	1.000	0.000	1.000	3.000	0.000
64.000	7552.000	1605.010	1.000	0.000	1.000	3.000	0.000
64.000	7558.000	1605.010	1.000	0.000	1.000	3.000	0.000
64.000	7546.000	1605.010	1.000	0.000	1.000	3.000	0.000
63.000	7552.000	1605.010	1.000	0.000	1.000	3.000	0.000
65.000	7550.000	1605.010	1.000	0.000	1.000	3.000	0.000
64.000	7552.000	1605.010	1.000	0.000	1.000	3.000	0.000
63.000	7557.000	1605.010	1.000	0.000	1.000	3.000	0.000
65.000	7554.000	1605.010	1.000	0.000	1.000	3.000	0.000
63.000	7552.000	1605.010	1.000	0.000	1.000	3.000	0.000
64.000	7546.000	1605.010	1.000	0.000	1.000	3.000	0.000
64.000	7545.000	1605.010	1.000	0.000	1.000	3.000	0.000
80.000	7547.000	1605.010	1.000	0.000	1.000	3.000	0.000
65.000	7548.000	1605.010	1.000	0.000	1.000	3.000	0.000
63.000	7549.000	1605.140	1.000	0.000	1.000	3.000	0.000
64.000	7550.000	1605.010	1.000	0.000	1.000	3.000	0.000
64.000	7547.000	1605.010	1.000	0.000	1.000	3.000	0.000
64.000	7544.000	1605.010	1.000	0.000	1.000	3.000	0.000
64.000	7546.000	1605.010	1.000	0.000	1.000	3.000	0.000
63.000	7545.000	1604.880	1.000	0.000	1.000	3.000	0.000
65.000	7549.000	1605.010	1.000	0.000	1.000	3.000	0.000
64.000	7550.000	1605.010	1.000	0.000	1.000	3.000	0.000
63.000	7544.000	1604.880	1.000	0.000	1.000	3.000	0.000
80.000	7548.000	1605.010	1.000	0.000	1.000	3.000	0.000
64.000	7542.000	1604.880	1.000	0.000	1.000	3.000	0.000
64.000	7545.000	1605.010	1.000	0.000	1.000	3.000	0.000
64.000	7543.000	1605.010	1.000	0.000	1.000	3.000	0.000
64.000	7553.000	1604.880	1.000	0.000	1.000	3.000	0.000
64.000	7539.000	1604.880	1.000	0.000	1.000	3.000	0.000
64.000	7542.000	1605.010	1.000	0.000	1.000	3.000	0.000
64.000	7537.000	1605.010	1.000	0.000	1.000	3.000	0.000
64.000	7543.000	1604.880	1.000	0.000	1.000	3.000	0.000
63.000	7544.000	1605.010	1.000	0.000	1.000	3.000	0.000
64.000	7541.000	1605.010	1.000	0.000	1.000	3.000	0.000
64.000	7543.000	1604.880	1.000	0.000	1.000	3.000	0.000
80.000	7544.000	1604.880	1.000	0.000	1.000	3.000	0.000
64.000	7546.000	1604.740	1.000	0.000	1.000	3.000	0.000
64.000	7540.000	1604.880	1.000	0.000	1.000	3.000	0.000
64.000	7535.000	1605.010	1.000	0.000	1.000	3.000	0.000
64.000	7539.000	1605.010	1.000	0.000	1.000	3.000	0.000
64.000	7537.000	1604.880	1.000	0.000	1.000	3.000	0.000
64.000	7537.000	1605.010	1.000	0.000	1.000	3.000	0.000
64.000	7546.000	1604.880	1.000	0.000	1.000	3.000	0.000
64.000	7543.000	1605.010	1.000	0.000	1.000	3.000	0.000
64.000	7543.000	1605.010	1.000	0.000	1.000	3.000	0.000
64.000	7542.000	1604.880	1.000	0.000	1.000	3.000	0.000
63.000	7537.000	1605.010	1.000	0.000	1.000	3.000	0.000
81.000	7536.000	1605.010	1.000	0.000	1.000	3.000	0.000
63.000	7535.000	1605.010	1.000	0.000	1.000	3.000	0.000
64.000	7534.000	1604.880	1.000	0.000	1.000	3.000	0.000
64.000	7539.000	1605.010	1.000	0.000	1.000	3.000	0.000
65.000	7538.000	1605.010	1.000	0.000	1.000	3.000	0.000
63.000	7540.000	1604.880	1.000	0.000	1.000	3.000	0.000
64.000	7534.000	1605.010	1.000	0.000	1.000	3.000	0.000
63.000	7532.000	1604.880	1.000	0.000	1.000	3.000	0.000
65.000	7533.000	1605.140	1.000	0.000	1.000	3.000	0.000
63.000	7533.000	1605.010	1.000	0.000	1.000	3.000	0.000
64.000	7531.000	1604.880	1.000	0.000	1.000	3.000	0.000
80.000	7536.000	1605.010	1.000	0.000	1.000	3.000	0.000
65.000	7538.000	1605.010	1.000	0.000	1.000	3.000	0.000
64.000	7525.000	1605.010	1.000	0.000	1.000	3.000	0.000
63.000	7540.000	1605.010	1.000	0.000	1.000	3.000	0.000
64.000	7537.000	1605.010	1.000	0.000	1.000	3.000	0.000
64.000	7535.000	1605.010	1.000	0.000	1.000	3.000	0.000
64.000	7531.000	1605.010	1.000	0.000	1.000	3.000	0.000
64.000	7530.000	1604.880	1.000	0.000	1.000	3.000	0.000
64.000	7536.000	1604.880	1.000	0.000	1.000	3.000	0.000
64.000	7530.000	1605.010	1.000	0.000	1.000	3.000	0.000
63.000	7533.000	1605.010	1.000	0.000	1.000	3.000	0.000
65.000	7531.000	1605.010	1.000	0.000	1.000	3.000	0.000
79.000	7541.000	1604.880	1.000	0.000	1.000	3.000	0.000
64.000	7529.000	1604.880	1.000	0.000	1.000	3.000	0.000
64.000	7529.000	1604.880	1.000	0.000	1.000	3.000	0.000
64.000	7526.000	1604.880	1.000	0.000	1.000	3.000	0.000
64.000	7530.000	1604.880	1.000	0.000	1.000	3.000	0.000
64.000	7532.000	1604.880	1.000	0.000	1.000	3.000	0.000
64.000	7529.000	1605.010	1.000	0.000	1.000	3.000	0.000
64.000	7529.000	1605.010	1.000	0.000	1.000	3.000	0.000
64.000	7536.000	1605.010	1.000	0.000	1.000	3.000	0.000
64.000	7528.000	1604.880	1.000	0.000	1.000	3.000	0.000
64.000	7528.000	1604.880	1.000	0.000	1.000	3.000	0.000
64.000	7525.000	1604.880	1.000	0.000	1.000	3.000	0.000
80.000	7528.000	1604.880	1.000	0.000	1.000	3.000	0.000
63.000	7523.000	1604.880	1.000	0.000	1.000	3.000	0.000
64.000	7527.000	1604.880	1.000	0.000	1.000	3.000	0.000
64.000	7518.000	1605.010	1.000	0.000	1.000	3.000	0.000
64.000	7520.000	1605.010	1.000	0.000	1.000	3.000	0.000
64.000	7528.000	1604.880	1.000	0.000	1.000	3.000	0.000
64.000	7525.000	1604.880	1.000	0.000	1.000	3.000	0.000
64.000	7529.000	1604.880	1.000	0.000	1.000	3.000	0.000
64.000	7526.000	1604.880	1.000	0.000	1.000	3.000	0.000
63.000	7522.000	1604.880	1.000	0.000	1.000	3.000	0.000
65.000	7522.000	1604.880	1.000	0.000	1.000	3.000	0.000
79.000	7525.000	1604.880	1.000	0.000	1.000	3.000	0.000
64.000	7521.000	1605.010	1.000	0.000	1.000	3.000	0.000
65.000	7528.000	1604.880	1.000	0.000	1.000	3.000	0.000
63.000	7523.000	1605.010	1.000	0.000	1.000	3.000	0.000
65.000	7521.000	1605.010	1.000	0.000	1.000	3.000	0.000
63.000	7524.000	1604.880	1.000	0.000	1.000	3.000	0.000
64.000	7519.000	1605.010	1.000	0.000	1.000	3.000	0.000
64.000	7523.000	1605.010	1.000	0.000	1.000	3.000	0.000
64.000	7520.000	1604.880	1.000	0.000	1.000	3.000	0.000
64.000	7533.000	1604.880	1.000	0.000	1.000	3.000	0.000
64.000	7525.000	1604.880	1.000	0.000	1.000	3.000	0.000
64.000	7519.000	1605.010	1.000	0.000	1.000	3.000	0.000
80.000	7522.000	1604.880	1.000	0.000	1.000	3.000	0.000
63.000	7524.000	1605.010	1.000	0.000	1.000	3.000	0.000
65.000	7517.000	1604.880	1.000	0.000	1.000	3.000	0.000
64.000	7530.000	1605.010	1.000	0.000	1.000	3.000	0.000
63.000	7523.000	1605.010	1.000	0.000	1.000	3.000	0.000
64.000	7520.000	1605.010	1.000	0.000	1.000	3.000	0.000
64.000	7522.000	1605.010	1.000	0.000	1.000	3.000	0.000
64.000	7523.000	1605.010	1.000	0.000	1.000	3.000	0.000
64.000	7524.000	1604.880	1.000	0.000	1.000	3.000	0.000
64.000	7516.000	1605.010	1.000	0.000	1.000	3.000	0.000
64.000	7520.000	1604.880	1.000	0.000	1.000	3.000	0.000
64.000	7518.000	1604.880	1.000	0.000	1.000	3.000	0.000
79.000	7521.000	1604.880	1.000	0.000	1.000	3.000	0.000
64.000	7522.000	1604.880	1.000	0.000	1.000	3.000	0.000
65.000	7520.000	1605.010	1.000	0.000	1.000	3.000	0.000
63.000	7519.000	1605.010	1.000	0.000	1.000	3.000	0.000
64.000	7523.000	1604.880	1.000	0.000	1.000	3.000	0.000
64.000	7520.000	1605.010	1.000	0.000	1.000	3.000	0.000
64.000	7518.000	1605.010	1.000	0.000	1.000	3.000	0.000
64.000	7524.000	1604.880	1.000	0.000	1.000	3.000	0.000
64.000	7516.000	1604.880	1.000	0.000	1.000	3.000	0.000
64.000	7518.000	1605.010	1.000	0.000	1.000	3.000	0.000
64.000	7516.000	1605.010	1.000	0.000	1.000	3.000	0.000
79.000	7521.000	1604.880	1.000	0.000	1.000	3.000	0.000
65.000	7522.000	1604.740	1.000	0.000	1.000	3.000	0.000
63.000	7524.000	1604.880	1.000	0.000	1.000	3.000	0.000
64.000	7512.000	1604.880	1.000	0.000	1.000	3.000	0.000
65.000	7513.000	1604.880	1.000	0.000	1.000	3.000	0.000
63.000	7517.000	1604.880	1.000	0.000	1.000	3.000	0.000
64.000	7516.000	1604.880	1.000	0.000	1.000	3.000	0.000
65.000	7517.000	1604.880	1.000	0.000	1.000	3.000	0.000
63.000	7518.000	1605.010	1.000	0.000	1.000	3.000	0.000
64.000	7517.000	1605.010	1.000	0.000	1.000	3.000	0.000
64.000	7513.000	1604.880	1.000	0.000	1.000	3.000	0.000
64.000	7512.000	1604.880	1.000	0.000	1.000	3.000	0.000
79.000	7519.000	1604.880	1.000	0.000	1.000	3.000	0.000
64.000	7510.000	1604.880	1.000	0.000	1.000	3.000	0.000
65.000	7514.000	1605.010	1.000	0.000	1.000	3.000	0.000
63.000	7518.000	1604.880	1.000	0.000	1.000	3.000	0.000
64.000	7511.000	1605.010	1.000	0.000	1.000	3.000	0.000
64.000	7519.000	1604.880	1.000	0.000	1.000	3.000	0.000
65.000	7513.000	1604.880	1.000	0.000	1.000	3.000	0.000
63.000	7514.000	1604.880	1.000	0.000	1.000	3.000	0.000
64.000	7514.000	1604.880	1.000	0.000	1.000	3.000	0.000
64.000	7519.000	1604.880	1.000	0.000	1.000	3.000	0.000
64.000	7517.000	1604.880	1.000	0.000	1.000	3.000	0.000
64.000	7512.000	1605.010	1.000	0.000	1.000	3.000	0.000
80.000	7517.000	1604.880	1.000	0.000	1.000	3.000	0.000
64.000	7513.000	1604.880	1.000	0.000	1.000	3.000	0.000
63.000	7515.000	1605.010	1.000	0.000	1.000	3.000	0.000
64.000	7516.000	1604.880	1.000	0.000	1.000	3.000	0.000
64.000	7509.000	1604.880	1.000	0.000	1.000	3.000	0.000
65.000	7520.000	1604.880	1.000	0.000	1.000	3.000	0.000
63.000	7513.000	1604.880	1.000	0.000	1.000	3.000	0.000
64.000	7506.000	1605.010	1.000	0.000	1.000	3.000	0.000
64.000	7515.000	1604.740	1.000	0.000	1.000	3.000	0.000
65.000	7521.000	1604.880	1.000	0.000	1.000	3.000	0.000
63.000	7514.000	1604.880	1.000	0.000	1.000	3.000	0.000
80.000	7516.000	1605.010	1.000	0.000	1.000	3.000	0.000
64.000	7507.000	1604.880	1.000	0.000	1.000	3.000	0.000
63.000	7517.000	1604.880	1.000	0.000	1.000	3.000	0.000
65.000	7509.000	1604.740	1.000	0.000	1.000	3.000	0.000
64.000	7515.000	1604.880	1.000	0.000	1.000	3.000	0.000
63.000	7508.000	1604.880	1.000	0.000	1.000	3.000	0.000
64.000	7511.000	1604.880	1.000	0.000	1.000	3.000	0.000
65.000	7512.000	1604.880	1.000	0.000	1.000	3.000	0.000
63.000	7516.000	1604.880	1.000	0.000	1.000	3.000	0.000
64.000	7517.000	1604.880	1.000	0.000	1.000	3.000	0.000
64.000	7514.000	1604.880	1.000	0.000	1.000	3.000	0.000
64.000	7511.000	1604.740	1.000	0.000	1.000	3.000	0.000
80.000	7516.000	1604.880	1.000	0.000	1.000	3.000	0.000
64.000	7508.000	1604.880	1.000	0.000	1.000	3.000	0.000
64.000	7505.000	1604.880	1.000	0.000	1.000	3.000	0.000
64.000	7515.000	1604.880	1.000	0.000	1.000	3.000	0.000
63.000	7505.000	1604.880	1.000	0.000	1.000	3.000	0.000
64.000	7507.000	1604.880	1.000	0.000	1.000	3.000	0.000
64.000	7509.000	1604.880	1.000	0.000	1.000	3.000	0.000
64.000	7507.000	1604.880	1.000	0.000	1.000	3.000	0.000
65.000	7509.000	1604.740	1.000	0.000	1.000	3.000	0.000
63.000	7506.000	1604.880	1.000	0.000	1.000	3.000	0.000
64.000	7514.000	1605.010	1.000	0.000	1.000	3.000	0.000
64.000	7510.000	1604.880	1.000	0.000	1.000	3.000	0.000
80.000	7511.000	1604.880	1.000	0.000	1.000	3.000	0.000
64.000	7510.000	1604.880	1.000	0.000	1.000	3.000	0.000
64.000	7507.000	1604.880	1.000	0.000	1.000	3.000	0.000
64.000	7507.000	1604.740	1.000	0.000	1.000	3.000	0.000
63.000	7505.000	1604.740	1.000	0.000	1.000	3.000	0.000
65.000	7510.000	1604.880	1.000	0.000	1.000	3.000	0.000
63.000	7503.000	1604.880	1.000	0.000	1.000	3.000	0.000
64.000	7510.000	1604.740	1.000	0.000	1.000	3.000	0.000
65.000	7506.000	1604.740	1.000	0.000	1.000	3.000	0.000
63.000	7510.000	1604.880	1.000	0.000	1.000	3.000	0.000
65.000	7503.000	1604.740	1.000	0.000	1.000	3.000	0.000
79.000	7508.000	1604.740	1.000	0.000	1.000	3.000	0.000
65.000	7506.000	1604.740	1.000	0.000	1.000	3.000	0.000
63.000	7502.000	1604.880	1.000	0.000	1.000	3.000	0.000
64.000	7505.000	1604.880	1.000	0.000	1.000	3.000	0.000
64.000	7505.000	1604.740	1.000	0.000	1.000	3.000	0.000
63.000	7501.000	1604.740	1.000	0.000	1.000	3.000	0.000
65.000	7505.000	1604.880	1.000	0.000	1.000	3.000	0.000
64.000	7507.000	1604.880	1.000	0.000	1.000	3.000	0.000
63.000	7509.000	1604.880	1.000	0.000	1.000	3.000	0.000
64.000	7508.000	1604.880	1.000	0.000	1.000	3.000	0.000
65.000	7503.000	1604.740	1.000	0.000	1.000	3.000	0.000
63.000	7504.000	1604.740	1.000	0.000	1.000	3.000	0.000
80.000	7509.000	1604.740	1.000	0.000	1.000	3.000	0.000
64.000	7509.000	1604.880	1.000	0.000	1.000	3.000	0.000
64.000	7510.000	1604.880	1.000	0.000	1.000	3.000	0.000
64.000	7508.000	1604.880	1.000	0.000	1.000	3.000	0.000
64.000	7502.000	1604.740	1.000	0.000	1.000	3.000	0.000
64.000	7500.000	1604.740	1.000	0.000	1.000	3.000	0.000
64.000	7505.000	1604.740	1.000	0.000	1.000	3.000	0.000
63.000	7506.000	1604.880	1.000	0.000	1.000	3.000	0.000
64.000	7505.000	1604.740	1.000	0.000	1.000	3.000	0.000
64.000	7503.000	1604.740	1.000	0.000	1.000	3.000	0.000
64.000	7502.000	1604.740	1.000	0.000	1.000	3.000	0.000
80.000	7500.000	1604.740	1.000	0.000	1.000	3.000	0.000
64.000	7502.000	1604.740	1.000	0.000	1.000	3.000	0.000
64.000	7510.000	1604.740	1.000	0.000	1.000	3.000	0.000
64.000	7505.000	1604.740	1.000	0.000	1.000	3.000	0.000
64.000	7499.000	1604.880	1.000	0.000	1.000	3.000	0.000
64.000	7501.000	1604.740	1.000	0.000	1.000	3.000	0.000
64.000	7501.000	1604.740	1.000	0.000	1.000	3.000	0.000
64.000	7506.000	1604.740	1.000	0.000	1.000	3.000	0.000
64.000	7495.000	1604.740	1.000	0.000	1.000	3.000	0.000
64.000	7499.000	1604.740	1.000	0.000	1.000	3.000	0.000
64.000	7502.000	1604.740	1.000	0.000	1.000	3.000	0.000
64.000	7504.000	1604.740	1.000	0.000	1.000	3.000	0.000
80.000	7501.000	1604.740	1.000	0.000	1.000	3.000	0.000
64.000	7501.000	1604.880	1.000	0.000	1.000	3.000	0.000
63.000	7498.000	1604.740	1.000	0.000	1.000	3.000	0.000
64.000	7501.000	1604.740	1.000	0.000	1.000	3.000	0.000
64.000	7505.000	1604.740	1.000	0.000	1.000	3.000	0.000
64.000	7500.000	1604.740	1.000	0.000	1.000	3.000	0.000
64.000	7498.000	1604.740	1.000	0.000	1.000	3.000	0.000
64.000	7501.000	1604.740	1.000	0.000	1.000	3.000	0.000
63.000	7495.000	1604.880	1.000	0.000	1.000	3.000	0.000
65.000	7498.000	1604.740	1.000	0.000	1.000	3.000	0.000
64.000	7499.000	1604.740	1.000	0.000	1.000	3.000	0.000
64.000	7496.000	1604.740	1.000	0.000	1.000	3.000	0.000
79.000	7506.000	1604.740	1.000	0.000	1.000	3.000	0.000
64.000	7496.000	1604.740	1.000	0.000	1.000	3.000	0.000
64.000	7497.000	1604.740	1.000	0.000	1.000	3.000	0.000
65.000	7499.000	1604.610	1.000	0.000	1.000	3.000	0.000
63.000	7501.000	1604.880	1.000	0.000	1.000	3.000	0.000
64.000	7504.000	1604.740	1.000	0.000	1.000	3.000	0.000
64.000	7500.000	1604.740	1.000	0.000	1.000	3.000	0.000
64.000	7499.000	1604.740	1.000	0.000	1.000	3.000	0.000
64.000	7495.000	1604.740	1.000	0.000	1.000	3.000	0.000
64.000	7492.000	1604.740	1.000	0.000	1.000	3.000	0.000
64.000	7497.000	1604.610	1.000	0.000	1.000	3.000	0.000
63.000	7497.000	1604.740	1.000	0.000	1.000	3.000	0.000
81.000	7492.000	1604.740	1.000	0.000	1.000	3.000	0.000
63.000	7506.000	1604.740	1.000	0.000	1.000	3.000	0.000
65.000	7495.000	1604.740	1.000	0.000	1.000	3.000	0.000
64.000	7494.000	1604.610	1.000	0.000	1.000	3.000	0.000
63.000	7498.000	1604.740	1.000	0.000	1.000	3.000	0.000
64.000	7492.000	1604.610	1.000	0.000	1.000	3.000	0.000
64.000	7495.000	1604.740	1.000	0.000	1.000	3.000	0.000
64.000	7498.000	1604.740	1.000	0.000	1.000	3.000	0.000
64.000	7490.000	1604.740	1.000	0.000	1.000	3.000	0.000
64.000	7492.000	1604.740	1.000	0.000	1.000	3.000	0.000
64.000	7498.000	1604.880	1.000	0.000	1.000	3.000	0.000
80.000	7491.000	1604.740	1.000	0.000	1.000	3.000	0.000
64.000	7493.000	1604.610	1.000	0.000	1.000	3.000	0.000
64.000	7495.000	1604.740	1.000	0.000	1.000	3.000	0.000
64.000	7494.000	1604.610	1.000	0.000	1.000	3.000	0.000
64.000	7494.000	1604.610	1.000	0.000	1.000	3.000	0.000
63.000	7498.000	1604.610	1.000	0.000	1.000	3.000	0.000
64.000	7489.000	1604.610	1.000	0.000	1.000	3.000	0.000
64.000	7487.000	1604.740	1.000	0.000	1.000	3.000	0.000
64.000	7491.000	1604.610	1.000	0.000	1.000	3.000	0.000
64.000	7495.000	1604.610	1.000	0.000	1.000	3.000	0.000
64.000	7492.000	1604.610	1.000	0.000	1.000	3.000	0.000
63.000	7496.000	1604.740	1.000	0.000	1.000	3.000	0.000
81.000	7485.000	1604.480	1.000	0.000	1.000	3.000	0.000
64.000	7491.000	1604.740	1.000	0.000	1.000	3.000	0.000
63.000	7486.000	1604.610	1.000	0.000	1.000	3.000	0.000
65.000	7490.000	1604.610	1.000	0.000	1.000	3.000	0.000
63.000	7492.000	1604.740	1.000	0.000	1.000	3.000	0.000
64.000	7496.000	1604.740	1.000	0.000	1.000	3.000	0.000
64.000	7493.000	1604.740	1.000	0.000	1.000	3.000	0.000
64.000	7499.000	1604.610	1.000	0.000	1.000	3.000	0.000
64.000	7489.000	1604.610	1.000	0.000	1.000	3.000	0.000
64.000	7498.000	1604.740	1.000	0.000	1.000	3.000	0.000
64.000	7493.000	1604.610	1.000	0.000	1.000	3.000	0.000
64.000	7490.000	1604.610	1.000	0.000	1.000	3.000	0.000
80.000	7493.000	1604.610	1.000	0.000	1.000	3.000	0.000
64.000	7490.000	1604.740	1.000	0.000	1.000	3.000	0.000
63.000	7491.000	1604.610	1.000	0.000	1.000	3.000	0.000
65.000	7482.000	1604.610	1.000	0.000	1.000	3.000	0.000
64.000	7487.000	1604.610	1.000	0.000	1.000	3.000	0.000
63.000	7486.000	1604.480	1.000	0.000	1.000	3.000	0.000
65.000	7490.000	1604.740	1.000	0.000	1.000	3.000	0.000
64.000	7493.000	1604.610	1.000	0.000	1.000	3.000	0.000
63.000	7489.000	1604.480	1.000	0.000	1.000	3.000	0.000
64.000	7491.000	1604.610	1.000	0.000	1.000	3.000	0.000
64.000	7490.000	1604.610	1.000	0.000	1.000	3.000	0.000
80.000	7486.000	1604.610	1.000	0.000	1.000	3.000	0.000
64.000	7501.000	1604.610	1.000	0.000	1.000	3.000	0.000
64.000	7489.000	1604.610	1.000	0.000	1.000	3.000	0.000
64.000	7482.000	1604.610	1.000	0.000	1.000	3.000	0.000
64.000	7489.000	1604.610	1.000	0.000	1.000	3.000	0.000
64.000	7483.000	1604.610	1.000	0.000	1.000	3.000	0.000
64.000	7483.000	1604.740	1.000	0.000	1.000	3.000	0.000
64.000	7494.000	1604.480	1.000	0.000	1.000	3.000	0.000
63.000	7487.000	1604.480	1.000	0.000	1.000	3.000	0.000
64.000	7486.000	1604.480	1.000	0.000	1.000	3.000	0.000
65.000	7483.000	1604.740	1.000	0.000	1.000	3.000	0.000
63.000	7494.000	1604.610	1.000	0.000	1.000	3.000	0.000
80.000	7482.000	1604.610	1.000	0.000	1.000	3.000	0.000
64.000	7481.000	1604.610	1.000	0.000	1.000	3.000	0.000
64.000	7489.000	1604.480	1.000	0.000	1.000	3.000	0.000
63.000	7482.000	1604.480	1.000	0.000	1.000	3.000	0.000
64.000	7486.000	1604.610	1.000	0.000	1.000	3.000	0.000
64.000	7485.000	1604.480	1.000	0.000	1.000	3.000	0.000
65.000	7493.000	1604.610	1.000	0.000	1.000	3.000	0.000
63.000	7486.000	1604.480	1.000	0.000	1.000	3.000	0.000
65.000	7493.000	1604.480	1.000	0.000	1.000	3.000	0.000
63.000	7501.000	1604.480	1.000	0.000	1.000	3.000	0.000
64.000	7511.000	1604.610	1.000	0.000	1.000	3.000	0.000
64.000	7522.000	1604.480	1.000	0.000	1.000	3.000	0.000
80.000	7534.000	1604.350	1.000	0.000	1.000	3.000	0.000
64.000	7551.000	1604.480	1.000	0.000	1.000	3.000	0.000
64.000	7560.000	1604.480	1.000	0.000	1.000	3.000	0.000
64.000	7571.000	1604.610	1.000	0.000	1.000	3.000	0.000
64.000	7583.000	1604.480	1.000	0.000	1.000	3.000	0.000
63.000	7601.000	1604.480	1.000	0.000	1.000	3.000	0.000
65.000	7619.000	1604.610	1.000	0.000	1.000	3.000	0.000
64.000	7627.000	1604.350	1.000	0.000	1.000	3.000	0.000
64.000	7638.000	1604.480	1.000	0.000	1.000	3.000	0.000
63.000	7655.000	1604.480	1.000	0.000	1.000	3.000	0.000
64.000	7681.000	1604.480	1.000	0.000	1.000	3.000	0.000
81.000	7696.000	1604.480	1.000	0.000	1.000	3.000	0.000
63.000	7711.000	1604.480	1.000	0.000	1.000	3.000	0.000
64.000	7726.000	1604.480	1.000	0.000	1.000	3.000	0.000
64.000	7739.000	1604.480	1.000	0.000	1.000	3.000	0.000
64.000	7765.000	1604.480	1.000	0.000	1.000	3.000	0.000
64.000	7783.000	1604.480	1.000	0.000	1.000	3.000	0.000
64.000	7805.000	1604.480	1.000	0.000	1.000	3.000	0.000
63.000	7828.000	1604.480	1.000	0.000	1.000	3.000	0.000
65.000	7852.000	1604.350	1.000	0.000	1.000	3.000	0.000
63.000	7887.000	1604.610	1.000	0.000	1.000	3.000	0.000
65.000	7908.000	1605.400	1.000	0.000	1.000	3.000	0.000
63.000	7935.000	1606.320	1.000	0.000	1.000	3.000	0.000
81.000	7962.000	1607.240	1.000	0.000	1.000	3.000	0.000
63.000	7996.000	1608.290	1.000	0.000	1.000	3.000	0.000
64.000	8032.000	1610.130	1.000	0.000	1.000	3.000	0.000
64.000	8061.000	1612.880	1.000	0.000	1.000	3.000	0.000
64.000	8096.000	1617.080	1.000	0.000	1.000	3.000	0.000
64.000	8142.000	1622.330	1.000	0.000	1.000	3.000	0.000
64.000	8184.000	1628.760	1.000	0.000	1.000	3.000	0.000
64.000	8236.000	1635.850	1.000	0.000	1.000	3.000	0.000
63.000	8296.000	1643.730	1.000	0.000	1.000	3.000	0.000
65.000	8376.000	1652.390	1.000	0.000	1.000	3.000	0.000
63.000	8454.000	1661.710	1.000	0.000	1.000	3.000	0.000
64.000	8487.000	1661.710	1.000	0.000	1.000	3.000	0.000
81.000	8410.000	1649.110	1.000	0.000	1.000	3.000	0.000
63.000	8333.000	1638.870	1.000	0.000	1.000	3.000	0.000
64.000	8264.000	1630.210	1.000	0.000	1.000	3.000	0.000
65.000	8217.000	1622.860	1.000	0.000	1.000	3.000	0.000
63.000	8168.000	1616.690	1.000	0.000	1.000	3.000	0.000
64.000	8131.000	1611.570	1.000	0.000	1.000	3.000	0.000
63.000	8093.000	1608.160	1.000	0.000	1.000	3.000	0.000
65.000	8059.000	1606.320	1.000	0.000	1.000	3.000	0.000
64.000	8021.000	1605.270	1.000	0.000	1.000	3.000	0.000
63.000	7988.000	1604.880	1.000	0.000	1.000	3.000	0.000
64.000	7954.000	1604.610	1.000	0.000	1.000	3.000	0.000
80.000	7928.000	1604.350	1.000	0.000	1.000	3.000	0.000
65.000	7898.000	1603.830	1.000	0.000	1.000	3.000	0.000
63.000	7881.000	1603.830	1.000	0.000	1.000	3.000	0.000
64.000	7845.000	1604.090	1.000	0.000	1.000	3.000	0.000
64.000	7826.000	1603.960	1.000	0.000	1.000	3.000	0.000
64.000	7814.000	1603.960	1.000	0.000	1.000	3.000	0.000
64.000	7786.000	1604.090	1.000	0.000	1.000	3.000	0.000
64.000	7765.000	1604.220	1.000	0.000	1.000	3.000	0.000
64.000	7739.000	1604.090	1.000	0.000	1.000	3.000	0.000
64.000	7721.000	1603.960	1.000	0.000	1.000	3.000	0.000
63.000	7702.000	1604.090	1.000	0.000	1.000	3.000	0.000
65.000	7678.000	1604.090	1.000	0.000	1.000	3.000	0.000
79.000	7662.000	1604.220	1.000	0.000	1.000	3.000	0.000
64.000	7646.000	1604.090	1.000	0.000	1.000	3.000	0.000
64.000	7632.000	1604.090	1.000	0.000	1.000	3.000	0.000
65.000	7619.000	1604.220	1.000	0.000	1.000	3.000	0.000
64.000	7604.000	1604.220	1.000	0.000	1.000	3.000	0.000
63.000	7592.000	1604.220	1.000	0.000	1.000	3.000	0.000
64.000	7572.000	1604.090	1.000	0.000	1.000	3.000	0.000
64.000	7559.000	1604.090	1.000	0.000	1.000	3.000	0.000
64.000	7542.000	1604.220	1.000	0.000	1.000	3.000	0.000
64.000	7534.000	1604.220	1.000	0.000	1.000	3.000	0.000
64.000	7517.000	1604.220	1.000	0.000	1.000	3.000	0.000
63.000	7511.000	1604.220	1.000	0.000	1.000	3.000	0.000
80.000	7503.000	1604.220	1.000	0.000	1.000	3.000	0.000
64.000	7492.000	1604.220	1.000	0.000	1.000	3.000	0.000
65.000	7478.000	1604.220	1.000	0.000	1.000	3.000	0.000
63.000	7473.000	1604.220	1.000	0.000	1.000	3.000	0.000
64.000	7480.000	1604.350	1.000	0.000	1.000	3.000	0.000
64.000	7475.000	1604.220	1.000	0.000	1.000	3.000	0.000
64.000	7475.000	1604.220	1.000	0.000	1.000	3.000	0.000
64.000	7472.000	1604.350	1.000	0.000	1.000	3.000	0.000
64.000	7481.000	1604.220	1.000	0.000	1.000	3.000	0.000
64.000	7476.000	1604.220	1.000	0.000	1.000	3.000	0.000
64.000	7477.000	1604.220	1.000	0.000	1.000	3.000	0.000
80.000	7475.000	1604.350	1.000	0.000	1.000	3.000	0.000
65.000	7473.000	1604.220	1.000	0.000	1.000	3.000	0.000
62.000	7471.000	1604.220	1.000	0.000	1.000	3.000	0.000
64.000	7474.000	1604.220	1.000	0.000	1.000	3.000	0.000
64.000	7474.000	1604.350	1.000	0.000	1.000	3.000	0.000
64.000	7471.000	1604.220	1.000	0.000	1.000	3.000	0.000
64.000	7476.000	1604.220	1.000	0.000	1.000	3.000	0.000
64.000	7481.000	1604.220	1.000	0.000	1.000	3.000	0.000
64.000	7481.000	1604.090	1.000	0.000	1.000	3.000	0.000
64.000	7469.000	1604.220	1.000	0.000	1.000	3.000	0.000
64.000	7478.000	1604.220	1.000	0.000	1.000	3.000	0.000
64.000	7466.000	1604.350	1.000	0.000	1.000	3.000	0.000
79.000	7468.000	1604.220	1.000	0.000	1.000	3.000	0.000
64.000	7469.000	1604.220	1.000	0.000	1.000	3.000	0.000
64.000	7470.000	1604.220	1.000	0.000	1.000	3.000	0.000
64.000	7474.000	1604.220	1.000	0.000	1.000	3.000	0.000
64.000	7473.000	1604.220	1.000	0.000	1.000	3.000	0.000
64.000	7474.000	1604.220	1.000	0.000	1.000	3.000	0.000
64.000	7470.000	1604.350	1.000	0.000	1.000	3.000	0.000
64.000	7471.000	1604.220	1.000	0.000	1.000	3.000	0.000
64.000	7464.000	1604.220	1.000	0.000	1.000	3.000	0.000
64.000	7470.000	1604.220	1.000	0.000	1.000	3.000	0.000
64.000	7466.000	1604.220	1.000	0.000	1.000	3.000	0.000
64.000	7473.000	1604.220	1.000	0.000	1.000	3.000	0.000
80.000	7461.000	1604.220	1.000	0.000	1.000	3.000	0.000
64.000	7475.000	1604.350	1.000	0.000	1.000	3.000	0.000
63.000	7471.000	1604.090	1.000	0.000	1.000	3.000	0.000
64.000	7468.000	1604.220	1.000	0.000	1.000	3.000	0.000
64.000	7474.000	1604.220	1.000	0.000	1.000	3.000	0.000
65.000	7467.000	1604.350	1.000	0.000	1.000	3.000	0.000
63.000	7472.000	1604.220	1.000	0.000	1.000	3.000	0.000
64.000	7471.000	1604.220	1.000	0.000	1.000	3.000	0.000
65.000	7469.000	1604.220	1.000	0.000	1.000	3.000	0.000
63.000	7460.000	1604.220	1.000	0.000	1.000	3.000	0.000
64.000	7469.000	1604.090	1.000	0.000	1.000	3.000	0.000
80.000	7466.000	1604.220	1.000	0.000	1.000	3.000	0.000
64.000	7467.000	1604.090	1.000	0.000	1.000	3.000	0.000
64.000	7462.000	1604.220	1.000	0.000	1.000	3.000	0.000
64.000	7462.000	1604.090	1.000	0.000	1.000	3.000	0.000
63.000	7463.000	1604.220	1.000	0.000	1.000	3.000	0.000
65.000	7462.000	1604.220	1.000	0.000	1.000	3.000	0.000
63.000	7464.000	1604.220	1.000	0.000	1.000	3.000	0.000
64.000	7473.000	1604.220	1.000	0.000	1.000	3.000	0.000
65.000	7480.000	1604.090	1.000	0.000	1.000	3.000	0.000
63.000	7488.000	1604.090	1.000	0.000	1.000	3.000	0.000
64.000	7502.000	1604.090	1.000	0.000	1.000	3.000	0.000
64.000	7520.000	1604.090	1.000	0.000	1.000	3.000	0.000
80.000	7523.000	1604.220	1.000	0.000	1.000	3.000	0.000
64.000	7536.000	1604.090	1.000	0.000	1.000	3.000	0.000
64.000	7554.000	1604.220	1.000	0.000	1.000	3.000	0.000
64.000	7562.000	1604.220	1.000	0.000	1.000	3.000	0.000
63.000	7578.000	1604.090	1.000	0.000	1.000	3.000	0.000
65.000	7591.000	1604.090	1.000	0.000	1.000	3.000	0.000
63.000	7609.000	1604.090	1.000	0.000	1.000	3.000	0.000
64.000	7618.000	1604.090	1.000	0.000	1.000	3.000	0.000
64.000	7635.000	1604.090	1.000	0.000	1.000	3.000	0.000
64.000	7647.000	1604.220	1.000	0.000	1.000	3.000	0.000
64.000	7666.000	1604.220	1.000	0.000	1.000	3.000	0.000
64.000	7688.000	1604.090	1.000	0.000	1.000	3.000	0.000
80.000	7706.000	1604.220	1.000	0.000	1.000	3.000	0.000
64.000	7723.000	1604.350	1.000	0.000	1.000	3.000	0.000
63.000	7744.000	1604.090	1.000	0.000	1.000	3.000	0.000
64.000	7762.000	1604.090	1.000	0.000	1.000	3.000	0.000
65.000	7786.000	1604.090	1.000	0.000	1.000	3.000	0.000
63.000	7811.000	1604.090	1.000	0.000	1.000	3.000	0.000
65.000	7839.000	1604.220	1.000	0.000	1.000	3.000	0.000
64.000	7859.000	1604.350	1.000	0.000	1.000	3.000	0.000
64.000	7890.000	1605.140	1.000	0.000	1.000	3.000	0.000
63.000	7909.000	1606.060	1.000	0.000	1.000	3.000	0.000
64.000	7944.000	1606.840	1.000	0.000	1.000	3.000	0.000
80.000	7975.000	1608.160	1.000	0.000	1.000	3.000	0.000
64.000	8009.000	1609.730	1.000	0.000	1.000	3.000	0.000
64.000	8045.000	1612.750	1.000	0.000	1.000	3.000	0.000
64.000	8078.000	1616.820	1.000	0.000	1.000	3.000	0.000
63.000	8118.000	1622.330	1.000	0.000	1.000	3.000	0.000
65.000	8166.000	1628.760	1.000	0.000	1.000	3.000	0.000
64.000	8214.000	1635.720	1.000	0.000	1.000	3.000	0.000
64.000	8276.000	1643.590	1.000	0.000	1.000	3.000	0.000
63.000	8345.000	1652.390	1.000	0.000	1.000	3.000	0.000
64.000	8431.000	1661.710	1.000	0.000	1.000	3.000	0.000
65.000	8459.000	1660.920	1.000	0.000	1.000	3.000	0.000
63.000	8382.000	1648.320	1.000	0.000	1.000	3.000	0.000
80.000	8309.000	1638.210	1.000	0.000	1.000	3.000	0.000
64.000	8243.000	1629.680	1.000	0.000	1.000	3.000	0.000
64.000	8192.000	1622.200	1.000	0.000	1.000	3.000	0.000
64.000	8143.000	1616.160	1.000	0.000	1.000	3.000	0.000
64.000	8102.000	1611.040	1.000	0.000	1.000	3.000	0.000
64.000	8068.000	1607.500	1.000	0.000	1.000	3.000	0.000
63.000	8033.000	1605.930	1.000	0.000	1.000	3.000	0.000
64.000	8000.000	1605.140	1.000	0.000	1.000	3.000	0.000
65.000	7969.000	1604.350	1.000	0.000	1.000	3.000	0.000
64.000	7936.000	1604.350	1.000	0.000	1.000	3.000	0.000
63.000	7902.000	1603.960	1.000	0.000	1.000	3.000	0.000
64.000	7878.000	1603.430	1.000	0.000	1.000	3.000	0.000
81.000	7852.000	1603.560	1.000	0.000	1.000	3.000	0.000
63.000	7831.000	1603.560	1.000	0.000	1.000	3.000	0.000
65.000	7801.000	1603.560	1.000	0.000	1.000	3.000	0.000
63.000	7782.000	1603.690	1.000	0.000	1.000	3.000	0.000
64.000	7758.000	1603.690	1.000	0.000	1.000	3.000	0.000
64.000	7737.000	1603.690	1.000	0.000	1.000	3.000	0.000
64.000	7715.000	1603.830	1.000	0.000	1.000	3.000	0.000
64.000	7698.000	1603.830	1.000	0.000	1.000	3.000	0.000
63.000	7681.000	1603.690	1.000	0.000	1.000	3.000	0.000
64.000	7663.000	1603.830	1.000	0.000	1.000	3.000	0.000
64.000	7641.000	1603.830	1.000	0.000	1.000	3.000	0.000
80.000	7625.000	1603.830	1.000	0.000	1.000	3.000	0.000
65.000	7618.000	1603.830	1.000	0.000	1.000	3.000	0.000
63.000	7588.000	1603.830	1.000	0.000	1.000	3.000	0.000
64.000	7584.000	1603.960	1.000	0.000	1.000	3.000	0.000
65.000	7570.000	1603.960	1.000	0.000	1.000	3.000	0.000
63.000	7549.000	1603.830	1.000	0.000	1.000	3.000	0.000
64.000	7539.000	1603.830	1.000	0.000	1.000	3.000	0.000
64.000	7528.000	1603.960	1.000	0.000	1.000	3.000	0.000
64.000	7510.000	1603.830	1.000	0.000	1.000	3.000	0.000
64.000	7503.000	1603.960	1.000	0.000	1.000	3.000	0.000
64.000	7490.000	1603.830	1.000	0.000	1.000	3.000	0.000
64.000	7477.000	1603.960	1.000	0.000	1.000	3.000	0.000
79.000	7464.000	1603.960	1.000	0.000	1.000	3.000	0.000
64.000	7461.000	1603.960	1.000	0.000	1.000	3.000	0.000
64.000	7452.000	1603.830	1.000	0.000	1.000	3.000	0.000
64.000	7457.000	1603.960	1.000	0.000	1.000	3.000	0.000
64.000	7461.000	1603.960	1.000	0.000	1.000	3.000	0.000
64.000	7454.000	1603.830	1.000	0.000	1.000	3.000	0.000
64.000	7453.000	1603.960	1.000	0.000	1.000	3.000	0.000
64.000	7454.000	1603.830	1.000	0.000	1.000	3.000	0.000
64.000	7459.000	1603.960	1.000	0.000	1.000	3.000	0.000
64.000	7451.000	1603.960	1.000	0.000	1.000	3.000	0.000
64.000	7457.000	1603.830	1.000	0.000	1.000	3.000	0.000
63.000	7459.000	1603.960	1.000	0.000	1.000	3.000	0.000
80.000	7455.000	1603.830	1.000	0.000	1.000	3.000	0.000
65.000	7450.000	1603.830	1.000	0.000	1.000	3.000	0.000
63.000	7457.000	1603.830	1.000	0.000	1.000	3.000	0.000
65.000	7464.000	1603.830	1.000	0.000	1.000	3.000	0.000
64.000	7459.000	1603.960	1.000	0.000	1.000	3.000	0.000
63.000	7456.000	1603.830	1.000	0.000	1.000	3.000	0.000
64.000	7452.000	1603.960	1.000	0.000	1.000	3.000	0.000
64.000	7451.000	1603.960	1.000	0.000	1.000	3.000	0.000
64.000	7452.000	1603.960	1.000	0.000	1.000	3.000	0.000
64.000	7449.000	1603.960	1.000	0.000	1.000	3.000	0.000
64.000	7447.000	1603.960	1.000	0.000	1.000	3.000	0.000
80.000	7453.000	1603.830	1.000	0.000	1.000	3.000	0.000
64.000	7455.000	1603.960	1.000	0.000	1.000	3.000	0.000
63.000	7453.000	1603.960	1.000	0.000	1.000	3.000	0.000
64.000	7457.000	1603.960	1.000	0.000	1.000	3.000	0.000
64.000	7453.000	1603.830	1.000	0.000	1.000	3.000	0.000
64.000	7457.000	1603.960	1.000	0.000	1.000	3.000	0.000
64.000	7451.000	1603.960	1.000	0.000	1.000	3.000	0.000
64.000	7452.000	1603.960	1.000	0.000	1.000	3.000	0.000
64.000	7448.000	1603.960	1.000	0.000	1.000	3.000	0.000
64.000	7455.000	1603.960	1.000	0.000	1.000	3.000	0.000
64.000	7450.000	1604.090	1.000	0.000	1.000	3.000	0.000
64.000	7453.000	1603.960	1.000	0.000	1.000	3.000	0.000
80.000	7447.000	1603.960	1.000	0.000	1.000	3.000	0.000
64.000	7449.000	1603.960	1.000	0.000	1.000	3.000	0.000
63.000	7451.000	1604.090	1.000	0.000	1.000	3.000	0.000
65.000	7452.000	1603.830	1.000	0.000	1.000	3.000	0.000
64.000	7453.000	1604.090	1.000	0.000	1.000	3.000	0.000
63.000	7443.000	1604.090	1.000	0.000	1.000	3.000	0.000
64.000	7450.000	1603.960	1.000	0.000	1.000	3.000	0.000
64.000	7453.000	1603.960	1.000	0.000	1.000	3.000	0.000
64.000	7448.000	1603.960	1.000	0.000	1.000	3.000	0.000
64.000	7448.000	1603.960	1.000	0.000	1.000	3.000	0.000
64.000	7444.000	1603.960	1.000	0.000	1.000	3.000	0.000
64.000	7444.000	1603.960	1.000	0.000	1.000	3.000	0.000
80.000	7448.000	1603.960	1.000	0.000	1.000	3.000	0.000
64.000	7455.000	1603.830	1.000	0.000	1.000	3.000	0.000
64.000	7449.000	1603.960	1.000	0.000	1.000	3.000	0.000
63.000	7452.000	1603.830	1.000	0.000	1.000	3.000	0.000
64.000	7448.000	1603.960	1.000	0.000	1.000	3.000	0.000
64.000	7454.000	1603.960	1.000	0.000	1.000	3.000	0.000
64.000	7464.000	1603.960	1.000	0.000	1.000	3.000	0.000
64.000	7474.000	1603.960	1.000	0.000	1.000	3.000	0.000
64.000	7482.000	1603.960	1.000	0.000	1.000	3.000	0.000
64.000	7491.000	1603.960	1.000	0.000	1.000	3.000	0.000
64.000	7503.000	1603.960	1.000	0.000	1.000	3.000	0.000
80.000	7523.000	1603.960	1.000	0.000	1.000	3.000	0.000
64.000	7527.000	1603.960	1.000	0.000	1.000	3.000	0.000
64.000	7543.000	1603.960	1.000	0.000	1.000	3.000	0.000
63.000	7554.000	1603.960	1.000	0.000	1.000	3.000	0.000
64.000	7565.000	1604.090	1.000	0.000	1.000	3.000	0.000
64.000	7589.000	1604.090	1.000	0.000	1.000	3.000	0.000
64.000	7600.000	1603.960	1.000	0.000	1.000	3.000	0.000
64.000	7610.000	1603.960	1.000	0.000	1.000	3.000	0.000
64.000	7625.000	1603.960	1.000	0.000	1.000	3.000	0.000
64.000	7650.000	1604.090	1.000	0.000	1.000	3.000	0.000
64.000	7660.000	1603.960	1.000	0.000	1.000	3.000	0.000
64.000	7681.000	1603.960	1.000	0.000	1.000	3.000	0.000
80.000	7701.000	1603.960	1.000	0.000	1.000	3.000	0.000
63.000	7719.000	1603.960	1.000	0.000	1.000	3.000	0.000
64.000	7746.000	1603.960	1.000	0.000	1.000	3.000	0.000
65.000	7763.000	1604.090	1.000	0.000	1.000	3.000	0.000
63.000	7783.000	1604.090	1.000	0.000	1.000	3.000	0.000
64.000	7810.000	1604.090	1.000	0.000	1.000	3.000	0.000
64.000	7823.000	1603.960	1.000	0.000	1.000	3.000	0.000
65.000	7861.000	1604.610	1.000	0.000	1.000	3.000	0.000
63.000	7887.000	1605.530	1.000	0.000	1.000	3.000	0.000
64.000	7911.000	1606.450	1.000	0.000	1.000	3.000	0.000
64.000	7937.000	1607.370	1.000	0.000	1.000	3.000	0.000
64.000	7974.000	1608.940	1.000	0.000	1.000	3.000	0.000
80.000	8011.000	1611.310	1.000	0.000	1.000	3.000	0.000
64.000	8048.000	1614.850	1.000	0.000	1.000	3.000	0.000
64.000	8089.000	1619.840	1.000	0.000	1.000	3.000	0.000
63.000	8131.000	1625.740	1.000	0.000	1.000	3.000	0.000
65.000	8169.000	1632.700	1.000	0.000	1.000	3.000	0.000
64.000	8233.000	1640.440	1.000	0.000	1.000	3.000	0.000
63.000	8303.000	1648.710	1.000	0.000	1.000	3.000	0.000
64.000	8384.000	1657.770	1.000	0.000	1.000	3.000	0.000
64.000	8465.000	1665.640	1.000	0.000	1.000	3.000	0.000
64.000	8447.000	1657.110	1.000	0.000	1.000	3.000	0.000
64.000	8362.000	1645.430	1.000	0.000	1.000	3.000	0.000
80.000	8287.000	1635.980	1.000	0.000	1.000	3.000	0.000
64.000	8222.000	1627.580	1.000	0.000	1.000	3.000	0.000
64.000	8178.000	1620.490	1.000	0.000	1.000	3.000	0.000
64.000	8130.000	1614.590	1.000	0.000	1.000	3.000	0.000
64.000	8088.000	1610.130	1.000	0.000	1.000	3.000	0.000
64.000	8058.000	1606.980	1.000	0.000	1.000	3.000	0.000
64.000	8013.000	1605.400	1.000	0.000	1.000	3.000	0.000
64.000	7982.000	1604.610	1.000	0.000	1.000	3.000	0.000
64.000	7944.000	1604.220	1.000	0.000	1.000	3.000	0.000
63.000	7919.000	1604.090	1.000	0.000	1.000	3.000	0.000
64.000	7890.000	1603.830	1.000	0.000	1.000	3.000	0.000
64.000	7864.000	1603.170	1.000	0.000	1.000	3.000	0.000
80.000	7838.000	1603.430	1.000	0.000	1.000	3.000	0.000
64.000	7816.000	1603.300	1.000	0.000	1.000	3.000	0.000
64.000	7794.000	1603.430	1.000	0.000	1.000	3.000	0.000
64.000	7761.000	1603.430	1.000	0.000	1.000	3.000	0.000
64.000	7752.000	1603.560	1.000	0.000	1.000	3.000	0.000
64.000	7723.000	1603.690	1.000	0.000	1.000	3.000	0.000
64.000	7704.000	1603.560	1.000	0.000	1.000	3.000	0.000
64.000	7688.000	1603.560	1.000	0.000	1.000	3.000	0.000
63.000	7663.000	1603.690	1.000	0.000	1.000	3.000	0.000
64.000	7649.000	1603.690	1.000	0.000	1.000	3.000	0.000
64.000	7628.000	1603.690	1.000	0.000	1.000	3.000	0.000
64.000	7605.000	1603.830	1.000	0.000	1.000	3.000	0.000
80.000	7600.000	1603.560	1.000	0.000	1.000	3.000	0.000
64.000	7584.000	1603.690	1.000	0.000	1.000	3.000	0.000
64.000	7571.000	1603.690	1.000	0.000	1.000	3.000	0.000
64.000	7555.000	1603.830	1.000	0.000	1.000	3.000	0.000
64.000	7540.000	1603.830	1.000	0.000	1.000	3.000	0.000
63.000	7519.000	1603.690	1.000	0.000	1.000	3.000	0.000
65.000	7515.000	1603.690	1.000	0.000	1.000	3.000	0.000
63.000	7500.000	1603.690	1.000	0.000	1.000	3.000	0.000
65.000	7492.000	1603.830	1.000	0.000	1.000	3.000	0.000
64.000	7475.000	1603.690	1.000	0.000	1.000	3.000	0.000
63.000	7466.000	1603.830	1.000	0.000	1.000	3.000	0.000
80.000	7453.000	1603.830	1.000	0.000	1.000	3.000	0.000
64.000	7446.000	1603.690	1.000	0.000	1.000	3.000	0.000
64.000	7441.000	1603.690	1.000	0.000	1.000	3.000	0.000
64.000	7446.000	1603.690	1.000	0.000	1.000	3.000	0.000
64.000	7444.000	1603.830	1.000	0.000	1.000	3.000	0.000
64.000	7453.000	1603.830	1.000	0.000	1.000	3.000	0.000
64.000	7437.000	1603.830	1.000	0.000	1.000	3.000	0.000
64.000	7453.000	1603.830	1.000	0.000	1.000	3.000	0.000
64.000	7446.000	1603.830	1.000	0.000	1.000	3.000	0.000
64.000	7454.000	1603.830	1.000	0.000	1.000	3.000	0.000
63.000	7444.000	1603.830	1.000	0.000	1.000	3.000	0.000
65.000	7447.000	1603.830	1.000	0.000	1.000	3.000	0.000
79.000	7449.000	1603.830	1.000	0.000	1.000	3.000	0.000
64.000	7449.000	1603.690	1.000	0.000	1.000	3.000	0.000
65.000	7448.000	1603.960	1.000	0.000	1.000	3.000	0.000
64.000	7451.000	1603.830	1.000	0.000	1.000	3.000	0.000
63.000	7455.000	1603.830	1.000	0.000	1.000	3.000	0.000
64.000	7446.000	1603.830	1.000	0.000	1.000	3.000	0.000
64.000	7447.000	1603.830	1.000	0.000	1.000	3.000	0.000
64.000	7445.000	1603.830	1.000	0.000	1.000	3.000	0.000
64.000	7442.000	1603.830	1.000	0.000	1.000	3.000	0.000
63.000	7443.000	1603.690	1.000	0.000	1.000	3.000	0.000
64.000	7453.000	1603.690	1.000	0.000	1.000	3.000	0.000
64.000	7453.000	1603.960	1.000	0.000	1.000	3.000	0.000
80.000	7446.000	1603.830	1.000	0.000	1.000	3.000	0.000
64.000	7447.000	1603.830	1.000	0.000	1.000	3.000	0.000
64.000	7442.000	1603.830	1.000	0.000	1.000	3.000	0.000
65.000	7446.000	1603.830	1.000	0.000	1.000	3.000	0.000
63.000	7446.000	1603.960	1.000	0.000	1.000	3.000	0.000
64.000	7443.000	1603.960	1.000	0.000	1.000	3.000	0.000
64.000	7453.000	1603.960	1.000	0.000	1.000	3.000	0.000
64.000	7449.000	1603.830	1.000	0.000	1.000	3.000	0.000
64.000	7443.000	1603.960	1.000	0.000	1.000	3.000	0.000
64.000	7440.000	1603.960	1.000	0.000	1.000	3.000	0.000
64.000	7444.000	1603.830	1.000	0.000	1.000	3.000	0.000
79.000	7436.000	1603.830	1.000	0.000	1.000	3.000	0.000
65.000	7442.000	1603.830	1.000	0.000	1.000	3.000	0.000
63.000	7438.000	1603.830	1.000	0.000	1.000	3.000	0.000
64.000	7438.000	1603.960	1.000	0.000	1.000	3.000	0.000
64.000	7448.000	1603.830	1.000	0.000	1.000	3.000	0.000
65.000	7444.000	1603.830	1.000	0.000	1.000	3.000	0.000
63.000	7445.000	1604.090	1.000	0.000	1.000	3.000	0.000
64.000	7441.000	1603.960	1.000	0.000	1.000	3.000	0.000
64.000	7443.000	1603.960	1.000	0.000	1.000	3.000	0.000
63.000	7435.000	1603.960	1.000	0.000	1.000	3.000	0.000
65.000	7444.000	1603.960	1.000	0.000	1.000	3.000	0.000
63.000	7440.000	1603.960	1.000	0.000	1.000	3.000	0.000
80.000	7439.000	1603.830	1.000	0.000	1.000	3.000	0.000
64.000	7438.000	1603.960	1.000	0.000	1.000	3.000	0.000
64.000	7438.000	1603.830	1.000	0.000	1.000	3.000	0.000
64.000	7437.000	1603.830	1.000	0.000	1.000	3.000	0.000
64.000	7442.000	1603.830	1.000	0.000	1.000	3.000	0.000
64.000	7451.000	1604.090	1.000	0.000	1.000	3.000	0.000
64.000	7455.000	1603.830	1.000	0.000	1.000	3.000	0.000
64.000	7463.000	1603.960	1.000	0.000	1.000	3.000	0.000
63.000	7476.000	1603.960	1.000	0.000	1.000	3.000	0.000
65.000	7490.000	1603.830	1.000	0.000	1.000	3.000	0.000
64.000	7509.000	1603.960	1.000	0.000	1.000	3.000	0.000
64.000	7517.000	1603.830	1.000	0.000	1.000	3.000	0.000
80.000	7528.000	1603.960	1.000	0.000	1.000	3.000	0.000
64.000	7541.000	1603.960	1.000	0.000	1.000	3.000	0.000
63.000	7559.000	1603.960	1.000	0.000	1.000	3.000	0.000
65.000	7564.000	1603.960	1.000	0.000	1.000	3.000	0.000
63.000	7581.000	1603.960	1.000	0.000	1.000	3.000	0.000
65.000	7601.000	1603.960	1.000	0.000	1.000	3.000	0.000
63.000	7613.000	1603.830	1.000	0.000	1.000	3.000	0.000
64.000	7637.000	1603.960	1.000	0.000	1.000	3.000	0.000
64.000	7647.000	1603.830	1.000	0.000	1.000	3.000	0.000
64.000	7669.000	1603.830	1.000	0.000	1.000	3.000	0.000
64.000	7680.000	1603.830	1.000	0.000	1.000	3.000	0.000
80.000	7701.000	1603.960	1.000	0.000	1.000	3.000	0.000
63.000	7720.000	1603.960	1.000	0.000	1.000	3.000	0.000
65.000	7744.000	1603.960	1.000	0.000	1.000	3.000	0.000
63.000	7767.000	1603.960	1.000	0.000	1.000	3.000	0.000
64.000	7791.000	1603.960	1.000	0.000	1.000	3.000	0.000
64.000	7816.000	1603.960	1.000	0.000	1.000	3.000	0.000
64.000	7839.000	1604.220	1.000	0.000	1.000	3.000	0.000
64.000	7861.000	1605.010	1.000	0.000	1.000	3.000	0.000
64.000	7895.000	1605.790	1.000	0.000	1.000	3.000	0.000
64.000	7920.000	1606.980	1.000	0.000	1.000	3.000	0.000
64.000	7951.000	1608.030	1.000	0.000	1.000	3.000	0.000
64.000	7988.000	1609.990	1.000	0.000	1.000	3.000	0.000
80.000	8026.000	1613.010	1.000	0.000	1.000	3.000	0.000
64.000	8062.000	1617.480	1.000	0.000	1.000	3.000	0.000
64.000	8104.000	1622.990	1.000	0.000	1.000	3.000	0.000
64.000	8147.000	1629.290	1.000	0.000	1.000	3.000	0.000
64.000	8198.000	1636.770	1.000	0.000	1.000	3.000	0.000
63.000	8257.000	1644.780	1.000	0.000	1.000	3.000	0.000
64.000	8340.000	1653.700	1.000	0.000	1.000	3.000	0.000
64.000	8422.000	1663.150	1.000	0.000	1.000	3.000	0.000
64.000	8461.000	1662.630	1.000	0.000	1.000	3.000	0.000
64.000	8382.000	1649.760	1.000	0.000	1.000	3.000	0.000
64.000	8311.000	1639.530	1.000	0.000	1.000	3.000	0.000
64.000	8235.000	1630.730	1.000	0.000	1.000	3.000	0.000
80.000	8183.000	1623.120	1.000	0.000	1.000	3.000	0.000
64.000	8143.000	1616.820	1.000	0.000	1.000	3.000	0.000
64.000	8099.000	1611.440	1.000	0.000	1.000	3.000	0.000
64.000	8066.000	1607.890	1.000	0.000	1.000	3.000	0.000
64.000	8021.000	1605.790	1.000	0.000	1.000	3.000	0.000
63.000	7983.000	1604.740	1.000	0.000	1.000	3.000	0.000
64.000	7956.000	1604.220	1.000	0.000	1.000	3.000	0.000
65.000	7923.000	1604.220	1.000	0.000	1.000	3.000	0.000
63.000	7893.000	1603.960	1.000	0.000	1.000	3.000	0.000
64.000	7866.000	1603.300	1.000	0.000	1.000	3.000	0.000
64.000	7842.000	1603.300	1.000	0.000	1.000	3.000	0.000
80.000	7821.000	1603.560	1.000	0.000	1.000	3.000	0.000
64.000	7787.000	1603.430	1.000	0.000	1.000	3.000	0.000
64.000	7765.000	1603.430	1.000	0.000	1.000	3.000	0.000
63.000	7743.000	1603.560	1.000	0.000	1.000	3.000	0.000
65.000	7720.000	1603.560	1.000	0.000	1.000	3.000	0.000
64.000	7705.000	1603.560	1.000	0.000	1.000	3.000	0.000
63.000	7679.000	1603.560	1.000	0.000	1.000	3.000	0.000
64.000	7667.000	1603.560	1.000	0.000	1.000	3.000	0.000
65.000	7651.000	1603.690	1.000	0.000	1.000	3.000	0.000
63.000	7635.000	1603.560	1.000	0.000	1.000	3.000	0.000
64.000	7610.000	1603.690	1.000	0.000	1.000	3.000	0.000
65.000	7596.000	1603.690	1.000	0.000	1.000	3.000	0.000
79.000	7580.000	1603.690	1.000	0.000	1.000	3.000	0.000
64.000	7567.000	1603.690	1.000	0.000	1.000	3.000	0.000
64.000	7554.000	1603.830	1.000	0.000	1.000	3.000	0.000
64.000	7535.000	1603.690	1.000	0.000	1.000	3.000	0.000
64.000	7525.000	1603.830	1.000	0.000	1.000	3.000	0.000
64.000	7509.000	1603.690	1.000	0.000	1.000	3.000	0.000
64.000	7502.000	1603.690	1.000	0.000	1.000	3.000	0.000
63.000	7484.000	1603.690	1.000	0.000	1.000	3.000	0.000
64.000	7475.000	1603.690	1.000	0.000	1.000	3.000	0.000
64.000	7469.000	1603.830	1.000	0.000	1.000	3.000	0.000
64.000	7456.000	1603.830	1.000	0.000	1.000	3.000	0.000
64.000	7436.000	1603.830	1.000	0.000	1.000	3.000	0.000
81.000	7437.000	1603.690	1.000	0.000	1.000	3.000	0.000
63.000	7443.000	1603.830	1.000	0.000	1.000	3.000	0.000
64.000	7439.000	1603.690	1.000	0.000	1.000	3.000	0.000
64.000	7437.000	1603.690	1.000	0.000	1.000	3.000	0.000
64.000	7448.000	1603.830	1.000	0.000	1.000	3.000	0.000
64.000	7447.000	1603.690	1.000	0.000	1.000	3.000	0.000
64.000	7444.000	1603.690	1.000	0.000	1.000	3.000	0.000
64.000	7435.000	1603.830	1.000	0.000	1.000	3.000	0.000
64.000	7449.000	1603.830	1.000	0.000	1.000	3.000	0.000
64.000	7441.000	1603.690	1.000	0.000	1.000	3.000	0.000
64.000	7444.000	1603.830	1.000	0.000	1.000	3.000	0.000
63.000	7432.000	1603.830	1.000	0.000	1.000	3.000	0.000
80.000	7431.000	1603.830	1.000	0.000	1.000	3.000	0.000
65.000	7442.000	1603.830	1.000	0.000	1.000	3.000	0.000
63.000	7440.000	1603.830	1.000	0.000	1.000	3.000	0.000
64.000	7444.000	1603.830	1.000	0.000	1.000	3.000	0.000
64.000	7441.000	1603.830	1.000	0.000	1.000	3.000	0.000
64.000	7439.000	1603.830	1.000	0.000	1.000	3.000	0.000
64.000	7441.000	1603.960	1.000	0.000	1.000	3.000	0.000
64.000	7437.000	1603.830	1.000	0.000	1.000	3.000	0.000
63.000	7435.000	1603.830	1.000	0.000	1.000	3.000	0.000
65.000	7434.000	1603.830	1.000	0.000	1.000	3.000	0.000
64.000	7435.000	1603.830	1.000	0.000	1.000	3.000	0.000
80.000	7442.000	1603.830	1.000	0.000	1.000	3.000	0.000
63.000	7441.000	1603.830	1.000	0.000	1.000	3.000	0.000
64.000	7438.000	1603.830	1.000	0.000	1.000	3.000	0.000
64.000	7433.000	1603.830	1.000	0.000	1.000	3.000	0.000
64.000	7437.000	1603.830	1.000	0.000	1.000	3.000	0.000
64.000	7436.000	1603.960	1.000	0.000	1.000	3.000	0.000
64.000	7436.000	1603.830	1.000	0.000	1.000	3.000	0.000
63.000	7435.000	1603.960	1.000	0.000	1.000	3.000	0.000
65.000	7439.000	1603.960	1.000	0.000	1.000	3.000	0.000
64.000	7441.000	1603.960	1.000	0.000	1.000	3.000	0.000
64.000	7435.000	1603.960	1.000	0.000	1.000	3.000	0.000
63.000	7432.000	1603.960	1.000	0.000	1.000	3.000	0.000
81.000	7437.000	1603.960	1.000	0.000	1.000	3.000	0.000
64.000	7425.000	1603.830	1.000	0.000	1.000	3.000	0.000
63.000	7431.000	1603.830	1.000	0.000	1.000	3.000	0.000
65.000	7432.000	1603.830	1.000	0.000	1.000	3.000	0.000
63.000	7435.000	1603.960	1.000	0.000	1.000	3.000	0.000
64.000	7438.000	1603.830	1.000	0.000	1.000	3.000	0.000
64.000	7436.000	1603.960	1.000	0.000	1.000	3.000	0.000
64.000	7431.000	1603.960	1.000	0.000	1.000	3.000	0.000
64.000	7426.000	1603.960	1.000	0.000	1.000	3.000	0.000
64.000	7436.000	1603.830	1.000	0.000	1.000	3.000	0.000
64.000	7428.000	1603.960	1.000	0.000	1.000	3.000	0.000
64.000	7434.000	1603.830	1.000	0.000	1.000	3.000	0.000
80.000	7434.000	1603.960	1.000	0.000	1.000	3.000	0.000
64.000	7434.000	1603.960	1.000	0.000	1.000	3.000	0.000
64.000	7422.000	1603.960	1.000	0.000	1.000	3.000	0.000
63.000	7435.000	1603.960	1.000	0.000	1.000	3.000	0.000
65.000	7443.000	1603.960	1.000	0.000	1.000	3.000	0.000
63.000	7455.000	1604.090	1.000	0.000	1.000	3.000	0.000
64.000	7469.000	1603.960	1.000	0.000	1.000	3.000	0.000
64.000	7474.000	1603.830	1.000	0.000	1.000	3.000	0.000
64.000	7486.000	1603.830	1.000	0.000	1.000	3.000	0.000
64.000	7504.000	1603.960	1.000	0.000	1.000	3.000	0.000
64.000	7512.000	1603.960	1.000	0.000	1.000	3.000	0.000
79.000	7527.000	1603.830	1.000	0.000	1.000	3.000	0.000
65.000	7539.000	1603.960	1.000	0.000	1.000	3.000	0.000
64.000	7555.000	1603.960	1.000	0.000	1.000	3.000	0.000
64.000	7569.000	1603.960	1.000	0.000	1.000	3.000	0.000
64.000	7578.000	1604.090	1.000	0.000	1.000	3.000	0.000
63.000	7597.000	1603.960	1.000	0.000	1.000	3.000	0.000
64.000	7615.000	1604.090	1.000	0.000	1.000	3.000	0.000
64.000	7629.000	1603.960	1.000	0.000	1.000	3.000	0.000
64.000	7644.000	1604.090	1.000	0.000	1.000	3.000	0.000
64.000	7665.000	1603.960	1.000	0.000	1.000	3.000	0.000
64.000	7685.000	1603.960	1.000	0.000	1.000	3.000	0.000
64.000	7703.000	1603.960	1.000	0.000	1.000	3.000	0.000
80.000	7718.000	1604.090	1.000	0.000	1.000	3.000	0.000
64.000	7751.000	1604.090	1.000	0.000	1.000	3.000	0.000
63.000	7761.000	1604.090	1.000	0.000	1.000	3.000	0.000
64.000	7791.000	1603.830	1.000	0.000	1.000	3.000	0.000
64.000	7812.000	1603.960	1.000	0.000	1.000	3.000	0.000
65.000	7846.000	1604.610	1.000	0.000	1.000	3.000	0.000
63.000	7874.000	1605.530	1.000	0.000	1.000	3.000	0.000
64.000	7897.000	1606.320	1.000	0.000	1.000	3.000	0.000
65.000	7932.000	1607.370	1.000	0.000	1.000	3.000	0.000
63.000	7961.000	1608.680	1.000	0.000	1.000	3.000	0.000
64.000	7989.000	1611.040	1.000	0.000	1.000	3.000	0.000
64.000	8029.000	1614.720	1.000	0.000	1.000	3.000	0.000
80.000	8067.000	1619.580	1.000	0.000	1.000	3.000	0.000
64.000	8111.000	1625.610	1.000	0.000	1.000	3.000	0.000
64.000	8158.000	1632.570	1.000	0.000	1.000	3.000	0.000
63.000	8216.000	1640.050	1.000	0.000	1.000	3.000	0.000
65.000	8281.000	1648.450	1.000	0.000	1.000	3.000	0.000
64.000	8366.000	1657.510	1.000	0.000	1.000	3.000	0.000
63.000	8437.000	1663.810	1.000	0.000	1.000	3.000	0.000
64.000	8398.000	1653.570	1.000	0.000	1.000	3.000	0.000
64.000	8322.000	1642.280	1.000	0.000	1.000	3.000	0.000
64.000	8244.000	1633.230	1.000	0.000	1.000	3.000	0.000
64.000	8188.000	1625.090	1.000	0.000	1.000	3.000	0.000
80.000	8142.000	1618.530	1.000	0.000	1.000	3.000	0.000
64.000	8095.000	1612.880	1.000	0.000	1.000	3.000	0.000
63.000	8058.000	1608.550	1.000	0.000	1.000	3.000	0.000
65.000	8028.000	1606.320	1.000	0.000	1.000	3.000	0.000
64.000	7992.000	1605.010	1.000	0.000	1.000	3.000	0.000
64.000	7960.000	1604.480	1.000	0.000	1.000	3.000	0.000
64.000	7927.000	1604.090	1.000	0.000	1.000	3.000	0.000
64.000	7892.000	1604.090	1.000	0.000	1.000	3.000	0.000
64.000	7862.000	1603.430	1.000	0.000	1.000	3.000	0.000
64.000	7844.000	1603.300	1.000	0.000	1.000	3.000	0.000
63.000	7810.000	1603.430	1.000	0.000	1.000	3.000	0.000
64.000	7783.000	1603.560	1.000	0.000	1.000	3.000	0.000
80.000	7769.000	1603.430	1.000	0.000	1.000	3.000	0.000
64.000	7741.000	1603.430	1.000	0.000	1.000	3.000	0.000
64.000	7722.000	1603.430	1.000	0.000	1.000	3.000	0.000
64.000	7698.000	1603.430	1.000	0.000	1.000	3.000	0.000
64.000	7683.000	1603.690	1.000	0.000	1.000	3.000	0.000
64.000	7663.000	1603.560	1.000	0.000	1.000	3.000	0.000
64.000	7648.000	1603.690	1.000	0.000	1.000	3.000	0.000
63.000	7622.000	1603.560	1.000	0.000	1.000	3.000	0.000
65.000	7608.000	1603.690	1.000	0.000	1.000	3.000	0.000
64.000	7593.000	1603.690	1.000	0.000	1.000	3.000	0.000
63.000	7579.000	1603.690	1.000	0.000	1.000	3.000	0.000
64.000	7559.000	1603.690	1.000	0.000	1.000	3.000	0.000
80.000	7549.000	1603.830	1.000	0.000	1.000	3.000	0.000
64.000	7537.000	1603.830	1.000	0.000	1.000	3.000	0.000
65.000	7523.000	1603.690	1.000	0.000	1.000	3.000	0.000
63.000	7500.000	1603.690	1.000	0.000	1.000	3.000	0.000
64.000	7488.000	1603.690	1.000	0.000	1.000	3.000	0.000
64.000	7481.000	1603.690	1.000	0.000	1.000	3.000	0.000
64.000	7473.000	1603.830	1.000	0.000	1.000	3.000	0.000
64.000	7457.000	1603.830	1.000	0.000	1.000	3.000	0.000
63.000	7442.000	1603.830	1.000	0.000	1.000	3.000	0.000
64.000	7433.000	1603.830	1.000	0.000	1.000	3.000	0.000
65.000	7434.000	1603.830	1.000	0.000	1.000	3.000	0.000
79.000	7437.000	1603.690	1.000	0.000	1.000	3.000	0.000
65.000	7429.000	1603.830	1.000	0.000	1.000	3.000	0.000
63.000	7429.000	1603.830	1.000	0.000	1.000	3.000	0.000
64.000	7437.000	1603.690	1.000	0.000	1.000	3.000	0.000
64.000	7425.000	1603.830	1.000	0.000	1.000	3.000	0.000
64.000	7430.000	1603.830	1.000	0.000	1.000	3.000	0.000
64.000	7433.000	1603.830	1.000	0.000	1.000	3.000	0.000
64.000	7433.000	1603.830	1.000	0.000	1.000	3.000	0.000
64.000	7432.000	1603.830	1.000	0.000	1.000	3.000	0.000
63.000	7430.000	1603.830	1.000	0.000	1.000	3.000	0.000
65.000	7434.000	1603.830	1.000	0.000	1.000	3.000	0.000
64.000	7434.000	1603.830	1.000	0.000	1.000	3.000	0.000
79.000	7436.000	1603.830	1.000	0.000	1.000	3.000	0.000
64.000	7430.000	1603.830	1.000	0.000	1.000	3.000	0.000
65.000	7432.000	1603.830	1.000	0.000	1.000	3.000	0.000
63.000	7434.000	1603.830	1.000	0.000	1.000	3.000	0.000
64.000	7422.000	1603.830	1.000	0.000	1.000	3.000	0.000
64.000	7430.000	1603.960	1.000	0.000	1.000	3.000	0.000
64.000	7431.000	1603.690	1.000	0.000	1.000	3.000	0.000
64.000	7431.000	1603.830	1.000	0.000	1.000	3.000	0.000
64.000	7424.000	1603.830	1.000	0.000	1.000	3.000	0.000
64.000	7424.000	1603.960	1.000	0.000	1.000	3.000	0.000
64.000	7431.000	1603.960	1.000	0.000	1.000	3.000	0.000
64.000	7428.000	1603.830	1.000	0.000	1.000	3.000	0.000
79.000	7427.000	1603.830	1.000	0.000	1.000	3.000	0.000
64.000	7426.000	1603.960	1.000	0.000	1.000	3.000	0.000
64.000	7429.000	1603.960	1.000	0.000	1.000	3.000	0.000
65.000	7429.000	1603.960	1.000	0.000	1.000	3.000	0.000
63.000	7433.000	1603.690	1.000	0.000	1.000	3.000	0.000
64.000	7427.000	1603.830	1.000	0.000	1.000	3.000	0.000
64.000	7432.000	1603.830	1.000	0.000	1.000	3.000	0.000
64.000	7421.000	1603.960	1.000	0.000	1.000	3.000	0.000
64.000	7425.000	1603.830	1.000	0.000	1.000	3.000	0.000
63.000	7427.000	1603.960	1.000	0.000	1.000	3.000	0.000
64.000	7428.000	1603.960	1.000	0.000	1.000	3.000	0.000
80.000	7424.000	1603.960	1.000	0.000	1.000	3.000	0.000
65.000	7420.000	1603.830	1.000	0.000	1.000	3.000	0.000
63.000	7427.000	1603.960	1.000	0.000	1.000	3.000	0.000
65.000	7428.000	1603.960	1.000	0.000	1.000	3.000	0.000
64.000	7433.000	1603.830	1.000	0.000	1.000	3.000	0.000
63.000	7428.000	1603.960	1.000	0.000	1.000	3.000	0.000
64.000	7432.000	1603.960	1.000	0.000	1.000	3.000	0.000
64.000	7431.000	1603.960	1.000	0.000	1.000	3.000	0.000
64.000	7431.000	1603.830	1.000	0.000	1.000	3.000	0.000
64.000	7423.000	1603.830	1.000	0.000	1.000	3.000	0.000
63.000	7425.000	1603.960	1.000	0.000	1.000	3.000	0.000
65.000	7423.000	1603.960	1.000	0.000	1.000	3.000	0.000
79.000	7427.000	1603.960	1.000	0.000	1.000	3.000	0.000
64.000	7426.000	1603.960	1.000	0.000	1.000	3.000	0.000
64.000	7428.000	1603.960	1.000	0.000	1.000	3.000	0.000
64.000	7437.000	1603.960	1.000	0.000	1.000	3.000	0.000
64.000	7450.000	1603.960	1.000	0.000	1.000	3.000	0.000
64.000	7458.000	1603.960	1.000	0.000	1.000	3.000	0.000
64.000	7475.000	1603.960	1.000	0.000	1.000	3.000	0.000
64.000	7483.000	1603.960	1.000	0.000	1.000	3.000	0.000
64.000	7489.000	1603.830	1.000	0.000	1.000	3.000	0.000
64.000	7500.000	1603.960	1.000	0.000	1.000	3.000	0.000
64.000	7516.000	1603.960	1.000	0.000	1.000	3.000	0.000
64.000	7536.000	1603.960	1.000	0.000	1.000	3.000	0.000
80.000	7550.000	1603.960	1.000	0.000	1.000	3.000	0.000
63.000	7569.000	1603.960	1.000	0.000	1.000	3.000	0.000
64.000	7570.000	1603.960	1.000	0.000	1.000	3.000	0.000
64.000	7592.000	1603.960	1.000	0.000	1.000	3.000	0.000
64.000	7613.000	1603.960	1.000	0.000	1.000	3.000	0.000
64.000	7628.000	1603.960	1.000	0.000	1.000	3.000	0.000
64.000	7639.000	1603.960	1.000	0.000	1.000	3.000	0.000
64.000	7659.000	1603.960	1.000	0.000	1.000	3.000	0.000
64.000	7680.000	1603.960	1.000	0.000	1.000	3.000	0.000
64.000	7702.000	1603.960	1.000	0.000	1.000	3.000	0.000
64.000	7714.000	1603.960	1.000	0.000	1.000	3.000	0.000
79.000	7744.000	1603.960	1.000	0.000	1.000	3.000	0.000
65.000	7760.000	1603.830	1.000	0.000	1.000	3.000	0.000
64.000	7792.000	1603.960	1.000	0.000	1.000	3.000	0.000
64.000	7808.000	1604.090	1.000	0.000	1.000	3.000	0.000
64.000	7838.000	1604.480	1.000	0.000	1.000	3.000	0.000
63.000	7866.000	1605.530	1.000	0.000	1.000	3.000	0.000
64.000	7891.000	1606.320	1.000	0.000	1.000	3.000	0.000
64.000	7929.000	1607.370	1.000	0.000	1.000	3.000	0.000
64.000	7960.000	1608.810	1.000	0.000	1.000	3.000	0.000
64.000	7992.000	1611.180	1.000	0.000	1.000	3.000	0.000
64.000	8027.000	1614.850	1.000	0.000	1.000	3.000	0.000
64.000	8063.000	1619.710	1.000	0.000	1.000	3.000	0.000
79.000	8115.000	1625.880	1.000	0.000	1.000	3.000	0.000
65.000	8153.000	1632.830	1.000	0.000	1.000	3.000	0.000
64.000	8206.000	1640.310	1.000	0.000	1.000	3.000	0.000
64.000	8280.000	1648.710	1.000	0.000	1.000	3.000	0.000
63.000	8361.000	1657.770	1.000	0.000	1.000	3.000	0.000
64.000	8436.000	1663.940	1.000	0.000	1.000	3.000	0.000
64.000	8389.000	1653.570	1.000	0.000	1.000	3.000	0.000
64.000	8316.000	1642.280	1.000	0.000	1.000	3.000	0.000
64.000	8239.000	1633.230	1.000	0.000	1.000	3.000	0.000
64.000	8182.000	1625.220	1.000	0.000	1.000	3.000	0.000
64.000	8138.000	1618.660	1.000	0.000	1.000	3.000	0.000
64.000	8092.000	1612.880	1.000	0.000	1.000	3.000	0.000
80.000	8052.000	1608.680	1.000	0.000	1.000	3.000	0.000
64.000	8013.000	1606.320	1.000	0.000	1.000	3.000	0.000
64.000	7980.000	1605.010	1.000	0.000	1.000	3.000	0.000
64.000	7946.000	1604.350	1.000	0.000	1.000	3.000	0.000
63.000	7917.000	1604.090	1.000	0.000	1.000	3.000	0.000
64.000	7885.000	1603.960	1.000	0.000	1.000	3.000	0.000
64.000	7859.000	1603.690	1.000	0.000	1.000	3.000	0.000
64.000	7839.000	1603.170	1.000	0.000	1.000	3.000	0.000
64.000	7805.000	1603.300	1.000	0.000	1.000	3.000	0.000
64.000	7786.000	1603.430	1.000	0.000	1.000	3.000	0.000
64.000	7763.000	1603.430	1.000	0.000	1.000	3.000	0.000
80.000	7738.000	1603.430	1.000	0.000	1.000	3.000	0.000
64.000	7718.000	1603.560	1.000	0.000	1.000	3.000	0.000
63.000	7691.000	1603.560	1.000	0.000	1.000	3.000	0.000
65.000	7673.000	1603.560	1.000	0.000	1.000	3.000	0.000
64.000	7660.000	1603.690	1.000	0.000	1.000	3.000	0.000
66.000	7640.000	1603.690	1.000	0.000	1.000	3.000	0.000
61.000	7630.000	1603.690	1.000	0.000	1.000	3.000	0.000
65.000	7600.000	1603.560	1.000	0.000	1.000	3.000	0.000
64.000	7586.000	1603.690	1.000	0.000	1.000	3.000	0.000
63.000	7581.000	1603.560	1.000	0.000	1.000	3.000	0.000
64.000	7556.000	1603.690	1.000	0.000	1.000	3.000	0.000
64.000	7537.000	1603.690	1.000	0.000	1.000	3.000	0.000
80.000	7534.000	1603.690	1.000	0.000	1.000	3.000	0.000
64.000	7518.000	1603.690	1.000	0.000	1.000	3.000	0.000
64.000	7499.000	1603.830	1.000	0.000	1.000	3.000	0.000
64.000	7486.000	1603.690	1.000	0.000	1.000	3.000	0.000
63.000	7476.000	1603.690	1.000	0.000	1.000	3.000	0.000
64.000	7462.000	1603.690	1.000	0.000	1.000	3.000	0.000
64.000	7453.000	1603.830	1.000	0.000	1.000	3.000	0.000
65.000	7436.000	1603.690	1.000	0.000	1.000	3.000	0.000
63.000	7431.000	1603.830	1.000	0.000	1.000	3.000	0.000
64.000	7420.000	1603.830	1.000	0.000	1.000	3.000	0.000
64.000	7422.000	1603.690	1.000	0.000	1.000	3.000	0.000
64.000	7432.000	1603.830	1.000	0.000	1.000	3.000	0.000
80.000	7424.000	1603.830	1.000	0.000	1.000	3.000	0.000
64.000	7432.000	1603.690	1.000	0.000	1.000	3.000	0.000
64.000	7422.000	1603.830	1.000	0.000	1.000	3.000	0.000
64.000	7425.000	1603.690	1.000	0.000	1.000	3.000	0.000
64.000	7433.000	1603.830	1.000	0.000	1.000	3.000	0.000
63.000	7429.000	1603.830	1.000	0.000	1.000	3.000	0.000
64.000	7431.000	1603.830	1.000	0.000	1.000	3.000	0.000
65.000	7432.000	1603.830	1.000	0.000	1.000	3.000	0.000
63.000	7434.000	1603.830	1.000	0.000	1.000	3.000	0.000
65.000	7427.000	1603.830	1.000	0.000	1.000	3.000	0.000
64.000	7432.000	1603.830	1.000	0.000	1.000	3.000	0.000
79.000	7430.000	1603.830	1.000	0.000	1.000	3.000	0.000
65.000	7426.000	1603.830	1.000	0.000	1.000	3.000	0.000
63.000	7426.000	1603.690	1.000	0.000	1.000	3.000	0.000
64.000	7421.000	1603.830	1.000	0.000	1.000	3.000	0.000
64.000	7426.000	1603.830	1.000	0.000	1.000	3.000	0.000
64.000	7428.000	1603.690	1.000	0.000	1.000	3.000	0.000
63.000	7421.000	1603.830	1.000	0.000	1.000	3.000	0.000
64.000	7423.000	1603.960	1.000	0.000	1.000	3.000	0.000
65.000	7425.000	1603.830	1.000	0.000	1.000	3.000	0.000
64.000	7417.000	1603.830	1.000	0.000	1.000	3.000	0.000
63.000	7417.000	1603.830	1.000	0.000	1.000	3.000	0.000
64.000	7428.000	1603.960	1.000	0.000	1.000	3.000	0.000
81.000	7428.000	1603.830	1.000	0.000	1.000	3.000	0.000
63.000	7427.000	1603.830	1.000	0.000	1.000	3.000	0.000
64.000	7425.000	1603.960	1.000	0.000	1.000	3.000	0.000
64.000	7427.000	1603.830	1.000	0.000	1.000	3.000	0.000
64.000	7422.000	1603.960	1.000	0.000	1.000	3.000	0.000
65.000	7427.000	1603.830	1.000	0.000	1.000	3.000	0.000
63.000	7422.000	1603.830	1.000	0.000	1.000	3.000	0.000
64.000	7422.000	1603.960	1.000	0.000	1.000	3.000	0.000
63.000	7425.000	1603.830	1.000	0.000	1.000	3.000	0.000
65.000	7425.000	1603.960	1.000	0.000	1.000	3.000	0.000
64.000	7419.000	1603.830	1.000	0.000	1.000	3.000	0.000
64.000	7419.000	1603.830	1.000	0.000	1.000	3.000	0.000
79.000	7424.000	1603.830	1.000	0.000	1.000	3.000	0.000
64.000	7425.000	1603.830	1.000	0.000	1.000	3.000	0.000
64.000	7418.000	1603.960	1.000	0.000	1.000	3.000	0.000
64.000	7421.000	1603.830	1.000	0.000	1.000	3.000	0.000
64.000	7422.000	1604.090	1.000	0.000	1.000	3.000	0.000
64.000	7414.000	1603.830	1.000	0.000	1.000	3.000	0.000
64.000	7432.000	1603.960	1.000	0.000	1.000	3.000	0.000
64.000	7425.000	1603.960	1.000	0.000	1.000	3.000	0.000
64.000	7425.000	1603.960	1.000	0.000	1.000	3.000	0.000
64.000	7416.000	1603.960	1.000	0.000	1.000	3.000	0.000
63.000	7421.000	1603.960	1.000	0.000	1.000	3.000	0.000
65.000	7416.000	1603.830	1.000	0.000	1.000	3.000	0.000
80.000	7425.000	1603.960	1.000	0.000	1.000	3.000	0.000
63.000	7431.000	1603.690	1.000	0.000	1.000	3.000	0.000
64.000	7434.000	1603.830	1.000	0.000	1.000	3.000	0.000
64.000	7450.000	1603.830	1.000	0.000	1.000	3.000	0.000
64.000	7454.000	1604.090	1.000	0.000	1.000	3.000	0.000
64.000	7477.000	1603.830	1.000	0.000	1.000	3.000	0.000
64.000	7486.000	1603.960	1.000	0.000	1.000	3.000	0.000
64.000	7498.000	1603.960	1.000	0.000	1.000	3.000	0.000
63.000	7508.000	1603.830	1.000	0.000	1.000	3.000	0.000
64.000	7524.000	1603.830	1.000	0.000	1.000	3.000	0.000
65.000	7533.000	1603.960	1.000	0.000	1.000	3.000	0.000
79.000	7553.000	1603.960	1.000	0.000	1.000	3.000	0.000
64.000	7564.000	1603.960	1.000	0.000	1.000	3.000	0.000
64.000	7581.000	1603.960	1.000	0.000	1.000	3.000	0.000
65.000	7597.000	1603.960	1.000	0.000	1.000	3.000	0.000
63.000	7620.000	1604.090	1.000	0.000	1.000	3.000	0.000
64.000	7630.000	1603.960	1.000	0.000	1.000	3.000	0.000
65.000	7653.000	1603.830	1.000	0.000	1.000	3.000	0.000
63.000	7670.000	1603.960	1.000	0.000	1.000	3.000	0.000
64.000	7690.000	1603.960	1.000	0.000	1.000	3.000	0.000
63.000	7710.000	1603.960	1.000	0.000	1.000	3.000	0.000
65.000	7732.000	1603.960	1.000	0.000	1.000	3.000	0.000
64.000	7751.000	1603.960	1.000	0.000	1.000	3.000	0.000
79.000	7770.000	1603.830	1.000	0.000	1.000	3.000	0.000
64.000	7795.000	1603.960	1.000	0.000	1.000	3.000	0.000
65.000	7825.000	1604.350	1.000	0.000	1.000	3.000	0.000
64.000	7847.000	1605.140	1.000	0.000	1.000	3.000	0.000
63.000	7876.000	1606.060	1.000	0.000	1.000	3.000	0.000
64.000	7909.000	1606.840	1.000	0.000	1.000	3.000	0.000
64.000	7934.000	1608.030	1.000	0.000	1.000	3.000	0.000
64.000	7969.000	1610.130	1.000	0.000	1.000	3.000	0.000
64.000	8004.000	1613.010	1.000	0.000	1.000	3.000	0.000
64.000	8040.000	1617.610	1.000	0.000	1.000	3.000	0.000
63.000	8088.000	1623.250	1.000	0.000	1.000	3.000	0.000
80.000	8127.000	1629.680	1.000	0.000	1.000	3.000	0.000
65.000	8182.000	1637.030	1.000	0.000	1.000	3.000	0.000
63.000	8245.000	1645.040	1.000	0.000	1.000	3.000	0.000
64.000	8322.000	1653.960	1.000	0.000	1.000	3.000	0.000
64.000	8412.000	1663.410	1.000	0.000	1.000	3.000	0.000
65.000	8422.000	1659.080	1.000	0.000	1.000	3.000	0.000
63.000	8337.000	1646.610	1.000	0.000	1.000	3.000	0.000
64.000	8265.000	1636.640	1.000	0.000	1.000	3.000	0.000
64.000	8195.000	1628.500	1.000	0.000	1.000	3.000	0.000
64.000	8152.000	1621.150	1.000	0.000	1.000	3.000	0.000
64.000	8103.000	1614.980	1.000	0.000	1.000	3.000	0.000
64.000	8063.000	1610.260	1.000	0.000	1.000	3.000	0.000
79.000	8028.000	1606.980	1.000	0.000	1.000	3.000	0.000
65.000	7995.000	1605.270	1.000	0.000	1.000	3.000	0.000
64.000	7961.000	1604.740	1.000	0.000	1.000	3.000	0.000
63.000	7932.000	1604.090	1.000	0.000	1.000	3.000	0.000
65.000	7903.000	1604.090	1.000	0.000	1.000	3.000	0.000
63.000	7873.000	1603.830	1.000	0.000	1.000	3.000	0.000
64.000	7842.000	1603.300	1.000	0.000	1.000	3.000	0.000
64.000	7820.000	1603.430	1.000	0.000	1.000	3.000	0.000
64.000	7784.000	1603.430	1.000	0.000	1.000	3.000	0.000
64.000	7763.000	1603.430	1.000	0.000	1.000	3.000	0.000
64.000	7744.000	1603.430	1.000	0.000	1.000	3.000	0.000
64.000	7719.000	1603.560	1.000	0.000	1.000	3.000	0.000
80.000	7698.000	1603.690	1.000	0.000	1.000	3.000	0.000
64.000	7688.000	1603.560	1.000	0.000	1.000	3.000	0.000
64.000	7657.000	1603.560	1.000	0.000	1.000	3.000	0.000
64.000	7641.000	1603.690	1.000	0.000	1.000	3.000	0.000
64.000	7622.000	1603.690	1.000	0.000	1.000	3.000	0.000
63.000	7612.000	1603.560	1.000	0.000	1.000	3.000	0.000
64.000	7592.000	1603.690	1.000	0.000	1.000	3.000	0.000
65.000	7578.000	1603.690	1.000	0.000	1.000	3.000	0.000
63.000	7560.000	1603.690	1.000	0.000	1.000	3.000	0.000
64.000	7544.000	1603.560	1.000	0.000	1.000	3.000	0.000
64.000	7533.000	1603.690	1.000	0.000	1.000	3.000	0.000
64.000	7521.000	1603.690	1.000	0.000	1.000	3.000	0.000
80.000	7500.000	1603.690	1.000	0.000	1.000	3.000	0.000
63.000	7487.000	1603.830	1.000	0.000	1.000	3.000	0.000
64.000	7475.000	1603.830	1.000	0.000	1.000	3.000	0.000
65.000	7470.000	1603.830	1.000	0.000	1.000	3.000	0.000
63.000	7456.000	1603.690	1.000	0.000	1.000	3.000	0.000
65.000	7446.000	1603.830	1.000	0.000	1.000	3.000	0.000
63.000	7433.000	1603.830	1.000	0.000	1.000	3.000	0.000
64.000	7423.000	1603.560	1.000	0.000	1.000	3.000	0.000
65.000	7426.000	1603.830	1.000	0.000	1.000	3.000	0.000
63.000	7430.000	1603.690	1.000	0.000	1.000	3.000	0.000
64.000	7426.000	1603.830	1.000	0.000	1.000	3.000	0.000
80.000	7429.000	1603.830	1.000	0.000	1.000	3.000	0.000
64.000	7423.000	1603.830	1.000	0.000	1.000	3.000	0.000
63.000	7426.000	1603.830	1.000	0.000	1.000	3.000	0.000
65.000	7428.000	1603.830	1.000	0.000	1.000	3.000	0.000
63.000	7416.000	1603.830	1.000	0.000	1.000	3.000	0.000
64.000	7422.000	1603.690	1.000	0.000	1.000	3.000	0.000
64.000	7423.000	1603.690	1.000	0.000	1.000	3.000	0.000
64.000	7419.000	1603.960	1.000	0.000	1.000	3.000	0.000
64.000	7420.000	1603.830	1.000	0.000	1.000	3.000	0.000
64.000	7421.000	1603.830	1.000	0.000	1.000	3.000	0.000
64.000	7419.000	1603.830	1.000	0.000	1.000	3.000	0.000
64.000	7421.000	1603.830	1.000	0.000	1.000	3.000	0.000
80.000	7427.000	1603.960	1.000	0.000	1.000	3.000	0.000
64.000	7424.000	1603.830	1.000	0.000	1.000	3.000	0.000
64.000	7422.000	1603.830	1.000	0.000	1.000	3.000	0.000
63.000	7428.000	1603.830	1.000	0.000	1.000	3.000	0.000
65.000	7421.000	1603.960	1.000	0.000	1.000	3.000	0.000
63.000	7414.000	1603.830	1.000	0.000	1.000	3.000	0.000
65.000	7419.000	1603.830	1.000	0.000	1.000	3.000	0.000
63.000	7419.000	1603.830	1.000	0.000	1.000	3.000	0.000
64.000	7413.000	1603.960	1.000	0.000	1.000	3.000	0.000
64.000	7420.000	1603.830	1.000	0.000	1.000	3.000	0.000
64.000	7416.000	1603.830	1.000	0.000	1.000	3.000	0.000
64.000	7420.000	1603.830	1.000	0.000	1.000	3.000	0.000
80.000	7425.000	1603.960	1.000	0.000	1.000	3.000	0.000
64.000	7426.000	1603.960	1.000	0.000	1.000	3.000	0.000
65.000	7421.000	1603.830	1.000	0.000	1.000	3.000	0.000
63.000	7421.000	1603.960	1.000	0.000	1.000	3.000	0.000
64.000	7421.000	1603.830	1.000	0.000	1.000	3.000	0.000
64.000	7422.000	1603.960	1.000	0.000	1.000	3.000	0.000
63.000	7418.000	1603.830	1.000	0.000	1.000	3.000	0.000
65.000	7421.000	1603.830	1.000	0.000	1.000	3.000	0.000
64.000	7416.000	1603.830	1.000	0.000	1.000	3.000	0.000
64.000	7418.000	1603.960	1.000	0.000	1.000	3.000	0.000
64.000	7418.000	1603.830	1.000	0.000	1.000	3.000	0.000
79.000	7417.000	1603.960	1.000	0.000	1.000	3.000	0.000
64.000	7415.000	1603.830	1.000	0.000	1.000	3.000	0.000
64.000	7418.000	1603.960	1.000	0.000	1.000	3.000	0.000
64.000	7418.000	1603.960	1.000	0.000	1.000	3.000	0.000
64.000	7419.000	1603.960	1.000	0.000	1.000	3.000	0.000
64.000	7415.000	1603.960	1.000	0.000	1.000	3.000	0.000
64.000	7416.000	1603.960	1.000	0.000	1.000	3.000	0.000
64.000	7417.000	1603.830	1.000	0.000	1.000	3.000	0.000
64.000	7420.000	1603.960	1.000	0.000	1.000	3.000	0.000
64.000	7415.000	1603.830	1.000	0.000	1.000	3.000	0.000
63.000	7418.000	1603.830	1.000	0.000	1.000	3.000	0.000
64.000	7413.000	1603.960	1.000	0.000	1.000	3.000	0.000
81.000	7432.000	1603.830	1.000	0.000	1.000	3.000	0.000
64.000	7438.000	1603.960	1.000	0.000	1.000	3.000	0.000
63.000	7448.000	1603.960	1.000	0.000	1.000	3.000	0.000
65.000	7463.000	1603.830	1.000	0.000	1.000	3.000	0.000
64.000	7476.000	1603.960	1.000	0.000	1.000	3.000	0.000
63.000	7482.000	1603.960	1.000	0.000	1.000	3.000	0.000
64.000	7495.000	1603.960	1.000	0.000	1.000	3.000	0.000
64.000	7511.000	1603.830	1.000	0.000	1.000	3.000	0.000
64.000	7525.000	1603.960	1.000	0.000	1.000	3.000	0.000
63.000	7535.000	1604.090	1.000	0.000	1.000	3.000	0.000
64.000	7549.000	1603.960	1.000	0.000	1.000	3.000	0.000
64.000	7557.000	1603.960	1.000	0.000	1.000	3.000	0.000
80.000	7577.000	1603.960	1.000	0.000	1.000	3.000	0.000
65.000	7597.000	1603.960	1.000	0.000	1.000	3.000	0.000
63.000	7613.000	1603.960	1.000	0.000	1.000	3.000	0.000
64.000	7631.000	1603.960	1.000	0.000	1.000	3.000	0.000
64.000	7654.000	1603.960	1.000	0.000	1.000	3.000	0.000
64.000	7667.000	1603.960	1.000	0.000	1.000	3.000	0.000
64.000	7691.000	1603.960	1.000	0.000	1.000	3.000	0.000
64.000	7709.000	1603.960	1.000	0.000	1.000	3.000	0.000
64.000	7731.000	1603.960	1.000	0.000	1.000	3.000	0.000
64.000	7749.000	1603.960	1.000	0.000	1.000	3.000	0.000
64.000	7774.000	1603.960	1.000	0.000	1.000	3.000	0.000
80.000	7796.000	1604.090	1.000	0.000	1.000	3.000	0.000
63.000	7816.000	1604.480	1.000	0.000	1.000	3.000	0.000
64.000	7852.000	1605.270	1.000	0.000	1.000	3.000	0.000
64.000	7883.000	1606.190	1.000	0.000	1.000	3.000	0.000
64.000	7907.000	1606.980	1.000	0.000	1.000	3.000	0.000
64.000	7941.000	1608.420	1.000	0.000	1.000	3.000	0.000
64.000	7968.000	1610.520	1.000	0.000	1.000	3.000	0.000
64.000	8008.000	1613.800	1.000	0.000	1.000	3.000	0.000
64.000	8052.000	1618.390	1.000	0.000	1.000	3.000	0.000
64.000	8090.000	1624.170	1.000	0.000	1.000	3.000	0.000
64.000	8132.000	1630.990	1.000	0.000	1.000	3.000	0.000
64.000	8190.000	1638.340	1.000	0.000	1.000	3.000	0.000
79.000	8252.000	1646.610	1.000	0.000	1.000	3.000	0.000
64.000	8332.000	1655.410	1.000	0.000	1.000	3.000	0.000
64.000	8415.000	1663.810	1.000	0.000	1.000	3.000	0.000
64.000	8405.000	1656.190	1.000	0.000	1.000	3.000	0.000
64.000	8326.000	1644.380	1.000	0.000	1.000	3.000	0.000
64.000	8247.000	1634.930	1.000	0.000	1.000	3.000	0.000
64.000	8181.000	1626.660	1.000	0.000	1.000	3.000	0.000
64.000	8139.000	1619.710	1.000	0.000	1.000	3.000	0.000
64.000	8094.000	1613.930	1.000	0.000	1.000	3.000	0.000
64.000	8054.000	1609.210	1.000	0.000	1.000	3.000	0.000
64.000	8021.000	1606.580	1.000	0.000	1.000	3.000	0.000
64.000	7984.000	1605.270	1.000	0.000	1.000	3.000	0.000
80.000	7952.000	1604.480	1.000	0.000	1.000	3.000	0.000
63.000	7915.000	1604.090	1.000	0.000	1.000	3.000	0.000
64.000	7885.000	1603.830	1.000	0.000	1.000	3.000	0.000
65.000	7856.000	1603.690	1.000	0.000	1.000	3.000	0.000
63.000	7837.000	1603.300	1.000	0.000	1.000	3.000	0.000
64.000	7812.000	1603.430	1.000	0.000	1.000	3.000	0.000
64.000	7783.000	1603.430	1.000	0.000	1.000	3.000	0.000
64.000	7753.000	1603.430	1.000	0.000	1.000	3.000	0.000
64.000	7737.000	1603.430	1.000	0.000	1.000	3.000	0.000
64.000	7716.000	1603.560	1.000	0.000	1.000	3.000	0.000
64.000	7695.000	1603.560	1.000	0.000	1.000	3.000	0.000
80.000	7673.000	1603.560	1.000	0.000	1.000	3.000	0.000
64.000	7655.000	1603.560	1.000	0.000	1.000	3.000	0.000
63.000	7645.000	1603.690	1.000	0.000	1.000	3.000	0.000
64.000	7617.000	1603.690	1.000	0.000	1.000	3.000	0.000
65.000	7609.000	1603.690	1.000	0.000	1.000	3.000	0.000
63.000	7589.000	1603.690	1.000	0.000	1.000	3.000	0.000
64.000	7569.000	1603.690	1.000	0.000	1.000	3.000	0.000
64.000	7557.000	1603.690	1.000	0.000	1.000	3.000	0.000
64.000	7549.000	1603.690	1.000	0.000	1.000	3.000	0.000
64.000	7531.000	1603.690	1.000	0.000	1.000	3.000	0.000
64.000	7509.000	1603.830	1.000	0.000	1.000	3.000	0.000
64.000	7502.000	1603.560	1.000	0.000	1.000	3.000	0.000
80.000	7487.000	1603.690	1.000	0.000	1.000	3.000	0.000
64.000	7476.000	1603.830	1.000	0.000	1.000	3.000	0.000
64.000	7464.000	1603.690	1.000	0.000	1.000	3.000	0.000
64.000	7454.000	1603.690	1.000	0.000	1.000	3.000	0.000
63.000	7441.000	1603.690	1.000	0.000	1.000	3.000	0.000
64.000	7437.000	1603.830	1.000	0.000	1.000	3.000	0.000
64.000	7428.000	1603.830	1.000	0.000	1.000	3.000	0.000
64.000	7422.000	1603.830	1.000	0.000	1.000	3.000	0.000
64.000	7427.000	1603.690	1.000	0.000	1.000	3.000	0.000
64.000	7420.000	1603.690	1.000	0.000	1.000	3.000	0.000
64.000	7422.000	1603.830	1.000	0.000	1.000	3.000	0.000
64.000	7422.000	1603.830	1.000	0.000	1.000	3.000	0.000
80.000	7420.000	1603.830	1.000	0.000	1.000	3.000	0.000
63.000	7427.000	1603.830	1.000	0.000	1.000	3.000	0.000
64.000	7424.000	1603.830	1.000	0.000	1.000	3.000	0.000
65.000	7426.000	1603.830	1.000	0.000	1.000	3.000	0.000
64.000	7424.000	1603.830	1.000	0.000	1.000	3.000	0.000
63.000	7428.000	1603.690	1.000	0.000	1.000	3.000	0.000
64.000	7416.000	1603.830	1.000	0.000	1.000	3.000	0.000
64.000	7417.000	1603.830	1.000	0.000	1.000	3.000	0.000
64.000	7429.000	1603.830	1.000	0.000	1.000	3.000	0.000
64.000	7420.000	1603.830	1.000	0.000	1.000	3.000	0.000
64.000	7421.000	1603.960	1.000	0.000	1.000	3.000	0.000
80.000	7420.000	1603.830	1.000	0.000	1.000	3.000	0.000
64.000	7425.000	1603.830	1.000	0.000	1.000	3.000	0.000
64.000	7420.000	1603.830	1.000	0.000	1.000	3.000	0.000
63.000	7417.000	1603.830	1.000	0.000	1.000	3.000	0.000
64.000	7424.000	1603.690	1.000	0.000	1.000	3.000	0.000
65.000	7415.000	1603.830	1.000	0.000	1.000	3.000	0.000
63.000	7423.000	1603.690	1.000	0.000	1.000	3.000	0.000
65.000	7419.000	1603.830	1.000	0.000	1.000	3.000	0.000
63.000	7420.000	1603.830	1.000	0.000	1.000	3.000	0.000
64.000	7416.000	1603.830	1.000	0.000	1.000	3.000	0.000
64.000	7418.000	1603.830	1.000	0.000	1.000	3.000	0.000
64.000	7418.000	1603.960	1.000	0.000	1.000	3.000	0.000
80.000	7414.000	1603.960	1.000	0.000	1.000	3.000	0.000
64.000	7410.000	1603.830	1.000	0.000	1.000	3.000	0.000
64.000	7419.000	1603.830	1.000	0.000	1.000	3.000	0.000
64.000	7418.000	1603.830	1.000	0.000	1.000	3.000	0.000
64.000	7418.000	1603.830	1.000	0.000	1.000	3.000	0.000
64.000	7416.000	1603.830	1.000	0.000	1.000	3.000	0.000
64.000	7418.000	1603.830	1.000	0.000	1.000	3.000	0.000
64.000	7415.000	1603.960	1.000	0.000	1.000	3.000	0.000
63.000	7422.000	1603.960	1.000	0.000	1.000	3.000	0.000
64.000	7420.000	1603.960	1.000	0.000	1.000	3.000	0.000
64.000	7418.000	1603.830	1.000	0.000	1.000	3.000	0.000
64.000	7419.000	1603.830	1.000	0.000	1.000	3.000	0.000
80.000	7420.000	1603.960	1.000	0.000	1.000	3.000	0.000
64.000	7414.000	1603.830	1.000	0.000	1.000	3.000	0.000
64.000	7417.000	1603.960	1.000	0.000	1.000	3.000	0.000
64.000	7421.000	1603.960	1.000	0.000	1.000	3.000	0.000
63.000	7410.000	1603.960	1.000	0.000	1.000	3.000	0.000
65.000	7413.000	1603.960	1.000	0.000	1.000	3.000	0.000
64.000	7411.000	1603.830	1.000	0.000	1.000	3.000	0.000
64.000	7417.000	1603.830	1.000	0.000	1.000	3.000	0.000
64.000	7413.000	1604.090	1.000	0.000	1.000	3.000	0.000
64.000	7415.000	1603.960	1.000	0.000	1.000	3.000	0.000
63.000	7432.000	1603.830	1.000	0.000	1.000	3.000	0.000
80.000	7445.000	1603.960	1.000	0.000	1.000	3.000	0.000
64.000	7449.000	1603.960	1.000	0.000	1.000	3.000	0.000
64.000	7460.000	1603.960	1.000	0.000	1.000	3.000	0.000
65.000	7471.000	1603.960	1.000	0.000	1.000	3.000	0.000
63.000	7486.000	1603.830	1.000	0.000	1.000	3.000	0.000
63.000	7497.000	1603.960	1.000	0.000	1.000	3.000	0.000
65.000	7511.000	1603.830	1.000	0.000	1.000	3.000	0.000
64.000	7533.000	1603.960	1.000	0.000	1.000	3.000	0.000
64.000	7536.000	1603.830	1.000	0.000	1.000	3.000	0.000
64.000	7548.000	1603.830	1.000	0.000	1.000	3.000	0.000
63.000	7566.000	1603.960	1.000	0.000	1.000	3.000	0.000
65.000	7583.000	1603.960	1.000	0.000	1.000	3.000	0.000
79.000	7597.000	1603.830	1.000	0.000	1.000	3.000	0.000
64.000	7617.000	1603.960	1.000	0.000	1.000	3.000	0.000
64.000	7636.000	1603.960	1.000	0.000	1.000	3.000	0.000
64.000	7644.000	1603.960	1.000	0.000	1.000	3.000	0.000
65.000	7670.000	1603.960	1.000	0.000	1.000	3.000	0.000
63.000	7692.000	1603.960	1.000	0.000	1.000	3.000	0.000
64.000	7713.000	1603.960	1.000	0.000	1.000	3.000	0.000
63.000	7736.000	1603.960	1.000	0.000	1.000	3.000	0.000
65.000	7747.000	1603.830	1.000	0.000	1.000	3.000	0.000
64.000	7778.000	1603.960	1.000	0.000	1.000	3.000	0.000
63.000	7801.000	1603.960	1.000	0.000	1.000	3.000	0.000
65.000	7833.000	1604.610	1.000	0.000	1.000	3.000	0.000
79.000	7853.000	1605.400	1.000	0.000	1.000	3.000	0.000
64.000	7886.000	1606.320	1.000	0.000	1.000	3.000	0.000
64.000	7911.000	1607.370	1.000	0.000	1.000	3.000	0.000
65.000	7944.000	1608.680	1.000	0.000	1.000	3.000	0.000
63.000	7977.000	1611.180	1.000	0.000	1.000	3.000	0.000
64.000	8014.000	1614.720	1.000	0.000	1.000	3.000	0.000
64.000	8051.000	1619.710	1.000	0.000	1.000	3.000	0.000
64.000	8092.000	1625.610	1.000	0.000	1.000	3.000	0.000
64.000	8140.000	1632.570	1.000	0.000	1.000	3.000	0.000
64.000	8198.000	1640.180	1.000	0.000	1.000	3.000	0.000
64.000	8263.000	1648.450	1.000	0.000	1.000	3.000	0.000
80.000	8350.000	1657.640	1.000	0.000	1.000	3.000	0.000
63.000	8420.000	1664.070	1.000	0.000	1.000	3.000	0.000
64.000	8386.000	1654.230	1.000	0.000	1.000	3.000	0.000
64.000	8306.000	1642.680	1.000	0.000	1.000	3.000	0.000
64.000	8225.000	1633.620	1.000	0.000	1.000	3.000	0.000
64.000	8175.000	1625.480	1.000	0.000	1.000	3.000	0.000
64.000	8131.000	1618.660	1.000	0.000	1.000	3.000	0.000
64.000	8090.000	1613.140	1.000	0.000	1.000	3.000	0.000
64.000	8050.000	1608.810	1.000	0.000	1.000	3.000	0.000
64.000	8013.000	1606.320	1.000	0.000	1.000	3.000	0.000
64.000	7975.000	1605.270	1.000	0.000	1.000	3.000	0.000
63.000	7947.000	1604.350	1.000	0.000	1.000	3.000	0.000
81.000	7910.000	1604.090	1.000	0.000	1.000	3.000	0.000
64.000	7879.000	1603.960	1.000	0.000	1.000	3.000	0.000
64.000	7852.000	1603.430	1.000	0.000	1.000	3.000	0.000
63.000	7823.000	1603.170	1.000	0.000	1.000	3.000	0.000
64.000	7799.000	1603.300	1.000	0.000	1.000	3.000	0.000
64.000	7777.000	1603.300	1.000	0.000	1.000	3.000	0.000
64.000	7758.000	1603.430	1.000	0.000	1.000	3.000	0.000
64.000	7737.000	1603.560	1.000	0.000	1.000	3.000	0.000
64.000	7710.000	1603.430	1.000	0.000	1.000	3.000	0.000
64.000	7682.000	1603.430	1.000	0.000	1.000	3.000	0.000
64.000	7668.000	1603.560	1.000	0.000	1.000	3.000	0.000
63.000	7648.000	1603.690	1.000	0.000	1.000	3.000	0.000
81.000	7639.000	1603.560	1.000	0.000	1.000	3.000	0.000
64.000	7619.000	1603.560	1.000	0.000	1.000	3.000	0.000
64.000	7593.000	1603.690	1.000	0.000	1.000	3.000	0.000
64.000	7581.000	1603.690	1.000	0.000	1.000	3.000	0.000
63.000	7570.000	1603.690	1.000	0.000	1.000	3.000	0.000
64.000	7552.000	1603.830	1.000	0.000	1.000	3.000	0.000
65.000	7534.000	1603.560	1.000	0.000	1.000	3.000	0.000
63.000	7528.000	1603.690	1.000	0.000	1.000	3.000	0.000
64.000	7512.000	1603.830	1.000	0.000	1.000	3.000	0.000
64.000	7494.000	1603.830	1.000	0.000	1.000	3.000	0.000
64.000	7481.000	1603.690	1.000	0.000	1.000	3.000	0.000
79.000	7470.000	1603.690	1.000	0.000	1.000	3.000	0.000
65.000	7461.000	1603.690	1.000	0.000	1.000	3.000	0.000
64.000	7444.000	1603.830	1.000	0.000	1.000	3.000	0.000
64.000	7438.000	1603.690	1.000	0.000	1.000	3.000	0.000
63.000	7426.000	1603.690	1.000	0.000	1.000	3.000	0.000
65.000	7419.000	1603.830	1.000	0.000	1.000	3.000	0.000
63.000	7411.000	1603.830	1.000	0.000	1.000	3.000	0.000
64.000	7420.000	1603.690	1.000	0.000	1.000	3.000	0.000
64.000	7421.000	1603.830	1.000	0.000	1.000	3.000	0.000
64.000	7419.000	1603.830	1.000	0.000	1.000	3.000	0.000
64.000	7418.000	1603.830	1.000	0.000	1.000	3.000	0.000
64.000	7413.000	1603.690	1.000	0.000	1.000	3.000	0.000
79.000	7425.000	1603.830	1.000	0.000	1.000	3.000	0.000
65.000	7420.000	1603.690	1.000	0.000	1.000	3.000	0.000
63.000	7424.000	1603.830	1.000	0.000	1.000	3.000	0.000
65.000	7426.000	1603.830	1.000	0.000	1.000	3.000	0.000
63.000	7419.000	1603.830	1.000	0.000	1.000	3.000	0.000
64.000	7416.000	1603.830	1.000	0.000	1.000	3.000	0.000
64.000	7412.000	1603.830	1.000	0.000	1.000	3.000	0.000
64.000	7423.000	1603.830	1.000	0.000	1.000	3.000	0.000
65.000	7428.000	1603.690	1.000	0.000	1.000	3.000	0.000
63.000	7417.000	1603.960	1.000	0.000	1.000	3.000	0.000
64.000	7420.000	1603.960	1.000	0.000	1.000	3.000	0.000
64.000	7413.000	1603.830	1.000	0.000	1.000	3.000	0.000
80.000	7418.000	1603.690	1.000	0.000	1.000	3.000	0.000
64.000	7409.000	1603.960	1.000	0.000	1.000	3.000	0.000
64.000	7417.000	1603.830	1.000	0.000	1.000	3.000	0.000
63.000	7419.000	1603.830	1.000	0.000	1.000	3.000	0.000
64.000	7408.000	1603.830	1.000	0.000	1.000	3.000	0.000
64.000	7424.000	1603.830	1.000	0.000	1.000	3.000	0.000
64.000	7416.000	1603.830	1.000	0.000	1.000	3.000	0.000
64.000	7415.000	1603.830	1.000	0.000	1.000	3.000	0.000
64.000	7417.000	1603.960	1.000	0.000	1.000	3.000	0.000
64.000	7415.000	1603.960	1.000	0.000	1.000	3.000	0.000
64.000	7416.000	1603.960	1.000	0.000	1.000	3.000	0.000
80.000	7420.000	1603.830	1.000	0.000	1.000	3.000	0.000
64.000	7411.000	1603.690	1.000	0.000	1.000	3.000	0.000
63.000	7417.000	1603.830	1.000	0.000	1.000	3.000	0.000
65.000	7409.000	1603.830	1.000	0.000	1.000	3.000	0.000
63.000	7424.000	1603.960	1.000	0.000	1.000	3.000	0.000
64.000	7419.000	1603.830	1.000	0.000	1.000	3.000	0.000
65.000	7414.000	1603.830	1.000	0.000	1.000	3.000	0.000
64.000	7408.000	1603.830	1.000	0.000	1.000	3.000	0.000
63.000	7415.000	1603.830	1.000	0.000	1.000	3.000	0.000
64.000	7415.000	1603.830	1.000	0.000	1.000	3.000	0.000
64.000	7415.000	1603.830	1.000	0.000	1.000	3.000	0.000
64.000	7410.000	1603.960	1.000	0.000	1.000	3.000	0.000
80.000	7410.000	1603.960	1.000	0.000	1.000	3.000	0.000
64.000	7413.000	1603.960	1.000	0.000	1.000	3.000	0.000
64.000	7415.000	1603.830	1.000	0.000	1.000	3.000	0.000
64.000	7415.000	1603.830	1.000	0.000	1.000	3.000	0.000
64.000	7415.000	1603.830	1.000	0.000	1.000	3.000	0.000
64.000	7413.000	1603.960	1.000	0.000	1.000	3.000	0.000
64.000	7422.000	1604.090	1.000	0.000	1.000	3.000	0.000
64.000	7416.000	1603.960	1.000	0.000	1.000	3.000	0.000
64.000	7412.000	1603.960	1.000	0.000	1.000	3.000	0.000
63.000	7423.000	1603.960	1.000	0.000	1.000	3.000	0.000
65.000	7435.000	1603.960	1.000	0.000	1.000	3.000	0.000
63.000	7444.000	1603.960	1.000	0.000	1.000	3.000	0.000
80.000	7458.000	1603.960	1.000	0.000	1.000	3.000	0.000
64.000	7471.000	1603.830	1.000	0.000	1.000	3.000	0.000
64.000	7474.000	1603.830	1.000	0.000	1.000	3.000	0.000
64.000	7494.000	1604.090	1.000	0.000	1.000	3.000	0.000
64.000	7504.000	1603.960	1.000	0.000	1.000	3.000	0.000
64.000	7521.000	1604.090	1.000	0.000	1.000	3.000	0.000
64.000	7537.000	1603.830	1.000	0.000	1.000	3.000	0.000
64.000	7548.000	1603.960	1.000	0.000	1.000	3.000	0.000
63.000	7561.000	1603.830	1.000	0.000	1.000	3.000	0.000
64.000	7571.000	1603.960	1.000	0.000	1.000	3.000	0.000
65.000	7597.000	1603.960	1.000	0.000	1.000	3.000	0.000
64.000	7611.000	1603.830	1.000	0.000	1.000	3.000	0.000
80.000	7631.000	1603.830	1.000	0.000	1.000	3.000	0.000
64.000	7644.000	1603.830	1.000	0.000	1.000	3.000	0.000
63.000	7664.000	1603.960	1.000	0.000	1.000	3.000	0.000
64.000	7684.000	1604.090	1.000	0.000	1.000	3.000	0.000
64.000	7707.000	1603.960	1.000	0.000	1.000	3.000	0.000
64.000	7723.000	1603.960	1.000	0.000	1.000	3.000	0.000
64.000	7749.000	1603.960	1.000	0.000	1.000	3.000	0.000
64.000	7771.000	1603.830	1.000	0.000	1.000	3.000	0.000
64.000	7801.000	1603.960	1.000	0.000	1.000	3.000	0.000
64.000	7821.000	1604.480	1.000	0.000	1.000	3.000	0.000
64.000	7847.000	1605.400	1.000	0.000	1.000	3.000	0.000
79.000	7878.000	1606.190	1.000	0.000	1.000	3.000	0.000
65.000	7908.000	1607.240	1.000	0.000	1.000	3.000	0.000
63.000	7938.000	1608.420	1.000	0.000	1.000	3.000	0.000
64.000	7976.000	1610.780	1.000	0.000	1.000	3.000	0.000
64.000	8007.000	1614.330	1.000	0.000	1.000	3.000	0.000
64.000	8048.000	1619.050	1.000	0.000	1.000	3.000	0.000
64.000	8088.000	1624.830	1.000	0.000	1.000	3.000	0.000
64.000	8133.000	1631.650	1.000	0.000	1.000	3.000	0.000
64.000	8186.000	1639.390	1.000	0.000	1.000	3.000	0.000
64.000	8257.000	1647.530	1.000	0.000	1.000	3.000	0.000
64.000	8339.000	1656.590	1.000	0.000	1.000	3.000	0.000
64.000	8423.000	1665.640	1.000	0.000	1.000	3.000	0.000
80.000	8422.000	1659.480	1.000	0.000	1.000	3.000	0.000
63.000	8343.000	1647.010	1.000	0.000	1.000	3.000	0.000
65.000	8264.000	1637.030	1.000	0.000	1.000	3.000	0.000
63.000	8201.000	1628.760	1.000	0.000	1.000	3.000	0.000
64.000	8150.000	1621.540	1.000	0.000	1.000	3.000	0.000
64.000	8108.000	1615.380	1.000	0.000	1.000	3.000	0.000
64.000	8063.000	1610.390	1.000	0.000	1.000	3.000	0.000
64.000	8023.000	1607.110	1.000	0.000	1.000	3.000	0.000
64.000	7991.000	1605.400	1.000	0.000	1.000	3.000	0.000
64.000	7962.000	1604.610	1.000	0.000	1.000	3.000	0.000
64.000	7925.000	1604.220	1.000	0.000	1.000	3.000	0.000
80.000	7899.000	1603.960	1.000	0.000	1.000	3.000	0.000
63.000	7861.000	1603.690	1.000	0.000	1.000	3.000	0.000
64.000	7840.000	1603.170	1.000	0.000	1.000	3.000	0.000
64.000	7809.000	1603.300	1.000	0.000	1.000	3.000	0.000
64.000	7787.000	1603.430	1.000	0.000	1.000	3.000	0.000
65.000	7767.000	1603.560	1.000	0.000	1.000	3.000	0.000
64.000	7738.000	1603.560	1.000	0.000	1.000	3.000	0.000
63.000	7723.000	1603.560	1.000	0.000	1.000	3.000	0.000
64.000	7696.000	1603.560	1.000	0.000	1.000	3.000	0.000
64.000	7670.000	1603.560	1.000	0.000	1.000	3.000	0.000
63.000	7659.000	1603.690	1.000	0.000	1.000	3.000	0.000
65.000	7640.000	1603.690	1.000	0.000	1.000	3.000	0.000
80.000	7623.000	1603.560	1.000	0.000	1.000	3.000	0.000
63.000	7603.000	1603.560	1.000	0.000	1.000	3.000	0.000
64.000	7584.000	1603.560	1.000	0.000	1.000	3.000	0.000
64.000	7573.000	1603.560	1.000	0.000	1.000	3.000	0.000
64.000	7551.000	1603.830	1.000	0.000	1.000	3.000	0.000
64.000	7547.000	1603.560	1.000	0.000	1.000	3.000	0.000
65.000	7527.000	1603.560	1.000	0.000	1.000	3.000	0.000
63.000	7512.000	1603.560	1.000	0.000	1.000	3.000	0.000
64.000	7497.000	1603.690	1.000	0.000	1.000	3.000	0.000
64.000	7496.000	1603.690	1.000	0.000	1.000	3.000	0.000
64.000	7476.000	1603.690	1.000	0.000	1.000	3.000	0.000
64.000	7468.000	1603.690	1.000	0.000	1.000	3.000	0.000
80.000	7450.000	1603.690	1.000	0.000	1.000	3.000	0.000
64.000	7440.000	1603.690	1.000	0.000	1.000	3.000	0.000
64.000	7429.000	1603.690	1.000	0.000	1.000	3.000	0.000
64.000	7415.000	1603.690	1.000	0.000	1.000	3.000	0.000
63.000	7411.000	1603.690	1.000	0.000	1.000	3.000	0.000
64.000	7411.000	1603.690	1.000	0.000	1.000	3.000	0.000
65.000	7417.000	1603.690	1.000	0.000	1.000	3.000	0.000
63.000	7413.000	1603.690	1.000	0.000	1.000	3.000	0.000
64.000	7419.000	1603.690	1.000	0.000	1.000	3.000	0.000
64.000	7417.000	1603.830	1.000	0.000	1.000	3.000	0.000
63.000	7417.000	1603.690	1.000	0.000	1.000	3.000	0.000
80.000	7413.000	1603.830	1.000	0.000	1.000	3.000	0.000
65.000	7426.000	1603.830	1.000	0.000	1.000	3.000	0.000
63.000	7426.000	1603.690	1.000	0.000	1.000	3.000	0.000
64.000	7414.000	1603.830	1.000	0.000	1.000	3.000	0.000
65.000	7416.000	1603.830	1.000	0.000	1.000	3.000	0.000
63.000	7414.000	1603.830	1.000	0.000	1.000	3.000	0.000
64.000	7416.000	1603.830	1.000	0.000	1.000	3.000	0.000
64.000	7422.000	1603.830	1.000	0.000	1.000	3.000	0.000
65.000	7408.000	1603.830	1.000	0.000	1.000	3.000	0.000
63.000	7413.000	1603.830	1.000	0.000	1.000	3.000	0.000
63.000	7415.000	1603.830	1.000	0.000	1.000	3.000	0.000
65.000	7414.000	1603.830	1.000	0.000	1.000	3.000	0.000
79.000	7408.000	1603.830	1.000	0.000	1.000	3.000	0.000
64.000	7420.000	1603.830	1.000	0.000	1.000	3.000	0.000
64.000	7421.000	1603.830	1.000	0.000	1.000	3.000	0.000
65.000	7411.000	1603.960	1.000	0.000	1.000	3.000	0.000
64.000	7417.000	1603.830	1.000	0.000	1.000	3.000	0.000
63.000	7416.000	1603.830	1.000	0.000	1.000	3.000	0.000
64.000	7415.000	1603.960	1.000	0.000	1.000	3.000	0.000
64.000	7416.000	1603.830	1.000	0.000	1.000	3.000	0.000
64.000	7406.000	1603.830	1.000	0.000	1.000	3.000	0.000
64.000	7412.000	1603.830	1.000	0.000	1.000	3.000	0.000
63.000	7416.000	1603.960	1.000	0.000	1.000	3.000	0.000
65.000	7410.000	1603.960	1.000	0.000	1.000	3.000	0.000
80.000	7416.000	1603.830	1.000	0.000	1.000	3.000	0.000
64.000	7412.000	1603.830	1.000	0.000	1.000	3.000	0.000
63.000	7409.000	1603.960	1.000	0.000	1.000	3.000	0.000
65.000	7407.000	1603.830	1.000	0.000	1.000	3.000	0.000
64.000	7414.000	1603.960	1.000	0.000	1.000	3.000	0.000
63.000	7416.000	1603.690	1.000	0.000	1.000	3.000	0.000
64.000	7411.000	1603.960	1.000	0.000	1.000	3.000	0.000
64.000	7410.000	1603.960	1.000	0.000	1.000	3.000	0.000
64.000	7413.000	1603.960	1.000	0.000	1.000	3.000	0.000
64.000	7411.000	1603.960	1.000	0.000	1.000	3.000	0.000
64.000	7419.000	1603.960	1.000	0.000	1.000	3.000	0.000
80.000	7413.000	1603.960	1.000	0.000	1.000	3.000	0.000
64.000	7419.000	1603.960	1.000	0.000	1.000	3.000	0.000
63.000	7409.000	1603.960	1.000	0.000	1.000	3.000	0.000
64.000	7418.000	1603.960	1.000	0.000	1.000	3.000	0.000
65.000	7410.000	1603.960	1.000	0.000	1.000	3.000	0.000
64.000	7404.000	1603.830	1.000	0.000	1.000	3.000	0.000
64.000	7414.000	1603.830	1.000	0.000	1.000	3.000	0.000
63.000	7413.000	1603.960	1.000	0.000	1.000	3.000	0.000
64.000	7414.000	1603.830	1.000	0.000	1.000	3.000	0.000
64.000	7407.000	1603.960	1.000	0.000	1.000	3.000	0.000
64.000	7410.000	1603.960	1.000	0.000	1.000	3.000	0.000
64.000	7410.000	1603.830	1.000	0.000	1.000	3.000	0.000
80.000	7410.000	1603.960	1.000	0.000	1.000	3.000	0.000
64.000	7410.000	1603.830	1.000	0.000	1.000	3.000	0.000
64.000	7410.000	1603.960	1.000	0.000	1.000	3.000	0.000
64.000	7410.000	1603.960	1.000	0.000	1.000	3.000	0.000
64.000	7406.000	1603.960	1.000	0.000	1.000	3.000	0.000
64.000	7407.000	1603.960	1.000	0.000	1.000	3.000	0.000
64.000	7411.000	1603.960	1.000	0.000	1.000	3.000	0.000
64.000	7418.000	1603.960	1.000	0.000	1.000	3.000	0.000
65.000	7401.000	1603.960	1.000	0.000	1.000	3.000	0.000
62.000	7411.000	1603.960	1.000	0.000	1.000	3.000	0.000
64.000	7410.000	1603.960	1.000	0.000	1.000	3.000	0.000
65.000	7414.000	1603.960	1.000	0.000	1.000	3.000	0.000
79.000	7415.000	1603.960	1.000	0.000	1.000	3.000	0.000
64.000	7411.000	1603.960	1.000	0.000	1.000	3.000	0.000
64.000	7414.000	1604.090	1.000	0.000	1.000	3.000	0.000
64.000	7415.000	1603.960	1.000	0.000	1.000	3.000	0.000
64.000	7406.000	1603.960	1.000	0.000	1.000	3.000	0.000
64.000	7408.000	1603.960	1.000	0.000	1.000	3.000	0.000
63.000	7409.000	1604.090	1.000	0.000	1.000	3.000	0.000
65.000	7411.000	1603.960	1.000	0.000	1.000	3.000	0.000
63.000	7411.000	1603.960	1.000	0.000	1.000	3.000	0.000
64.000	7399.000	1603.960	1.000	0.000	1.000	3.000	0.000
64.000	7409.000	1603.960	1.000	0.000	1.000	3.000	0.000
80.000	7415.000	1604.090	1.000	0.000	1.000	3.000	0.000
64.000	7405.000	1603.960	1.000	0.000	1.000	3.000	0.000
64.000	7415.000	1603.960	1.000	0.000	1.000	3.000	0.000
64.000	7406.000	1603.960	1.000	0.000	1.000	3.000	0.000
64.000	7415.000	1603.960	1.000	0.000	1.000	3.000	0.000
64.000	7410.000	1603.960	1.000	0.000	1.000	3.000	0.000
64.000	7412.000	1603.960	1.000	0.000	1.000	3.000	0.000
64.000	7416.000	1603.960	1.000	0.000	1.000	3.000	0.000
63.000	7407.000	1603.960	1.000	0.000	1.000	3.000	0.000
64.000	7417.000	1603.960	1.000	0.000	1.000	3.000	0.000
65.000	7413.000	1603.960	1.000	0.000	1.000	3.000	0.000
64.000	7421.000	1603.960	1.000	0.000	1.000	3.000	0.000
80.000	7410.000	1604.090	1.000	0.000	1.000	3.000	0.000
63.000	7410.000	1603.960	1.000	0.000	1.000	3.000	0.000
64.000	7418.000	1603.960	1.000	0.000	1.000	3.000	0.000
64.000	7408.000	1604.090	1.000	0.000	1.000	3.000	0.000
64.000	7410.000	1604.090	1.000	0.000	1.000	3.000	0.000
64.000	7415.000	1603.960	1.000	0.000	1.000	3.000	0.000
