Loop Time (ms)	IR (16 bit)	Force (N)	Force (N)	Color	Speed (mm/s)	Spatial (mm)	Angle (deg)
247.000	7835.000	1570.610	10.000	0.000	1.000	0.000	0.000
3282.000	7827.000	1570.480	10.000	0.000	1.000	0.000	0.000
64.000	7824.000	1570.480	10.000	0.000	1.000	0.000	0.000
79.000	7830.000	1570.610	10.000	0.000	1.000	0.000	0.000
65.000	7829.000	1570.480	10.000	0.000	1.000	0.000	0.000
64.000	7833.000	1570.610	10.000	0.000	1.000	0.000	0.000
63.000	7824.000	1570.480	10.000	0.000	1.000	0.000	0.000
64.000	7824.000	1570.610	10.000	0.000	1.000	0.000	0.000
64.000	7826.000	1570.610	10.000	0.000	1.000	0.000	0.000
64.000	7826.000	1570.480	10.000	0.000	1.000	0.000	0.000
64.000	7827.000	1570.480	10.000	0.000	1.000	0.000	0.000
64.000	7827.000	1570.610	10.000	0.000	1.000	0.000	0.000
64.000	7831.000	1570.480	10.000	0.000	1.000	0.000	0.000
64.000	7827.000	1570.480	10.000	0.000	1.000	0.000	0.000
64.000	7823.000	1570.480	10.000	0.000	1.000	0.000	0.000
80.000	7825.000	1570.480	10.000	0.000	1.000	0.000	0.000
63.000	7829.000	1570.610	10.000	0.000	1.000	0.000	0.000
65.000	7828.000	1570.610	10.000	0.000	1.000	0.000	0.000
63.000	7831.000	1570.480	10.000	0.000	1.000	0.000	0.000
65.000	7831.000	1570.480	10.000	0.000	1.000	0.000	0.000
63.000	7823.000	1570.480	10.000	0.000	1.000	0.000	0.000
64.000	7830.000	1570.610	10.000	0.000	1.000	0.000	0.000
64.000	7829.000	1570.480	10.000	0.000	1.000	0.000	0.000
64.000	7825.000	1570.610	10.000	0.000	1.000	0.000	0.000
64.000	7823.000	1570.480	10.000	0.000	1.000	0.000	0.000
64.000	7829.000	1570.480	10.000	0.000	1.000	0.000	0.000
64.000	7826.000	1570.480	10.000	0.000	1.000	0.000	0.000
80.000	7829.000	1570.610	10.000	0.000	1.000	0.000	0.000
63.000	7826.000	1570.480	10.000	0.000	1.000	0.000	0.000
65.000	7831.000	1570.610	10.000	0.000	1.000	0.000	0.000
63.000	7827.000	1570.480	10.000	0.000	1.000	0.000	0.000
65.000	7822.000	1570.480	10.000	0.000	1.000	0.000	0.000
63.000	7822.000	1570.610	10.000	0.000	1.000	0.000	0.000
64.000	7828.000	1570.480	10.000	0.000	1.000	0.000	0.000
64.000	7827.000	1570.610	10.000	0.000	1.000	0.000	0.000
64.000	7828.000	1570.610	10.000	0.000	1.000	0.000	0.000
64.000	7825.000	1570.480	10.000	0.000	1.000	0.000	0.000
64.000	7829.000	1570.610	10.000	0.000	1.000	0.000	0.000
80.000	7824.000	1570.480	10.000	0.000	1.000	0.000	0.000
63.000	7828.000	1570.610	10.000	0.000	1.000	0.000	0.000
64.000	7831.000	1570.610	10.000	0.000	1.000	0.000	0.000
64.000	7829.000	1570.480	10.000	0.000	1.000	0.000	0.000
65.000	7827.000	1570.480	10.000	0.000	1.000	0.000	0.000
63.000	7828.000	1570.480	10.000	0.000	1.000	0.000	0.000
64.000	7829.000	1570.480	10.000	0.000	1.000	0.000	0.000
64.000	7828.000	1570.480	10.000	0.000	1.000	0.000	0.000
65.000	7825.000	1570.610	10.000	0.000	1.000	0.000	0.000
63.000	7831.000	1570.610	10.000	0.000	1.000	0.000	0.000
64.000	7827.000	1570.480	10.000	0.000	1.000	0.000	0.000
64.000	7832.000	1570.480	10.000	0.000	1.000	0.000	0.000
80.000	7822.000	1570.480	10.000	0.000	1.000	0.000	0.000
63.000	7829.000	1570.480	10.000	0.000	1.000	0.000	0.000
64.000	7828.000	1570.480	10.000	0.000	1.000	0.000	0.000
64.000	7827.000	1570.480	10.000	0.000	1.000	0.000	0.000
65.000	7829.000	1570.480	10.000	0.000	1.000	0.000	0.000
63.000	7830.000	1570.610	10.000	0.000	1.000	0.000	0.000
65.000	7826.000	1570.610	10.000	0.000	1.000	0.000	0.000
64.000	7824.000	1570.610	10.000	0.000	1.000	0.000	0.000
63.000	7824.000	1570.480	10.000	0.000	1.000	0.000	0.000
64.000	7823.000	1570.610	10.000	0.000	1.000	0.000	0.000
64.000	7830.000	1570.480	10.000	0.000	1.000	0.000	0.000
64.000	7827.000	1570.480	10.000	0.000	1.000	0.000	0.000
80.000	7823.000	1570.610	10.000	0.000	1.000	0.000	0.000
64.000	7830.000	1570.610	10.000	0.000	1.000	0.000	0.000
64.000	7828.000	1570.480	10.000	0.000	1.000	0.000	0.000
64.000	7826.000	1570.480	10.000	0.000	1.000	0.000	0.000
63.000	7823.000	1570.610	10.000	0.000	1.000	0.000	0.000
64.000	7828.000	1570.480	10.000	0.000	1.000	0.000	0.000
64.000	7833.000	1570.480	10.000	0.000	1.000	0.000	0.000
65.000	7828.000	1570.480	10.000	0.000	1.000	0.000	0.000
64.000	7828.000	1570.480	10.000	0.000	1.000	0.000	0.000
64.000	7829.000	1570.610	10.000	0.000	1.000	0.000	0.000
63.000	7826.000	1570.610	10.000	0.000	1.000	0.000	0.000
80.000	7824.000	1570.480	10.000	0.000	1.000	0.000	0.000
64.000	7823.000	1570.610	10.000	0.000	1.000	0.000	0.000
64.000	7828.000	1570.480	10.000	0.000	1.000	0.000	0.000
64.000	7828.000	1570.480	10.000	0.000	1.000	0.000	0.000
63.000	7826.000	1570.480	10.000	0.000	1.000	0.000	0.000
65.000	7829.000	1570.480	10.000	0.000	1.000	0.000	0.000
64.000	7829.000	1570.480	10.000	0.000	1.000	0.000	0.000
64.000	7833.000	1570.480	10.000	0.000	1.000	0.000	0.000
63.000	7826.000	1570.480	10.000	0.000	1.000	0.000	0.000
64.000	7825.000	1570.610	10.000	0.000	1.000	0.000	0.000
65.000	7825.000	1570.480	10.000	0.000	1.000	0.000	0.000
63.000	7825.000	1570.480	10.000	0.000	1.000	0.000	0.000
80.000	7826.000	1570.480	10.000	0.000	1.000	0.000	0.000
64.000	7830.000	1570.480	10.000	0.000	1.000	0.000	0.000
64.000	7824.000	1570.610	10.000	0.000	1.000	0.000	0.000
64.000	7828.000	1570.480	10.000	0.000	1.000	0.000	0.000
64.000	7826.000	1570.610	10.000	0.000	1.000	0.000	0.000
63.000	7824.000	1570.610	10.000	0.000	1.000	0.000	0.000
64.000	7829.000	1570.480	10.000	0.000	1.000	0.000	0.000
65.000	7824.000	1570.610	10.000	0.000	1.000	0.000	0.000
63.000	7825.000	1570.610	10.000	0.000	1.000	0.000	0.000
64.000	7824.000	1570.480	10.000	0.000	1.000	0.000	0.000
65.000	7833.000	1570.480	10.000	0.000	1.000	0.000	0.000
64.000	7829.000	1570.610	10.000	0.000	1.000	0.000	0.000
79.000	7831.000	1570.610	10.000	0.000	1.000	0.000	0.000
64.000	7829.000	1570.480	10.000	0.000	1.000	0.000	0.000
64.000	7823.000	1570.610	10.000	0.000	1.000	0.000	0.000
64.000	7833.000	1570.610	10.000	0.000	1.000	0.000	0.000
64.000	7822.000	1570.610	10.000	0.000	1.000	0.000	0.000
64.000	7829.000	1570.480	10.000	0.000	1.000	0.000	0.000
64.000	7824.000	1570.480	10.000	0.000	1.000	0.000	0.000
64.000	7828.000	1570.610	10.000	0.000	1.000	0.000	0.000
63.000	7826.000	1570.610	10.000	0.000	1.000	0.000	0.000
65.000	7828.000	1570.610	10.000	0.000	1.000	0.000	0.000
64.000	7824.000	1570.480	10.000	0.000	1.000	0.000	0.000
79.000	7827.000	1570.610	10.000	0.000	1.000	0.000	0.000
64.000	7827.000	1570.480	10.000	0.000	1.000	0.000	0.000
64.000	7826.000	1570.480	10.000	0.000	1.000	0.000	0.000
64.000	7827.000	1570.480	10.000	0.000	1.000	0.000	0.000
64.000	7829.000	1570.480	10.000	0.000	1.000	0.000	0.000
64.000	7827.000	1570.350	10.000	0.000	1.000	0.000	0.000
64.000	7829.000	1570.610	10.000	0.000	1.000	0.000	0.000
64.000	7826.000	1570.610	10.000	0.000	1.000	0.000	0.000
64.000	7825.000	1570.610	10.000	0.000	1.000	0.000	0.000
64.000	7823.000	1570.480	10.000	0.000	1.000	0.000	0.000
64.000	7827.000	1570.480	10.000	0.000	1.000	0.000	0.000
64.000	7824.000	1570.480	10.000	0.000	1.000	0.000	0.000
79.000	7826.000	1570.480	10.000	0.000	1.000	0.000	0.000
64.000	7827.000	1570.610	10.000	0.000	1.000	0.000	0.000
64.000	7829.000	1570.480	10.000	0.000	1.000	0.000	0.000
64.000	7826.000	1570.610	10.000	0.000	1.000	0.000	0.000
64.000	7830.000	1570.480	10.000	0.000	1.000	0.000	0.000
64.000	7825.000	1570.610	10.000	0.000	1.000	0.000	0.000
64.000	7824.000	1570.480	10.000	0.000	1.000	0.000	0.000
64.000	7823.000	1570.480	10.000	0.000	1.000	0.000	0.000
63.000	7831.000	1570.480	10.000	0.000	1.000	0.000	0.000
65.000	7826.000	1570.610	10.000	0.000	1.000	0.000	0.000
64.000	7829.000	1570.480	10.000	0.000	1.000	0.000	0.000
64.000	7825.000	1570.610	10.000	0.000	1.000	0.000	0.000
79.000	7826.000	1570.480	10.000	0.000	1.000	0.000	0.000
64.000	7829.000	1570.610	10.000	0.000	1.000	0.000	0.000
64.000	7824.000	1570.610	10.000	0.000	1.000	0.000	0.000
64.000	7826.000	1570.480	10.000	0.000	1.000	0.000	0.000
64.000	7830.000	1570.480	10.000	0.000	1.000	0.000	0.000
64.000	7821.000	1570.610	10.000	0.000	1.000	0.000	0.000
63.000	7829.000	1570.480	10.000	0.000	1.000	0.000	0.000
65.000	7827.000	1570.610	10.000	0.000	1.000	0.000	0.000
64.000	7824.000	1570.610	10.000	0.000	1.000	0.000	0.000
64.000	7825.000	1570.610	10.000	0.000	1.000	0.000	0.000
63.000	7825.000	1570.480	10.000	0.000	1.000	0.000	0.000
80.000	7819.000	1570.480	10.000	0.000	1.000	0.000	0.000
64.000	7822.000	1570.480	10.000	0.000	1.000	0.000	0.000
64.000	7821.000	1570.480	10.000	0.000	1.000	0.000	0.000
64.000	7829.000	1570.610	10.000	0.000	1.000	0.000	0.000
64.000	7834.000	1570.480	10.000	0.000	1.000	0.000	0.000
64.000	7829.000	1570.480	10.000	0.000	1.000	0.000	0.000
64.000	7821.000	1570.480	10.000	0.000	1.000	0.000	0.000
64.000	7828.000	1570.480	10.000	0.000	1.000	0.000	0.000
64.000	7827.000	1570.610	10.000	0.000	1.000	0.000	0.000
64.000	7829.000	1570.480	10.000	0.000	1.000	0.000	0.000
64.000	7829.000	1570.480	10.000	0.000	1.000	0.000	0.000
64.000	7827.000	1570.610	10.000	0.000	1.000	0.000	0.000
80.000	7832.000	1570.480	10.000	0.000	1.000	0.000	0.000
63.000	7824.000	1570.610	10.000	0.000	1.000	0.000	0.000
65.000	7823.000	1570.480	10.000	0.000	1.000	0.000	0.000
63.000	7827.000	1570.480	10.000	0.000	1.000	0.000	0.000
64.000	7824.000	1570.480	10.000	0.000	1.000	0.000	0.000
64.000	7828.000	1570.610	10.000	0.000	1.000	0.000	0.000
64.000	7820.000	1570.480	10.000	0.000	1.000	0.000	0.000
64.000	7824.000	1570.480	10.000	0.000	1.000	0.000	0.000
64.000	7827.000	1570.480	10.000	0.000	1.000	0.000	0.000
63.000	7830.000	1570.610	10.000	0.000	1.000	0.000	0.000
65.000	7827.000	1570.480	10.000	0.000	1.000	0.000	0.000
64.000	7825.000	1570.480	10.000	0.000	1.000	0.000	0.000
79.000	7830.000	1570.480	10.000	0.000	1.000	0.000	0.000
65.000	7830.000	1570.610	10.000	0.000	1.000	0.000	0.000
63.000	7824.000	1570.480	10.000	0.000	1.000	0.000	0.000
64.000	7826.000	1570.480	10.000	0.000	1.000	0.000	0.000
64.000	7828.000	1570.480	10.000	0.000	1.000	0.000	0.000
64.000	7827.000	1570.610	10.000	0.000	1.000	0.000	0.000
64.000	7826.000	1570.480	10.000	0.000	1.000	0.000	0.000
64.000	7827.000	1570.610	10.000	0.000	1.000	0.000	0.000
64.000	7824.000	1570.610	10.000	0.000	1.000	0.000	0.000
64.000	7825.000	1570.480	10.000	0.000	1.000	0.000	0.000
64.000	7830.000	1570.480	10.000	0.000	1.000	0.000	0.000
79.000	7829.000	1570.610	10.000	0.000	1.000	0.000	0.000
65.000	7828.000	1570.610	10.000	0.000	1.000	0.000	0.000
63.000	7826.000	1570.480	10.000	0.000	1.000	0.000	0.000
65.000	7826.000	1570.480	10.000	0.000	1.000	0.000	0.000
64.000	7826.000	1570.610	10.000	0.000	1.000	0.000	0.000
63.000	7828.000	1570.480	10.000	0.000	1.000	0.000	0.000
64.000	7826.000	1570.610	10.000	0.000	1.000	0.000	0.000
65.000	7826.000	1570.610	10.000	0.000	1.000	0.000	0.000
63.000	7824.000	1570.480	10.000	0.000	1.000	0.000	0.000
64.000	7824.000	1570.480	10.000	0.000	1.000	0.000	0.000
63.000	7828.000	1570.610	10.000	0.000	1.000	0.000	0.000
65.000	7829.000	1570.480	10.000	0.000	1.000	0.000	0.000
79.000	7826.000	1570.480	10.000	0.000	1.000	0.000	0.000
65.000	7820.000	1570.610	10.000	0.000	1.000	0.000	0.000
64.000	7832.000	1570.480	10.000	0.000	1.000	0.000	0.000
64.000	7826.000	1570.480	10.000	0.000	1.000	0.000	0.000
63.000	7829.000	1570.610	10.000	0.000	1.000	0.000	0.000
65.000	7828.000	1570.610	10.000	0.000	1.000	0.000	0.000
63.000	7828.000	1570.610	10.000	0.000	1.000	0.000	0.000
65.000	7824.000	1570.480	10.000	0.000	1.000	0.000	0.000
63.000	7830.000	1570.610	10.000	0.000	1.000	0.000	0.000
64.000	7818.000	1570.480	10.000	0.000	1.000	0.000	0.000
64.000	7829.000	1570.480	10.000	0.000	1.000	0.000	0.000
64.000	7823.000	1570.480	10.000	0.000	1.000	0.000	0.000
80.000	7821.000	1570.480	10.000	0.000	1.000	0.000	0.000
64.000	7825.000	1570.480	10.000	0.000	1.000	0.000	0.000
63.000	7827.000	1570.480	10.000	0.000	1.000	0.000	0.000
65.000	7827.000	1570.480	10.000	0.000	1.000	0.000	0.000
63.000	7825.000	1570.480	10.000	0.000	1.000	0.000	0.000
65.000	7827.000	1570.480	10.000	0.000	1.000	0.000	0.000
63.000	7827.000	1570.610	10.000	0.000	1.000	0.000	0.000
64.000	7822.000	1570.480	10.000	0.000	1.000	0.000	0.000
64.000	7826.000	1570.480	10.000	0.000	1.000	0.000	0.000
64.000	7822.000	1570.480	10.000	0.000	1.000	0.000	0.000
64.000	7825.000	1570.480	10.000	0.000	1.000	0.000	0.000
80.000	7822.000	1570.610	10.000	0.000	1.000	0.000	0.000
64.000	7829.000	1570.610	10.000	0.000	1.000	0.000	0.000
64.000	7825.000	1570.610	10.000	0.000	1.000	0.000	0.000
63.000	7826.000	1570.610	10.000	0.000	1.000	0.000	0.000
65.000	7825.000	1570.610	10.000	0.000	1.000	0.000	0.000
64.000	7827.000	1570.480	10.000	0.000	1.000	0.000	0.000
64.000	7822.000	1570.480	10.000	0.000	1.000	0.000	0.000
63.000	7829.000	1570.480	10.000	0.000	1.000	0.000	0.000
65.000	7824.000	1570.480	10.000	0.000	1.000	0.000	0.000
63.000	7823.000	1570.480	10.000	0.000	1.000	0.000	0.000
64.000	7831.000	1570.610	10.000	0.000	1.000	0.000	0.000
64.000	7826.000	1570.480	10.000	0.000	1.000	0.000	0.000
80.000	7830.000	1570.610	10.000	0.000	1.000	0.000	0.000
64.000	7826.000	1570.480	10.000	0.000	1.000	0.000	0.000
64.000	7822.000	1570.480	10.000	0.000	1.000	0.000	0.000
63.000	7827.000	1570.610	10.000	0.000	1.000	0.000	0.000
65.000	7827.000	1570.480	10.000	0.000	1.000	0.000	0.000
64.000	7825.000	1570.610	10.000	0.000	1.000	0.000	0.000
63.000	7828.000	1570.350	10.000	0.000	1.000	0.000	0.000
64.000	7824.000	1570.480	10.000	0.000	1.000	0.000	0.000
65.000	7825.000	1570.610	10.000	0.000	1.000	0.000	0.000
63.000	7823.000	1570.610	10.000	0.000	1.000	0.000	0.000
64.000	7823.000	1570.610	10.000	0.000	1.000	0.000	0.000
64.000	7829.000	1570.740	10.000	0.000	1.000	0.000	0.000
80.000	7825.000	1570.480	10.000	0.000	1.000	0.000	0.000
64.000	7826.000	1570.480	10.000	0.000	1.000	0.000	0.000
64.000	7825.000	1570.480	10.000	0.000	1.000	0.000	0.000
64.000	7824.000	1570.610	10.000	0.000	1.000	0.000	0.000
64.000	7823.000	1570.480	10.000	0.000	1.000	0.000	0.000
64.000	7824.000	1570.480	10.000	0.000	1.000	0.000	0.000
64.000	7825.000	1570.480	10.000	0.000	1.000	0.000	0.000
64.000	7822.000	1570.610	10.000	0.000	1.000	0.000	0.000
64.000	7828.000	1570.610	10.000	0.000	1.000	0.000	0.000
64.000	7825.000	1570.480	10.000	0.000	1.000	0.000	0.000
63.000	7827.000	1570.480	10.000	0.000	1.000	0.000	0.000
80.000	7827.000	1570.480	10.000	0.000	1.000	0.000	0.000
64.000	7831.000	1570.480	10.000	0.000	1.000	0.000	0.000
63.000	7825.000	1570.480	10.000	0.000	1.000	0.000	0.000
65.000	7826.000	1570.480	10.000	0.000	1.000	0.000	0.000
64.000	7826.000	1570.610	10.000	0.000	1.000	0.000	0.000
64.000	7827.000	1570.610	10.000	0.000	1.000	0.000	0.000
63.000	7832.000	1570.480	10.000	0.000	1.000	0.000	0.000
65.000	7841.000	1570.480	10.000	0.000	1.000	0.000	0.000
63.000	7844.000	1570.480	10.000	0.000	1.000	0.000	0.000
64.000	7849.000	1570.610	10.000	0.000	1.000	0.000	0.000
65.000	7858.000	1570.610	10.000	0.000	1.000	0.000	0.000
63.000	7861.000	1570.610	10.000	0.000	1.000	0.000	0.000
81.000	7871.000	1570.480	10.000	0.000	1.000	0.000	0.000
63.000	7877.000	1570.480	10.000	0.000	1.000	0.000	0.000
64.000	7882.000	1570.480	10.000	0.000	1.000	0.000	0.000
64.000	7890.000	1570.610	10.000	0.000	1.000	0.000	0.000
64.000	7898.000	1570.610	10.000	0.000	1.000	0.000	0.000
64.000	7908.000	1570.610	10.000	0.000	1.000	0.000	0.000
64.000	7916.000	1570.350	10.000	0.000	1.000	0.000	0.000
64.000	7921.000	1570.610	10.000	0.000	1.000	0.000	0.000
64.000	7931.000	1570.610	10.000	0.000	1.000	0.000	0.000
64.000	7938.000	1570.610	10.000	0.000	1.000	0.000	0.000
64.000	7951.000	1570.480	10.000	0.000	1.000	0.000	0.000
64.000	7960.000	1570.480	10.000	0.000	1.000	0.000	0.000
80.000	7967.000	1570.480	10.000	0.000	1.000	0.000	0.000
63.000	7976.000	1570.610	10.000	0.000	1.000	0.000	0.000
64.000	7988.000	1570.480	10.000	0.000	1.000	0.000	0.000
64.000	8003.000	1570.610	10.000	0.000	1.000	0.000	0.000
64.000	8010.000	1570.610	10.000	0.000	1.000	0.000	0.000
64.000	8020.000	1570.610	10.000	0.000	1.000	0.000	0.000
64.000	8031.000	1570.480	10.000	0.000	1.000	0.000	0.000
63.000	8044.000	1570.610	10.000	0.000	1.000	0.000	0.000
65.000	8052.000	1570.480	10.000	0.000	1.000	0.000	0.000
64.000	8069.000	1570.480	10.000	0.000	1.000	0.000	0.000
64.000	8084.000	1570.480	10.000	0.000	1.000	0.000	0.000
80.000	8088.000	1570.480	10.000	0.000	1.000	0.000	0.000
63.000	8107.000	1570.480	10.000	0.000	1.000	0.000	0.000
64.000	8119.000	1570.610	10.000	0.000	1.000	0.000	0.000
64.000	8131.000	1570.480	10.000	0.000	1.000	0.000	0.000
64.000	8151.000	1570.350	10.000	0.000	1.000	0.000	0.000
64.000	8164.000	1570.480	10.000	0.000	1.000	0.000	0.000
64.000	8182.000	1570.610	10.000	0.000	1.000	0.000	0.000
64.000	8196.000	1570.350	10.000	0.000	1.000	0.000	0.000
64.000	8216.000	1570.480	10.000	0.000	1.000	0.000	0.000
64.000	8230.000	1570.480	10.000	0.000	1.000	0.000	0.000
64.000	8247.000	1570.480	10.000	0.000	1.000	0.000	0.000
64.000	8267.000	1570.480	10.000	0.000	1.000	0.000	0.000
80.000	8292.000	1570.480	10.000	0.000	1.000	0.000	0.000
63.000	8312.000	1570.480	10.000	0.000	1.000	0.000	0.000
65.000	8324.000	1570.480	10.000	0.000	1.000	0.000	0.000
64.000	8345.000	1570.480	10.000	0.000	1.000	0.000	0.000
63.000	8370.000	1570.480	10.000	0.000	1.000	0.000	0.000
64.000	8402.000	1570.480	10.000	0.000	1.000	0.000	0.000
64.000	8422.000	1570.480	10.000	0.000	1.000	0.000	0.000
64.000	8448.000	1570.480	10.000	0.000	1.000	0.000	0.000
63.000	8477.000	1570.610	10.000	0.000	1.000	0.000	0.000
64.000	8498.000	1570.610	10.000	0.000	1.000	0.000	0.000
65.000	8530.000	1570.610	10.000	0.000	1.000	0.000	0.000
64.000	8562.000	1570.480	10.000	0.000	1.000	0.000	0.000
80.000	8593.000	1570.480	10.000	0.000	1.000	0.000	0.000
64.000	8613.000	1570.480	10.000	0.000	1.000	0.000	0.000
63.000	8657.000	1570.480	10.000	0.000	1.000	0.000	0.000
65.000	8693.000	1570.480	10.000	0.000	1.000	0.000	0.000
63.000	8733.000	1570.480	10.000	0.000	1.000	0.000	0.000
64.000	8766.000	1570.480	10.000	0.000	1.000	0.000	0.000
64.000	8810.000	1570.610	10.000	0.000	1.000	0.000	0.000
64.000	8860.000	1570.610	10.000	0.000	1.000	0.000	0.000
64.000	8901.000	1570.480	10.000	0.000	1.000	0.000	0.000
64.000	8947.000	1570.610	10.000	0.000	1.000	0.000	0.000
64.000	8993.000	1570.480	10.000	0.000	1.000	0.000	0.000
80.000	9056.000	1570.480	10.000	0.000	1.000	0.000	0.000
63.000	9128.000	1570.480	10.000	0.000	1.000	0.000	0.000
65.000	9205.000	1570.480	10.000	0.000	1.000	0.000	0.000
64.000	9284.000	1570.480	10.000	0.000	1.000	0.000	0.000
63.000	9352.000	1570.610	10.000	0.000	1.000	0.000	0.000
64.000	9441.000	1570.480	10.000	0.000	1.000	0.000	0.000
64.000	9574.000	1570.610	10.000	0.000	1.000	0.000	0.000
65.000	9746.000	1570.480	10.000	0.000	1.000	0.000	0.000
63.000	9938.000	1570.740	10.000	0.000	1.000	0.000	0.000
64.000	10127.000	1570.740	10.000	0.000	1.000	0.000	0.000
64.000	10220.000	1570.740	10.000	0.000	1.000	0.000	0.000
64.000	10276.000	1570.740	10.000	0.000	1.000	0.000	0.000
80.000	10331.000	1570.740	10.000	0.000	1.000	0.000	0.000
64.000	10391.000	1570.740	10.000	0.000	1.000	0.000	0.000
64.000	10449.000	1570.990	10.000	0.000	1.000	0.000	0.000
63.000	10498.000	1570.990	10.000	0.000	1.000	0.000	0.000
64.000	10559.000	1571.120	10.000	0.000	1.000	0.000	0.000
65.000	10601.000	1571.250	10.000	0.000	1.000	0.000	0.000
63.000	10625.000	1571.370	10.000	0.000	1.000	0.000	0.000
64.000	10637.000	1571.370	10.000	0.000	1.000	0.000	0.000
64.000	10652.000	1571.500	10.000	0.000	1.000	0.000	0.000
64.000	10657.000	1571.630	10.000	0.000	1.000	0.000	0.000
64.000	10680.000	1571.880	10.000	0.000	1.000	0.000	0.000
64.000	10728.000	1572.010	10.000	0.000	1.000	0.000	0.000
80.000	10792.000	1572.260	10.000	0.000	1.000	0.000	0.000
64.000	10864.000	1572.390	10.000	0.000	1.000	0.000	0.000
64.000	10934.000	1572.520	10.000	0.000	1.000	0.000	0.000
64.000	11038.000	1572.770	10.000	0.000	1.000	0.000	0.000
63.000	11117.000	1573.030	10.000	0.000	1.000	0.000	0.000
64.000	11236.000	1573.160	10.000	0.000	1.000	0.000	0.000
64.000	11398.000	1573.280	10.000	0.000	1.000	0.000	0.000
64.000	11561.000	1573.280	10.000	0.000	1.000	0.000	0.000
64.000	11654.000	1573.410	10.000	0.000	1.000	0.000	0.000
64.000	11730.000	1573.280	10.000	0.000	1.000	0.000	0.000
64.000	11767.000	1573.280	10.000	0.000	1.000	0.000	0.000
80.000	11804.000	1573.160	10.000	0.000	1.000	0.000	0.000
63.000	11842.000	1573.410	10.000	0.000	1.000	0.000	0.000
65.000	11879.000	1573.160	10.000	0.000	1.000	0.000	0.000
64.000	11925.000	1573.160	10.000	0.000	1.000	0.000	0.000
63.000	11949.000	1573.280	10.000	0.000	1.000	0.000	0.000
64.000	11978.000	1573.160	10.000	0.000	1.000	0.000	0.000
65.000	11992.000	1573.160	10.000	0.000	1.000	0.000	0.000
63.000	12014.000	1573.280	10.000	0.000	1.000	0.000	0.000
64.000	12031.000	1573.160	10.000	0.000	1.000	0.000	0.000
64.000	12047.000	1573.160	10.000	0.000	1.000	0.000	0.000
64.000	12066.000	1573.160	10.000	0.000	1.000	0.000	0.000
64.000	12082.000	1573.160	10.000	0.000	1.000	0.000	0.000
80.000	12098.000	1573.160	10.000	0.000	1.000	0.000	0.000
64.000	12113.000	1573.160	10.000	0.000	1.000	0.000	0.000
64.000	12130.000	1573.160	10.000	0.000	1.000	0.000	0.000
64.000	12142.000	1573.160	10.000	0.000	1.000	0.000	0.000
64.000	12157.000	1573.160	10.000	0.000	1.000	0.000	0.000
64.000	12170.000	1573.160	10.000	0.000	1.000	0.000	0.000
63.000	12181.000	1573.160	10.000	0.000	1.000	0.000	0.000
64.000	12187.000	1573.030	10.000	0.000	1.000	0.000	0.000
64.000	12205.000	1573.160	10.000	0.000	1.000	0.000	0.000
64.000	12211.000	1573.030	10.000	0.000	1.000	0.000	0.000
64.000	12218.000	1573.030	10.000	0.000	1.000	0.000	0.000
64.000	12233.000	1573.160	10.000	0.000	1.000	0.000	0.000
80.000	12239.000	1573.030	10.000	0.000	1.000	0.000	0.000
64.000	12248.000	1573.160	10.000	0.000	1.000	0.000	0.000
64.000	12258.000	1573.160	10.000	0.000	1.000	0.000	0.000
64.000	12266.000	1573.160	10.000	0.000	1.000	0.000	0.000
63.000	12270.000	1573.160	10.000	0.000	1.000	0.000	0.000
65.000	12284.000	1573.030	10.000	0.000	1.000	0.000	0.000
63.000	12280.000	1573.160	10.000	0.000	1.000	0.000	0.000
65.000	12293.000	1573.160	10.000	0.000	1.000	0.000	0.000
63.000	12304.000	1573.160	10.000	0.000	1.000	0.000	0.000
64.000	12312.000	1573.160	10.000	0.000	1.000	0.000	0.000
64.000	12315.000	1573.160	10.000	0.000	1.000	0.000	0.000
80.000	12326.000	1573.030	10.000	0.000	1.000	0.000	0.000
64.000	12326.000	1573.160	10.000	0.000	1.000	0.000	0.000
64.000	12332.000	1573.160	10.000	0.000	1.000	0.000	0.000
64.000	12347.000	1573.160	10.000	0.000	1.000	0.000	0.000
63.000	12350.000	1573.160	10.000	0.000	1.000	0.000	0.000
65.000	12353.000	1573.160	10.000	0.000	1.000	0.000	0.000
63.000	12367.000	1573.030	10.000	0.000	1.000	0.000	0.000
64.000	12380.000	1573.160	10.000	0.000	1.000	0.000	0.000
64.000	12375.000	1573.030	10.000	0.000	1.000	0.000	0.000
64.000	12389.000	1573.030	10.000	0.000	1.000	0.000	0.000
64.000	12390.000	1573.160	10.000	0.000	1.000	0.000	0.000
64.000	12399.000	1573.160	10.000	0.000	1.000	0.000	0.000
80.000	12405.000	1573.160	10.000	0.000	1.000	0.000	0.000
64.000	12420.000	1573.160	10.000	0.000	1.000	0.000	0.000
64.000	12428.000	1573.160	10.000	0.000	1.000	0.000	0.000
64.000	12425.000	1573.160	10.000	0.000	1.000	0.000	0.000
64.000	12429.000	1573.030	10.000	0.000	1.000	0.000	0.000
63.000	12433.000	1573.030	10.000	0.000	1.000	0.000	0.000
65.000	12440.000	1573.030	10.000	0.000	1.000	0.000	0.000
64.000	12449.000	1573.030	10.000	0.000	1.000	0.000	0.000
64.000	12459.000	1573.160	10.000	0.000	1.000	0.000	0.000
63.000	12459.000	1573.160	10.000	0.000	1.000	0.000	0.000
65.000	12466.000	1573.030	10.000	0.000	1.000	0.000	0.000
64.000	12464.000	1573.030	10.000	0.000	1.000	0.000	0.000
79.000	12470.000	1573.030	10.000	0.000	1.000	0.000	0.000
65.000	12473.000	1573.160	10.000	0.000	1.000	0.000	0.000
63.000	12483.000	1573.160	10.000	0.000	1.000	0.000	0.000
64.000	12486.000	1573.160	10.000	0.000	1.000	0.000	0.000
64.000	12485.000	1573.160	10.000	0.000	1.000	0.000	0.000
64.000	12491.000	1573.160	10.000	0.000	1.000	0.000	0.000
63.000	12495.000	1573.160	10.000	0.000	1.000	0.000	0.000
64.000	12500.000	1573.160	10.000	0.000	1.000	0.000	0.000
65.000	12502.000	1573.160	10.000	0.000	1.000	0.000	0.000
63.000	12511.000	1573.030	10.000	0.000	1.000	0.000	0.000
64.000	12515.000	1573.030	10.000	0.000	1.000	0.000	0.000
80.000	12517.000	1573.160	10.000	0.000	1.000	0.000	0.000
64.000	12524.000	1573.030	10.000	0.000	1.000	0.000	0.000
64.000	12531.000	1573.160	10.000	0.000	1.000	0.000	0.000
64.000	12528.000	1573.030	10.000	0.000	1.000	0.000	0.000
64.000	12526.000	1573.030	10.000	0.000	1.000	0.000	0.000
63.000	12420.000	1572.650	10.000	0.000	1.000	0.000	0.000
65.000	12208.000	1572.010	10.000	0.000	1.000	0.000	0.000
64.000	11995.000	1571.250	10.000	0.000	1.000	0.000	0.000
64.000	11005.000	1570.860	10.000	0.000	1.000	0.000	0.000
64.000	10282.000	1570.740	10.000	0.000	1.000	0.000	0.000
64.000	9538.000	1570.610	10.000	0.000	1.000	0.000	0.000
63.000	9080.000	1570.610	10.000	0.000	1.000	0.000	0.000
81.000	8816.000	1570.610	10.000	0.000	1.000	0.000	0.000
63.000	8698.000	1570.610	10.000	0.000	1.000	0.000	0.000
64.000	8610.000	1570.480	10.000	0.000	1.000	0.000	0.000
65.000	8557.000	1570.610	10.000	0.000	1.000	0.000	0.000
63.000	8495.000	1570.480	10.000	0.000	1.000	0.000	0.000
64.000	8462.000	1570.610	10.000	0.000	1.000	0.000	0.000
64.000	8463.000	1570.480	10.000	0.000	1.000	0.000	0.000
63.000	8465.000	1570.480	10.000	0.000	1.000	0.000	0.000
65.000	8477.000	1570.610	10.000	0.000	1.000	0.000	0.000
64.000	8478.000	1570.610	10.000	0.000	1.000	0.000	0.000
64.000	8478.000	1570.610	10.000	0.000	1.000	0.000	0.000
64.000	8448.000	1570.480	10.000	0.000	1.000	0.000	0.000
79.000	8198.000	1570.610	10.000	0.000	1.000	0.000	0.000
64.000	8097.000	1570.480	10.000	0.000	1.000	0.000	0.000
64.000	8038.000	1570.480	10.000	0.000	1.000	0.000	0.000
64.000	7999.000	1570.610	10.000	0.000	1.000	0.000	0.000
64.000	7978.000	1570.480	10.000	0.000	1.000	0.000	0.000
65.000	7967.000	1570.610	10.000	0.000	1.000	0.000	0.000
63.000	7958.000	1570.480	10.000	0.000	1.000	0.000	0.000
64.000	7948.000	1570.480	10.000	0.000	1.000	0.000	0.000
63.000	7937.000	1570.610	10.000	0.000	1.000	0.000	0.000
65.000	7932.000	1570.480	10.000	0.000	1.000	0.000	0.000
63.000	7928.000	1570.480	10.000	0.000	1.000	0.000	0.000
81.000	7918.000	1570.610	10.000	0.000	1.000	0.000	0.000
63.000	7913.000	1570.610	10.000	0.000	1.000	0.000	0.000
64.000	7910.000	1570.610	10.000	0.000	1.000	0.000	0.000
64.000	7905.000	1570.480	10.000	0.000	1.000	0.000	0.000
64.000	7897.000	1570.610	10.000	0.000	1.000	0.000	0.000
64.000	7894.000	1570.480	10.000	0.000	1.000	0.000	0.000
64.000	7885.000	1570.480	10.000	0.000	1.000	0.000	0.000
64.000	7889.000	1570.740	10.000	0.000	1.000	0.000	0.000
63.000	7885.000	1570.480	10.000	0.000	1.000	0.000	0.000
64.000	7882.000	1570.480	10.000	0.000	1.000	0.000	0.000
64.000	7882.000	1570.480	10.000	0.000	1.000	0.000	0.000
64.000	7881.000	1570.480	10.000	0.000	1.000	0.000	0.000
81.000	7889.000	1570.610	10.000	0.000	1.000	0.000	0.000
64.000	7886.000	1570.610	10.000	0.000	1.000	0.000	0.000
64.000	7882.000	1570.610	10.000	0.000	1.000	0.000	0.000
64.000	7881.000	1570.610	10.000	0.000	1.000	0.000	0.000
64.000	7883.000	1570.610	10.000	0.000	1.000	0.000	0.000
63.000	7883.000	1570.610	10.000	0.000	1.000	0.000	0.000
64.000	7881.000	1570.610	10.000	0.000	1.000	0.000	0.000
64.000	7883.000	1570.610	10.000	0.000	1.000	0.000	0.000
64.000	7884.000	1570.860	10.000	0.000	1.000	0.000	0.000
64.000	7884.000	1570.610	10.000	0.000	1.000	0.000	0.000
65.000	7888.000	1570.740	10.000	0.000	1.000	0.000	0.000
63.000	7887.000	1570.610	10.000	0.000	1.000	0.000	0.000
79.000	7888.000	1570.610	10.000	0.000	1.000	0.000	0.000
64.000	7890.000	1570.610	10.000	0.000	1.000	0.000	0.000
65.000	7881.000	1570.610	10.000	0.000	1.000	0.000	0.000
63.000	7884.000	1570.610	10.000	0.000	1.000	0.000	0.000
64.000	7883.000	1570.610	10.000	0.000	1.000	0.000	0.000
64.000	7878.000	1570.610	10.000	0.000	1.000	0.000	0.000
65.000	7884.000	1570.610	10.000	0.000	1.000	0.000	0.000
63.000	7886.000	1570.610	10.000	0.000	1.000	0.000	0.000
64.000	7888.000	1570.740	10.000	0.000	1.000	0.000	0.000
64.000	7883.000	1570.610	10.000	0.000	1.000	0.000	0.000
64.000	7882.000	1570.480	10.000	0.000	1.000	0.000	0.000
80.000	7880.000	1570.610	10.000	0.000	1.000	0.000	0.000
63.000	7883.000	1570.610	10.000	0.000	1.000	0.000	0.000
65.000	7886.000	1570.610	10.000	0.000	1.000	0.000	0.000
64.000	7883.000	1570.610	10.000	0.000	1.000	0.000	0.000
64.000	7882.000	1570.610	10.000	0.000	1.000	0.000	0.000
63.000	7877.000	1570.610	10.000	0.000	1.000	0.000	0.000
64.000	7883.000	1570.610	10.000	0.000	1.000	0.000	0.000
64.000	7883.000	1570.610	10.000	0.000	1.000	0.000	0.000
64.000	7884.000	1570.610	10.000	0.000	1.000	0.000	0.000
65.000	7879.000	1570.740	10.000	0.000	1.000	0.000	0.000
63.000	7878.000	1570.610	10.000	0.000	1.000	0.000	0.000
64.000	7884.000	1570.610	10.000	0.000	1.000	0.000	0.000
80.000	7883.000	1570.610	10.000	0.000	1.000	0.000	0.000
64.000	7880.000	1570.610	10.000	0.000	1.000	0.000	0.000
64.000	7881.000	1570.740	10.000	0.000	1.000	0.000	0.000
64.000	7877.000	1570.610	10.000	0.000	1.000	0.000	0.000
63.000	7877.000	1570.480	10.000	0.000	1.000	0.000	0.000
65.000	7875.000	1570.610	10.000	0.000	1.000	0.000	0.000
63.000	7880.000	1570.610	10.000	0.000	1.000	0.000	0.000
64.000	7878.000	1570.480	10.000	0.000	1.000	0.000	0.000
64.000	7875.000	1570.610	10.000	0.000	1.000	0.000	0.000
64.000	7876.000	1570.610	10.000	0.000	1.000	0.000	0.000
64.000	7875.000	1570.610	10.000	0.000	1.000	0.000	0.000
64.000	7879.000	1570.610	10.000	0.000	1.000	0.000	0.000
80.000	7876.000	1570.610	10.000	0.000	1.000	0.000	0.000
64.000	7877.000	1570.610	10.000	0.000	1.000	0.000	0.000
63.000	7878.000	1570.610	10.000	0.000	1.000	0.000	0.000
65.000	7874.000	1570.480	10.000	0.000	1.000	0.000	0.000
64.000	7879.000	1570.740	10.000	0.000	1.000	0.000	0.000
64.000	7877.000	1570.610	10.000	0.000	1.000	0.000	0.000
