Loop Time (ms)	IR (16 bit)	Force (N)	Force (N)	Color	Speed (mm/s)	Spatial (mm)	Angle (deg)
267.000	6238.000	1568.320	5.000	0.000	3.000	0.000	0.000
3283.000	6233.000	1568.440	5.000	0.000	3.000	0.000	0.000
63.000	6233.000	1568.190	5.000	0.000	3.000	0.000	0.000
65.000	6233.000	1568.320	5.000	0.000	3.000	0.000	0.000
79.000	6228.000	1568.320	5.000	0.000	3.000	0.000	0.000
64.000	6226.000	1568.190	5.000	0.000	3.000	0.000	0.000
65.000	6231.000	1568.320	5.000	0.000	3.000	0.000	0.000
63.000	6231.000	1568.190	5.000	0.000	3.000	0.000	0.000
64.000	6235.000	1568.320	5.000	0.000	3.000	0.000	0.000
64.000	6230.000	1568.320	5.000	0.000	3.000	0.000	0.000
64.000	6231.000	1568.320	5.000	0.000	3.000	0.000	0.000
64.000	6228.000	1568.320	5.000	0.000	3.000	0.000	0.000
64.000	6229.000	1568.190	5.000	0.000	3.000	0.000	0.000
64.000	6229.000	1568.320	5.000	0.000	3.000	0.000	0.000
64.000	6225.000	1568.320	5.000	0.000	3.000	0.000	0.000
63.000	6231.000	1568.190	5.000	0.000	3.000	0.000	0.000
80.000	6233.000	1568.320	5.000	0.000	3.000	0.000	0.000
65.000	6229.000	1568.320	5.000	0.000	3.000	0.000	0.000
63.000	6232.000	1568.320	5.000	0.000	3.000	0.000	0.000
64.000	6223.000	1568.190	5.000	0.000	3.000	0.000	0.000
64.000	6229.000	1568.320	5.000	0.000	3.000	0.000	0.000
64.000	6231.000	1568.320	5.000	0.000	3.000	0.000	0.000
64.000	6229.000	1568.320	5.000	0.000	3.000	0.000	0.000
64.000	6237.000	1568.320	5.000	0.000	3.000	0.000	0.000
64.000	6234.000	1568.190	5.000	0.000	3.000	0.000	0.000
64.000	6236.000	1568.320	5.000	0.000	3.000	0.000	0.000
64.000	6230.000	1568.320	5.000	0.000	3.000	0.000	0.000
79.000	6227.000	1568.320	5.000	0.000	3.000	0.000	0.000
64.000	6234.000	1568.320	5.000	0.000	3.000	0.000	0.000
64.000	6240.000	1568.320	5.000	0.000	3.000	0.000	0.000
64.000	6234.000	1568.190	5.000	0.000	3.000	0.000	0.000
64.000	6230.000	1568.190	5.000	0.000	3.000	0.000	0.000
64.000	6230.000	1568.190	5.000	0.000	3.000	0.000	0.000
64.000	6229.000	1568.320	5.000	0.000	3.000	0.000	0.000
64.000	6236.000	1568.190	5.000	0.000	3.000	0.000	0.000
63.000	6221.000	1568.440	5.000	0.000	3.000	0.000	0.000
65.000	6236.000	1568.320	5.000	0.000	3.000	0.000	0.000
64.000	6233.000	1568.320	5.000	0.000	3.000	0.000	0.000
64.000	6230.000	1568.320	5.000	0.000	3.000	0.000	0.000
80.000	6226.000	1568.320	5.000	0.000	3.000	0.000	0.000
64.000	6237.000	1568.320	5.000	0.000	3.000	0.000	0.000
64.000	6227.000	1568.320	5.000	0.000	3.000	0.000	0.000
63.000	6231.000	1568.320	5.000	0.000	3.000	0.000	0.000
64.000	6231.000	1568.320	5.000	0.000	3.000	0.000	0.000
64.000	6233.000	1568.320	5.000	0.000	3.000	0.000	0.000
64.000	6222.000	1568.320	5.000	0.000	3.000	0.000	0.000
64.000	6236.000	1568.320	5.000	0.000	3.000	0.000	0.000
64.000	6224.000	1568.190	5.000	0.000	3.000	0.000	0.000
64.000	6230.000	1568.320	5.000	0.000	3.000	0.000	0.000
64.000	6226.000	1568.320	5.000	0.000	3.000	0.000	0.000
64.000	6227.000	1568.320	5.000	0.000	3.000	0.000	0.000
80.000	6230.000	1568.190	5.000	0.000	3.000	0.000	0.000
64.000	6225.000	1568.320	5.000	0.000	3.000	0.000	0.000
64.000	6235.000	1568.320	5.000	0.000	3.000	0.000	0.000
64.000	6240.000	1568.190	5.000	0.000	3.000	0.000	0.000
64.000	6234.000	1568.190	5.000	0.000	3.000	0.000	0.000
63.000	6233.000	1568.190	5.000	0.000	3.000	0.000	0.000
65.000	6230.000	1568.190	5.000	0.000	3.000	0.000	0.000
64.000	6233.000	1568.320	5.000	0.000	3.000	0.000	0.000
64.000	6232.000	1568.320	5.000	0.000	3.000	0.000	0.000
64.000	6231.000	1568.190	5.000	0.000	3.000	0.000	0.000
63.000	6236.000	1568.320	5.000	0.000	3.000	0.000	0.000
80.000	6229.000	1568.320	5.000	0.000	3.000	0.000	0.000
64.000	6221.000	1568.320	5.000	0.000	3.000	0.000	0.000
64.000	6234.000	1568.190	5.000	0.000	3.000	0.000	0.000
63.000	6232.000	1568.320	5.000	0.000	3.000	0.000	0.000
65.000	6228.000	1568.320	5.000	0.000	3.000	0.000	0.000
64.000	6228.000	1568.320	5.000	0.000	3.000	0.000	0.000
63.000	6232.000	1568.320	5.000	0.000	3.000	0.000	0.000
65.000	6228.000	1568.320	5.000	0.000	3.000	0.000	0.000
63.000	6230.000	1568.320	5.000	0.000	3.000	0.000	0.000
64.000	6226.000	1568.320	5.000	0.000	3.000	0.000	0.000
64.000	6231.000	1568.320	5.000	0.000	3.000	0.000	0.000
64.000	6233.000	1568.190	5.000	0.000	3.000	0.000	0.000
80.000	6234.000	1568.190	5.000	0.000	3.000	0.000	0.000
64.000	6236.000	1568.320	5.000	0.000	3.000	0.000	0.000
64.000	6226.000	1568.320	5.000	0.000	3.000	0.000	0.000
64.000	6222.000	1568.190	5.000	0.000	3.000	0.000	0.000
64.000	6228.000	1568.320	5.000	0.000	3.000	0.000	0.000
63.000	6229.000	1568.320	5.000	0.000	3.000	0.000	0.000
64.000	6227.000	1568.190	5.000	0.000	3.000	0.000	0.000
65.000	6226.000	1568.320	5.000	0.000	3.000	0.000	0.000
63.000	6232.000	1568.320	5.000	0.000	3.000	0.000	0.000
65.000	6235.000	1568.320	5.000	0.000	3.000	0.000	0.000
63.000	6254.000	1568.320	5.000	0.000	3.000	0.000	0.000
64.000	6307.000	1568.320	5.000	0.000	3.000	0.000	0.000
80.000	6354.000	1568.320	5.000	0.000	3.000	0.000	0.000
64.000	6402.000	1568.190	5.000	0.000	3.000	0.000	0.000
64.000	6464.000	1568.190	5.000	0.000	3.000	0.000	0.000
63.000	6525.000	1568.320	5.000	0.000	3.000	0.000	0.000
64.000	6597.000	1568.320	5.000	0.000	3.000	0.000	0.000
65.000	6675.000	1568.320	5.000	0.000	3.000	0.000	0.000
63.000	6772.000	1568.320	5.000	0.000	3.000	0.000	0.000
65.000	6871.000	1568.320	5.000	0.000	3.000	0.000	0.000
64.000	7018.000	1568.320	5.000	0.000	3.000	0.000	0.000
63.000	7181.000	1568.320	5.000	0.000	3.000	0.000	0.000
64.000	7540.000	1568.440	5.000	0.000	3.000	0.000	0.000
80.000	8951.000	1568.700	5.000	0.000	3.000	0.000	0.000
64.000	9807.000	1570.480	5.000	0.000	3.000	0.000	0.000
64.000	10302.000	1579.270	5.000	0.000	3.000	0.000	0.000
64.000	10618.000	1585.890	5.000	0.000	3.000	0.000	0.000
63.000	10743.000	1586.910	5.000	0.000	3.000	0.000	0.000
64.000	10847.000	1587.550	5.000	0.000	3.000	0.000	0.000
65.000	11059.000	1588.050	5.000	0.000	3.000	0.000	0.000
63.000	11219.000	1588.310	5.000	0.000	3.000	0.000	0.000
65.000	11303.000	1588.050	5.000	0.000	3.000	0.000	0.000
63.000	11281.000	1587.670	5.000	0.000	3.000	0.000	0.000
64.000	11301.000	1587.160	5.000	0.000	3.000	0.000	0.000
64.000	11278.000	1586.650	5.000	0.000	3.000	0.000	0.000
80.000	11074.000	1586.650	5.000	0.000	3.000	0.000	0.000
64.000	10720.000	1586.270	5.000	0.000	3.000	0.000	0.000
64.000	10470.000	1586.140	5.000	0.000	3.000	0.000	0.000
64.000	10093.000	1585.760	5.000	0.000	3.000	0.000	0.000
64.000	9622.000	1585.760	5.000	0.000	3.000	0.000	0.000
63.000	9196.000	1580.920	5.000	0.000	3.000	0.000	0.000
64.000	8891.000	1572.390	5.000	0.000	3.000	0.000	0.000
65.000	8703.000	1566.410	5.000	0.000	3.000	0.000	0.000
63.000	8524.000	1562.710	5.000	0.000	3.000	0.000	0.000
64.000	8377.000	1560.040	5.000	0.000	3.000	0.000	0.000
65.000	8257.000	1561.190	5.000	0.000	3.000	0.000	0.000
64.000	8144.000	1562.710	5.000	0.000	3.000	0.000	0.000
79.000	8048.000	1564.110	5.000	0.000	3.000	0.000	0.000
64.000	7965.000	1565.260	5.000	0.000	3.000	0.000	0.000
64.000	7892.000	1566.020	5.000	0.000	3.000	0.000	0.000
64.000	7824.000	1566.790	5.000	0.000	3.000	0.000	0.000
63.000	7749.000	1567.040	5.000	0.000	3.000	0.000	0.000
65.000	7692.000	1567.430	5.000	0.000	3.000	0.000	0.000
64.000	7643.000	1567.680	5.000	0.000	3.000	0.000	0.000
64.000	7618.000	1567.810	5.000	0.000	3.000	0.000	0.000
64.000	7619.000	1567.930	5.000	0.000	3.000	0.000	0.000
63.000	7635.000	1568.060	5.000	0.000	3.000	0.000	0.000
64.000	7642.000	1568.190	5.000	0.000	3.000	0.000	0.000
80.000	7628.000	1568.190	5.000	0.000	3.000	0.000	0.000
65.000	7617.000	1568.190	5.000	0.000	3.000	0.000	0.000
63.000	7614.000	1568.320	5.000	0.000	3.000	0.000	0.000
64.000	7602.000	1568.190	5.000	0.000	3.000	0.000	0.000
64.000	7595.000	1568.320	5.000	0.000	3.000	0.000	0.000
64.000	7586.000	1568.320	5.000	0.000	3.000	0.000	0.000
63.000	7573.000	1568.190	5.000	0.000	3.000	0.000	0.000
64.000	7578.000	1568.320	5.000	0.000	3.000	0.000	0.000
65.000	7571.000	1568.190	5.000	0.000	3.000	0.000	0.000
64.000	7541.000	1568.320	5.000	0.000	3.000	0.000	0.000
64.000	7493.000	1568.320	5.000	0.000	3.000	0.000	0.000
64.000	7484.000	1568.320	5.000	0.000	3.000	0.000	0.000
79.000	7483.000	1568.320	5.000	0.000	3.000	0.000	0.000
64.000	7477.000	1568.320	5.000	0.000	3.000	0.000	0.000
64.000	7472.000	1568.320	5.000	0.000	3.000	0.000	0.000
64.000	7471.000	1568.320	5.000	0.000	3.000	0.000	0.000
64.000	7475.000	1568.190	5.000	0.000	3.000	0.000	0.000
64.000	7468.000	1568.320	5.000	0.000	3.000	0.000	0.000
64.000	7469.000	1568.320	5.000	0.000	3.000	0.000	0.000
64.000	7472.000	1568.190	5.000	0.000	3.000	0.000	0.000
64.000	7462.000	1568.320	5.000	0.000	3.000	0.000	0.000
64.000	7466.000	1568.320	5.000	0.000	3.000	0.000	0.000
64.000	7459.000	1568.320	5.000	0.000	3.000	0.000	0.000
64.000	7456.000	1568.320	5.000	0.000	3.000	0.000	0.000
79.000	7459.000	1568.190	5.000	0.000	3.000	0.000	0.000
65.000	7458.000	1568.320	5.000	0.000	3.000	0.000	0.000
63.000	7462.000	1568.190	5.000	0.000	3.000	0.000	0.000
64.000	7456.000	1568.320	5.000	0.000	3.000	0.000	0.000
64.000	7457.000	1568.320	5.000	0.000	3.000	0.000	0.000
64.000	7455.000	1568.320	5.000	0.000	3.000	0.000	0.000
64.000	7453.000	1568.190	5.000	0.000	3.000	0.000	0.000
64.000	7457.000	1568.320	5.000	0.000	3.000	0.000	0.000
64.000	7454.000	1568.320	5.000	0.000	3.000	0.000	0.000
64.000	7456.000	1568.320	5.000	0.000	3.000	0.000	0.000
64.000	7449.000	1568.320	5.000	0.000	3.000	0.000	0.000
80.000	7449.000	1568.190	5.000	0.000	3.000	0.000	0.000
63.000	7454.000	1568.190	5.000	0.000	3.000	0.000	0.000
65.000	7446.000	1568.190	5.000	0.000	3.000	0.000	0.000
63.000	7445.000	1568.320	5.000	0.000	3.000	0.000	0.000
64.000	7444.000	1568.320	5.000	0.000	3.000	0.000	0.000
64.000	7450.000	1568.440	5.000	0.000	3.000	0.000	0.000
64.000	7447.000	1568.320	5.000	0.000	3.000	0.000	0.000
64.000	7451.000	1568.320	5.000	0.000	3.000	0.000	0.000
64.000	7437.000	1568.320	5.000	0.000	3.000	0.000	0.000
64.000	7442.000	1568.190	5.000	0.000	3.000	0.000	0.000
64.000	7440.000	1568.320	5.000	0.000	3.000	0.000	0.000
63.000	7452.000	1568.190	5.000	0.000	3.000	0.000	0.000
81.000	7487.000	1568.320	5.000	0.000	3.000	0.000	0.000
64.000	7528.000	1568.190	5.000	0.000	3.000	0.000	0.000
63.000	7582.000	1568.320	5.000	0.000	3.000	0.000	0.000
65.000	7636.000	1568.320	5.000	0.000	3.000	0.000	0.000
63.000	7701.000	1568.320	5.000	0.000	3.000	0.000	0.000
65.000	7765.000	1568.320	5.000	0.000	3.000	0.000	0.000
63.000	7842.000	1568.440	5.000	0.000	3.000	0.000	0.000
64.000	7936.000	1568.320	5.000	0.000	3.000	0.000	0.000
64.000	8035.000	1568.190	5.000	0.000	3.000	0.000	0.000
64.000	8156.000	1568.320	5.000	0.000	3.000	0.000	0.000
64.000	8309.000	1568.320	5.000	0.000	3.000	0.000	0.000
64.000	8494.000	1568.190	5.000	0.000	3.000	0.000	0.000
80.000	8794.000	1568.320	5.000	0.000	3.000	0.000	0.000
64.000	9570.000	1568.570	5.000	0.000	3.000	0.000	0.000
64.000	10243.000	1569.840	5.000	0.000	3.000	0.000	0.000
63.000	10607.000	1575.830	5.000	0.000	3.000	0.000	0.000
64.000	10780.000	1578.500	5.000	0.000	3.000	0.000	0.000
65.000	10830.000	1579.010	5.000	0.000	3.000	0.000	0.000
64.000	10876.000	1579.520	5.000	0.000	3.000	0.000	0.000
64.000	11050.000	1579.900	5.000	0.000	3.000	0.000	0.000
63.000	11191.000	1580.030	5.000	0.000	3.000	0.000	0.000
64.000	11210.000	1579.650	5.000	0.000	3.000	0.000	0.000
64.000	11210.000	1579.140	5.000	0.000	3.000	0.000	0.000
64.000	11212.000	1578.630	5.000	0.000	3.000	0.000	0.000
80.000	11133.000	1578.630	5.000	0.000	3.000	0.000	0.000
63.000	10776.000	1578.500	5.000	0.000	3.000	0.000	0.000
64.000	10490.000	1578.120	5.000	0.000	3.000	0.000	0.000
65.000	10309.000	1577.990	5.000	0.000	3.000	0.000	0.000
63.000	9799.000	1577.870	5.000	0.000	3.000	0.000	0.000
65.000	9344.000	1575.960	5.000	0.000	3.000	0.000	0.000
64.000	8950.000	1568.830	5.000	0.000	3.000	0.000	0.000
63.000	8705.000	1563.600	5.000	0.000	3.000	0.000	0.000
64.000	8516.000	1559.660	5.000	0.000	3.000	0.000	0.000
64.000	8375.000	1556.730	5.000	0.000	3.000	0.000	0.000
64.000	8226.000	1557.870	5.000	0.000	3.000	0.000	0.000
80.000	8112.000	1559.780	5.000	0.000	3.000	0.000	0.000
64.000	8012.000	1561.570	5.000	0.000	3.000	0.000	0.000
64.000	7923.000	1563.100	5.000	0.000	3.000	0.000	0.000
64.000	7845.000	1564.240	5.000	0.000	3.000	0.000	0.000
64.000	7772.000	1565.260	5.000	0.000	3.000	0.000	0.000
64.000	7712.000	1566.150	5.000	0.000	3.000	0.000	0.000
63.000	7665.000	1566.660	5.000	0.000	3.000	0.000	0.000
65.000	7619.000	1567.040	5.000	0.000	3.000	0.000	0.000
64.000	7583.000	1567.430	5.000	0.000	3.000	0.000	0.000
63.000	7506.000	1567.680	5.000	0.000	3.000	0.000	0.000
64.000	7524.000	1567.810	5.000	0.000	3.000	0.000	0.000
64.000	7526.000	1567.930	5.000	0.000	3.000	0.000	0.000
80.000	7520.000	1568.060	5.000	0.000	3.000	0.000	0.000
64.000	7512.000	1568.060	5.000	0.000	3.000	0.000	0.000
64.000	7501.000	1568.190	5.000	0.000	3.000	0.000	0.000
64.000	7502.000	1568.190	5.000	0.000	3.000	0.000	0.000
64.000	7497.000	1568.190	5.000	0.000	3.000	0.000	0.000
64.000	7490.000	1568.190	5.000	0.000	3.000	0.000	0.000
64.000	7482.000	1568.320	5.000	0.000	3.000	0.000	0.000
64.000	7473.000	1568.320	5.000	0.000	3.000	0.000	0.000
63.000	7468.000	1568.190	5.000	0.000	3.000	0.000	0.000
64.000	7465.000	1568.320	5.000	0.000	3.000	0.000	0.000
64.000	7462.000	1568.190	5.000	0.000	3.000	0.000	0.000
64.000	7464.000	1568.190	5.000	0.000	3.000	0.000	0.000
80.000	7452.000	1568.320	5.000	0.000	3.000	0.000	0.000
65.000	7449.000	1568.320	5.000	0.000	3.000	0.000	0.000
63.000	7451.000	1568.320	5.000	0.000	3.000	0.000	0.000
64.000	7445.000	1568.190	5.000	0.000	3.000	0.000	0.000
64.000	7441.000	1568.320	5.000	0.000	3.000	0.000	0.000
64.000	7439.000	1568.320	5.000	0.000	3.000	0.000	0.000
64.000	7432.000	1568.320	5.000	0.000	3.000	0.000	0.000
63.000	7436.000	1568.320	5.000	0.000	3.000	0.000	0.000
65.000	7435.000	1568.320	5.000	0.000	3.000	0.000	0.000
64.000	7436.000	1568.190	5.000	0.000	3.000	0.000	0.000
63.000	7430.000	1568.440	5.000	0.000	3.000	0.000	0.000
81.000	7427.000	1568.320	5.000	0.000	3.000	0.000	0.000
63.000	7432.000	1568.320	5.000	0.000	3.000	0.000	0.000
64.000	7425.000	1568.320	5.000	0.000	3.000	0.000	0.000
65.000	7431.000	1568.320	5.000	0.000	3.000	0.000	0.000
63.000	7425.000	1568.320	5.000	0.000	3.000	0.000	0.000
64.000	7425.000	1568.320	5.000	0.000	3.000	0.000	0.000
64.000	7426.000	1568.320	5.000	0.000	3.000	0.000	0.000
64.000	7432.000	1568.320	5.000	0.000	3.000	0.000	0.000
64.000	7426.000	1568.320	5.000	0.000	3.000	0.000	0.000
64.000	7429.000	1568.190	5.000	0.000	3.000	0.000	0.000
64.000	7428.000	1568.320	5.000	0.000	3.000	0.000	0.000
64.000	7430.000	1568.440	5.000	0.000	3.000	0.000	0.000
80.000	7434.000	1568.320	5.000	0.000	3.000	0.000	0.000
64.000	7427.000	1568.320	5.000	0.000	3.000	0.000	0.000
64.000	7425.000	1568.440	5.000	0.000	3.000	0.000	0.000
63.000	7422.000	1568.440	5.000	0.000	3.000	0.000	0.000
65.000	7425.000	1568.320	5.000	0.000	3.000	0.000	0.000
63.000	7424.000	1568.320	5.000	0.000	3.000	0.000	0.000
64.000	7425.000	1568.320	5.000	0.000	3.000	0.000	0.000
64.000	7429.000	1568.320	5.000	0.000	3.000	0.000	0.000
64.000	7421.000	1568.320	5.000	0.000	3.000	0.000	0.000
64.000	7419.000	1568.320	5.000	0.000	3.000	0.000	0.000
64.000	7418.000	1568.320	5.000	0.000	3.000	0.000	0.000
64.000	7425.000	1568.320	5.000	0.000	3.000	0.000	0.000
79.000	7446.000	1568.320	5.000	0.000	3.000	0.000	0.000
64.000	7487.000	1568.320	5.000	0.000	3.000	0.000	0.000
65.000	7537.000	1568.320	5.000	0.000	3.000	0.000	0.000
63.000	7588.000	1568.190	5.000	0.000	3.000	0.000	0.000
64.000	7655.000	1568.320	5.000	0.000	3.000	0.000	0.000
64.000	7721.000	1568.190	5.000	0.000	3.000	0.000	0.000
64.000	7786.000	1568.320	5.000	0.000	3.000	0.000	0.000
65.000	7878.000	1568.320	5.000	0.000	3.000	0.000	0.000
63.000	7971.000	1568.320	5.000	0.000	3.000	0.000	0.000
63.000	8079.000	1568.190	5.000	0.000	3.000	0.000	0.000
65.000	8216.000	1568.320	5.000	0.000	3.000	0.000	0.000
80.000	8383.000	1568.320	5.000	0.000	3.000	0.000	0.000
64.000	8591.000	1568.440	5.000	0.000	3.000	0.000	0.000
64.000	9175.000	1568.440	5.000	0.000	3.000	0.000	0.000
63.000	9932.000	1568.830	5.000	0.000	3.000	0.000	0.000
64.000	10440.000	1571.750	5.000	0.000	3.000	0.000	0.000
64.000	10723.000	1576.980	5.000	0.000	3.000	0.000	0.000
65.000	10813.000	1577.870	5.000	0.000	3.000	0.000	0.000
63.000	10836.000	1578.380	5.000	0.000	3.000	0.000	0.000
64.000	10953.000	1578.760	5.000	0.000	3.000	0.000	0.000
64.000	11121.000	1579.010	5.000	0.000	3.000	0.000	0.000
64.000	11198.000	1578.890	5.000	0.000	3.000	0.000	0.000
64.000	11180.000	1578.500	5.000	0.000	3.000	0.000	0.000
79.000	11211.000	1577.990	5.000	0.000	3.000	0.000	0.000
65.000	11191.000	1577.610	5.000	0.000	3.000	0.000	0.000
63.000	10964.000	1577.740	5.000	0.000	3.000	0.000	0.000
65.000	10607.000	1577.610	5.000	0.000	3.000	0.000	0.000
64.000	10383.000	1577.230	5.000	0.000	3.000	0.000	0.000
63.000	10059.000	1577.230	5.000	0.000	3.000	0.000	0.000
65.000	9545.000	1577.230	5.000	0.000	3.000	0.000	0.000
64.000	9087.000	1570.990	5.000	0.000	3.000	0.000	0.000
63.000	8778.000	1565.520	5.000	0.000	3.000	0.000	0.000
64.000	8555.000	1561.310	5.000	0.000	3.000	0.000	0.000
64.000	8400.000	1558.130	5.000	0.000	3.000	0.000	0.000
64.000	8264.000	1557.240	5.000	0.000	3.000	0.000	0.000
80.000	8144.000	1558.890	5.000	0.000	3.000	0.000	0.000
63.000	8038.000	1560.680	5.000	0.000	3.000	0.000	0.000
64.000	7945.000	1562.200	5.000	0.000	3.000	0.000	0.000
65.000	7865.000	1563.480	5.000	0.000	3.000	0.000	0.000
63.000	7792.000	1564.620	5.000	0.000	3.000	0.000	0.000
65.000	7735.000	1565.390	5.000	0.000	3.000	0.000	0.000
64.000	7682.000	1566.150	5.000	0.000	3.000	0.000	0.000
64.000	7626.000	1566.660	5.000	0.000	3.000	0.000	0.000
64.000	7598.000	1567.040	5.000	0.000	3.000	0.000	0.000
63.000	7586.000	1567.300	5.000	0.000	3.000	0.000	0.000
64.000	7589.000	1567.550	5.000	0.000	3.000	0.000	0.000
80.000	7601.000	1567.680	5.000	0.000	3.000	0.000	0.000
64.000	7592.000	1567.810	5.000	0.000	3.000	0.000	0.000
64.000	7580.000	1568.060	5.000	0.000	3.000	0.000	0.000
64.000	7575.000	1568.060	5.000	0.000	3.000	0.000	0.000
64.000	7571.000	1568.190	5.000	0.000	3.000	0.000	0.000
64.000	7563.000	1568.190	5.000	0.000	3.000	0.000	0.000
64.000	7566.000	1568.190	5.000	0.000	3.000	0.000	0.000
63.000	7550.000	1568.190	5.000	0.000	3.000	0.000	0.000
65.000	7545.000	1568.190	5.000	0.000	3.000	0.000	0.000
63.000	7541.000	1568.320	5.000	0.000	3.000	0.000	0.000
64.000	7534.000	1568.190	5.000	0.000	3.000	0.000	0.000
65.000	7528.000	1568.190	5.000	0.000	3.000	0.000	0.000
79.000	7532.000	1568.320	5.000	0.000	3.000	0.000	0.000
65.000	7521.000	1568.190	5.000	0.000	3.000	0.000	0.000
63.000	7461.000	1568.190	5.000	0.000	3.000	0.000	0.000
64.000	7450.000	1568.190	5.000	0.000	3.000	0.000	0.000
64.000	7445.000	1568.190	5.000	0.000	3.000	0.000	0.000
63.000	7443.000	1568.320	5.000	0.000	3.000	0.000	0.000
65.000	7440.000	1568.190	5.000	0.000	3.000	0.000	0.000
64.000	7435.000	1568.320	5.000	0.000	3.000	0.000	0.000
64.000	7432.000	1568.320	5.000	0.000	3.000	0.000	0.000
63.000	7432.000	1568.320	5.000	0.000	3.000	0.000	0.000
64.000	7433.000	1568.320	5.000	0.000	3.000	0.000	0.000
64.000	7421.000	1568.320	5.000	0.000	3.000	0.000	0.000
81.000	7425.000	1568.190	5.000	0.000	3.000	0.000	0.000
63.000	7418.000	1568.320	5.000	0.000	3.000	0.000	0.000
64.000	7421.000	1568.190	5.000	0.000	3.000	0.000	0.000
64.000	7415.000	1568.320	5.000	0.000	3.000	0.000	0.000
64.000	7417.000	1568.320	5.000	0.000	3.000	0.000	0.000
63.000	7418.000	1568.320	5.000	0.000	3.000	0.000	0.000
65.000	7420.000	1568.320	5.000	0.000	3.000	0.000	0.000
63.000	7420.000	1568.320	5.000	0.000	3.000	0.000	0.000
65.000	7414.000	1568.320	5.000	0.000	3.000	0.000	0.000
63.000	7412.000	1568.440	5.000	0.000	3.000	0.000	0.000
64.000	7411.000	1568.320	5.000	0.000	3.000	0.000	0.000
64.000	7416.000	1568.190	5.000	0.000	3.000	0.000	0.000
80.000	7419.000	1568.320	5.000	0.000	3.000	0.000	0.000
64.000	7419.000	1568.190	5.000	0.000	3.000	0.000	0.000
64.000	7414.000	1568.320	5.000	0.000	3.000	0.000	0.000
64.000	7416.000	1568.320	5.000	0.000	3.000	0.000	0.000
64.000	7423.000	1568.320	5.000	0.000	3.000	0.000	0.000
64.000	7417.000	1568.190	5.000	0.000	3.000	0.000	0.000
64.000	7421.000	1568.190	5.000	0.000	3.000	0.000	0.000
64.000	7422.000	1568.190	5.000	0.000	3.000	0.000	0.000
64.000	7415.000	1568.190	5.000	0.000	3.000	0.000	0.000
64.000	7418.000	1568.320	5.000	0.000	3.000	0.000	0.000
63.000	7421.000	1568.320	5.000	0.000	3.000	0.000	0.000
80.000	7416.000	1568.190	5.000	0.000	3.000	0.000	0.000
65.000	7423.000	1568.190	5.000	0.000	3.000	0.000	0.000
63.000	7449.000	1568.320	5.000	0.000	3.000	0.000	0.000
64.000	7490.000	1568.320	5.000	0.000	3.000	0.000	0.000
64.000	7539.000	1568.190	5.000	0.000	3.000	0.000	0.000
65.000	7596.000	1568.190	5.000	0.000	3.000	0.000	0.000
63.000	7654.000	1568.320	5.000	0.000	3.000	0.000	0.000
64.000	7724.000	1568.190	5.000	0.000	3.000	0.000	0.000
63.000	7796.000	1568.190	5.000	0.000	3.000	0.000	0.000
65.000	7889.000	1568.320	5.000	0.000	3.000	0.000	0.000
63.000	7979.000	1568.320	5.000	0.000	3.000	0.000	0.000
65.000	8092.000	1568.190	5.000	0.000	3.000	0.000	0.000
80.000	8232.000	1568.320	5.000	0.000	3.000	0.000	0.000
64.000	8407.000	1568.320	5.000	0.000	3.000	0.000	0.000
64.000	8610.000	1568.320	5.000	0.000	3.000	0.000	0.000
63.000	9280.000	1568.440	5.000	0.000	3.000	0.000	0.000
64.000	10008.000	1568.830	5.000	0.000	3.000	0.000	0.000
64.000	10486.000	1572.260	5.000	0.000	3.000	0.000	0.000
64.000	10739.000	1576.720	5.000	0.000	3.000	0.000	0.000
64.000	10814.000	1577.230	5.000	0.000	3.000	0.000	0.000
63.000	10851.000	1577.740	5.000	0.000	3.000	0.000	0.000
65.000	10965.000	1578.380	5.000	0.000	3.000	0.000	0.000
64.000	11148.000	1578.500	5.000	0.000	3.000	0.000	0.000
64.000	11238.000	1578.380	5.000	0.000	3.000	0.000	0.000
80.000	11233.000	1577.990	5.000	0.000	3.000	0.000	0.000
63.000	11244.000	1577.490	5.000	0.000	3.000	0.000	0.000
65.000	11239.000	1577.100	5.000	0.000	3.000	0.000	0.000
64.000	11097.000	1576.850	5.000	0.000	3.000	0.000	0.000
64.000	10717.000	1576.850	5.000	0.000	3.000	0.000	0.000
64.000	10446.000	1576.720	5.000	0.000	3.000	0.000	0.000
63.000	10291.000	1576.470	5.000	0.000	3.000	0.000	0.000
64.000	9662.000	1576.590	5.000	0.000	3.000	0.000	0.000
64.000	9168.000	1576.340	5.000	0.000	3.000	0.000	0.000
64.000	8791.000	1570.480	5.000	0.000	3.000	0.000	0.000
64.000	8560.000	1565.260	5.000	0.000	3.000	0.000	0.000
79.000	8393.000	1561.440	5.000	0.000	3.000	0.000	0.000
65.000	8258.000	1558.260	5.000	0.000	3.000	0.000	0.000
63.000	8133.000	1557.490	5.000	0.000	3.000	0.000	0.000
64.000	8025.000	1559.020	5.000	0.000	3.000	0.000	0.000
65.000	7930.000	1560.550	5.000	0.000	3.000	0.000	0.000
64.000	7851.000	1561.950	5.000	0.000	3.000	0.000	0.000
64.000	7781.000	1563.220	5.000	0.000	3.000	0.000	0.000
63.000	7714.000	1564.240	5.000	0.000	3.000	0.000	0.000
65.000	7657.000	1564.880	5.000	0.000	3.000	0.000	0.000
63.000	7612.000	1565.770	5.000	0.000	3.000	0.000	0.000
64.000	7574.000	1566.280	5.000	0.000	3.000	0.000	0.000
64.000	7558.000	1566.660	5.000	0.000	3.000	0.000	0.000
80.000	7549.000	1567.170	5.000	0.000	3.000	0.000	0.000
64.000	7571.000	1567.300	5.000	0.000	3.000	0.000	0.000
64.000	7583.000	1567.550	5.000	0.000	3.000	0.000	0.000
64.000	7568.000	1567.680	5.000	0.000	3.000	0.000	0.000
64.000	7566.000	1567.930	5.000	0.000	3.000	0.000	0.000
64.000	7553.000	1567.930	5.000	0.000	3.000	0.000	0.000
63.000	7550.000	1567.930	5.000	0.000	3.000	0.000	0.000
64.000	7542.000	1568.060	5.000	0.000	3.000	0.000	0.000
65.000	7540.000	1568.190	5.000	0.000	3.000	0.000	0.000
63.000	7529.000	1568.190	5.000	0.000	3.000	0.000	0.000
64.000	7537.000	1568.190	5.000	0.000	3.000	0.000	0.000
64.000	7523.000	1568.190	5.000	0.000	3.000	0.000	0.000
80.000	7520.000	1568.190	5.000	0.000	3.000	0.000	0.000
64.000	7512.000	1568.190	5.000	0.000	3.000	0.000	0.000
63.000	7512.000	1568.190	5.000	0.000	3.000	0.000	0.000
64.000	7511.000	1568.190	5.000	0.000	3.000	0.000	0.000
65.000	7446.000	1568.320	5.000	0.000	3.000	0.000	0.000
63.000	7444.000	1568.190	5.000	0.000	3.000	0.000	0.000
64.000	7434.000	1568.190	5.000	0.000	3.000	0.000	0.000
64.000	7430.000	1568.320	5.000	0.000	3.000	0.000	0.000
65.000	7429.000	1568.190	5.000	0.000	3.000	0.000	0.000
63.000	7429.000	1568.320	5.000	0.000	3.000	0.000	0.000
65.000	7424.000	1568.190	5.000	0.000	3.000	0.000	0.000
79.000	7422.000	1568.320	5.000	0.000	3.000	0.000	0.000
64.000	7422.000	1568.190	5.000	0.000	3.000	0.000	0.000
64.000	7420.000	1568.440	5.000	0.000	3.000	0.000	0.000
64.000	7413.000	1568.190	5.000	0.000	3.000	0.000	0.000
63.000	7417.000	1568.320	5.000	0.000	3.000	0.000	0.000
65.000	7419.000	1568.190	5.000	0.000	3.000	0.000	0.000
63.000	7412.000	1568.190	5.000	0.000	3.000	0.000	0.000
65.000	7410.000	1568.320	5.000	0.000	3.000	0.000	0.000
63.000	7410.000	1568.320	5.000	0.000	3.000	0.000	0.000
64.000	7410.000	1568.320	5.000	0.000	3.000	0.000	0.000
64.000	7411.000	1568.320	5.000	0.000	3.000	0.000	0.000
64.000	7410.000	1568.320	5.000	0.000	3.000	0.000	0.000
80.000	7414.000	1568.320	5.000	0.000	3.000	0.000	0.000
64.000	7414.000	1568.320	5.000	0.000	3.000	0.000	0.000
64.000	7411.000	1568.320	5.000	0.000	3.000	0.000	0.000
64.000	7406.000	1568.320	5.000	0.000	3.000	0.000	0.000
64.000	7406.000	1568.320	5.000	0.000	3.000	0.000	0.000
64.000	7408.000	1568.190	5.000	0.000	3.000	0.000	0.000
64.000	7412.000	1568.190	5.000	0.000	3.000	0.000	0.000
64.000	7410.000	1568.320	5.000	0.000	3.000	0.000	0.000
64.000	7412.000	1568.320	5.000	0.000	3.000	0.000	0.000
64.000	7416.000	1568.190	5.000	0.000	3.000	0.000	0.000
63.000	7410.000	1568.320	5.000	0.000	3.000	0.000	0.000
64.000	7407.000	1568.320	5.000	0.000	3.000	0.000	0.000
80.000	7413.000	1568.320	5.000	0.000	3.000	0.000	0.000
64.000	7414.000	1568.320	5.000	0.000	3.000	0.000	0.000
64.000	7413.000	1568.320	5.000	0.000	3.000	0.000	0.000
64.000	7443.000	1568.320	5.000	0.000	3.000	0.000	0.000
64.000	7490.000	1568.320	5.000	0.000	3.000	0.000	0.000
64.000	7533.000	1568.320	5.000	0.000	3.000	0.000	0.000
63.000	7591.000	1568.320	5.000	0.000	3.000	0.000	0.000
65.000	7652.000	1568.190	5.000	0.000	3.000	0.000	0.000
64.000	7718.000	1568.320	5.000	0.000	3.000	0.000	0.000
64.000	7799.000	1568.320	5.000	0.000	3.000	0.000	0.000
63.000	7886.000	1568.440	5.000	0.000	3.000	0.000	0.000
81.000	7984.000	1568.320	5.000	0.000	3.000	0.000	0.000
63.000	8095.000	1568.190	5.000	0.000	3.000	0.000	0.000
65.000	8231.000	1568.320	5.000	0.000	3.000	0.000	0.000
63.000	8402.000	1568.320	5.000	0.000	3.000	0.000	0.000
63.000	8614.000	1568.320	5.000	0.000	3.000	0.000	0.000
65.000	9244.000	1568.440	5.000	0.000	3.000	0.000	0.000
64.000	9995.000	1568.830	5.000	0.000	3.000	0.000	0.000
64.000	10484.000	1571.750	5.000	0.000	3.000	0.000	0.000
64.000	10740.000	1576.080	5.000	0.000	3.000	0.000	0.000
64.000	10814.000	1576.470	5.000	0.000	3.000	0.000	0.000
63.000	10849.000	1576.980	5.000	0.000	3.000	0.000	0.000
64.000	10960.000	1577.490	5.000	0.000	3.000	0.000	0.000
80.000	11129.000	1577.740	5.000	0.000	3.000	0.000	0.000
65.000	11221.000	1577.490	5.000	0.000	3.000	0.000	0.000
63.000	11209.000	1576.980	5.000	0.000	3.000	0.000	0.000
65.000	11230.000	1576.720	5.000	0.000	3.000	0.000	0.000
63.000	11227.000	1576.210	5.000	0.000	3.000	0.000	0.000
64.000	11055.000	1576.210	5.000	0.000	3.000	0.000	0.000
63.000	10676.000	1576.210	5.000	0.000	3.000	0.000	0.000
65.000	10419.000	1576.080	5.000	0.000	3.000	0.000	0.000
64.000	10277.000	1576.080	5.000	0.000	3.000	0.000	0.000
63.000	9633.000	1575.960	5.000	0.000	3.000	0.000	0.000
65.000	9148.000	1573.410	5.000	0.000	3.000	0.000	0.000
63.000	8775.000	1568.060	5.000	0.000	3.000	0.000	0.000
81.000	8542.000	1563.600	5.000	0.000	3.000	0.000	0.000
64.000	8394.000	1560.170	5.000	0.000	3.000	0.000	0.000
64.000	8250.000	1557.370	5.000	0.000	3.000	0.000	0.000
64.000	8127.000	1558.130	5.000	0.000	3.000	0.000	0.000
63.000	8021.000	1559.660	5.000	0.000	3.000	0.000	0.000
64.000	7933.000	1561.190	5.000	0.000	3.000	0.000	0.000
64.000	7851.000	1562.460	5.000	0.000	3.000	0.000	0.000
64.000	7764.000	1563.480	5.000	0.000	3.000	0.000	0.000
64.000	7697.000	1564.500	5.000	0.000	3.000	0.000	0.000
64.000	7638.000	1565.260	5.000	0.000	3.000	0.000	0.000
64.000	7594.000	1565.770	5.000	0.000	3.000	0.000	0.000
80.000	7559.000	1566.410	5.000	0.000	3.000	0.000	0.000
63.000	7540.000	1566.790	5.000	0.000	3.000	0.000	0.000
64.000	7549.000	1567.040	5.000	0.000	3.000	0.000	0.000
64.000	7569.000	1567.300	5.000	0.000	3.000	0.000	0.000
65.000	7569.000	1567.680	5.000	0.000	3.000	0.000	0.000
63.000	7568.000	1567.680	5.000	0.000	3.000	0.000	0.000
64.000	7557.000	1567.810	5.000	0.000	3.000	0.000	0.000
64.000	7551.000	1567.930	5.000	0.000	3.000	0.000	0.000
64.000	7553.000	1568.060	5.000	0.000	3.000	0.000	0.000
64.000	7551.000	1568.060	5.000	0.000	3.000	0.000	0.000
64.000	7517.000	1568.060	5.000	0.000	3.000	0.000	0.000
63.000	7471.000	1568.060	5.000	0.000	3.000	0.000	0.000
81.000	7458.000	1568.190	5.000	0.000	3.000	0.000	0.000
64.000	7457.000	1568.060	5.000	0.000	3.000	0.000	0.000
64.000	7448.000	1568.320	5.000	0.000	3.000	0.000	0.000
63.000	7450.000	1568.190	5.000	0.000	3.000	0.000	0.000
65.000	7448.000	1568.320	5.000	0.000	3.000	0.000	0.000
63.000	7445.000	1568.320	5.000	0.000	3.000	0.000	0.000
64.000	7441.000	1568.320	5.000	0.000	3.000	0.000	0.000
64.000	7439.000	1568.320	5.000	0.000	3.000	0.000	0.000
64.000	7440.000	1568.190	5.000	0.000	3.000	0.000	0.000
64.000	7437.000	1568.320	5.000	0.000	3.000	0.000	0.000
64.000	7434.000	1568.190	5.000	0.000	3.000	0.000	0.000
64.000	7434.000	1568.190	5.000	0.000	3.000	0.000	0.000
80.000	7435.000	1568.320	5.000	0.000	3.000	0.000	0.000
64.000	7433.000	1568.320	5.000	0.000	3.000	0.000	0.000
63.000	7434.000	1568.320	5.000	0.000	3.000	0.000	0.000
64.000	7429.000	1568.320	5.000	0.000	3.000	0.000	0.000
64.000	7423.000	1568.190	5.000	0.000	3.000	0.000	0.000
64.000	7435.000	1568.320	5.000	0.000	3.000	0.000	0.000
65.000	7429.000	1568.190	5.000	0.000	3.000	0.000	0.000
63.000	7431.000	1568.320	5.000	0.000	3.000	0.000	0.000
64.000	7419.000	1568.440	5.000	0.000	3.000	0.000	0.000
64.000	7425.000	1568.320	5.000	0.000	3.000	0.000	0.000
64.000	7420.000	1568.190	5.000	0.000	3.000	0.000	0.000
80.000	7416.000	1568.190	5.000	0.000	3.000	0.000	0.000
63.000	7417.000	1568.320	5.000	0.000	3.000	0.000	0.000
65.000	7423.000	1568.440	5.000	0.000	3.000	0.000	0.000
63.000	7422.000	1568.190	5.000	0.000	3.000	0.000	0.000
65.000	7415.000	1568.190	5.000	0.000	3.000	0.000	0.000
64.000	7418.000	1568.320	5.000	0.000	3.000	0.000	0.000
63.000	7418.000	1568.190	5.000	0.000	3.000	0.000	0.000
65.000	7423.000	1568.440	5.000	0.000	3.000	0.000	0.000
63.000	7417.000	1568.320	5.000	0.000	3.000	0.000	0.000
64.000	7419.000	1568.320	5.000	0.000	3.000	0.000	0.000
65.000	7416.000	1568.320	5.000	0.000	3.000	0.000	0.000
63.000	7421.000	1568.190	5.000	0.000	3.000	0.000	0.000
80.000	7420.000	1568.190	5.000	0.000	3.000	0.000	0.000
64.000	7420.000	1568.190	5.000	0.000	3.000	0.000	0.000
64.000	7420.000	1568.320	5.000	0.000	3.000	0.000	0.000
64.000	7427.000	1568.320	5.000	0.000	3.000	0.000	0.000
63.000	7426.000	1568.190	5.000	0.000	3.000	0.000	0.000
64.000	7447.000	1568.190	5.000	0.000	3.000	0.000	0.000
64.000	7495.000	1568.320	5.000	0.000	3.000	0.000	0.000
64.000	7550.000	1568.190	5.000	0.000	3.000	0.000	0.000
65.000	7598.000	1568.060	5.000	0.000	3.000	0.000	0.000
64.000	7658.000	1568.320	5.000	0.000	3.000	0.000	0.000
63.000	7728.000	1568.320	5.000	0.000	3.000	0.000	0.000
64.000	7803.000	1568.320	5.000	0.000	3.000	0.000	0.000
80.000	7886.000	1568.190	5.000	0.000	3.000	0.000	0.000
64.000	7985.000	1568.320	5.000	0.000	3.000	0.000	0.000
64.000	8095.000	1568.190	5.000	0.000	3.000	0.000	0.000
64.000	8235.000	1568.320	5.000	0.000	3.000	0.000	0.000
64.000	8397.000	1568.320	5.000	0.000	3.000	0.000	0.000
63.000	8610.000	1568.320	5.000	0.000	3.000	0.000	0.000
65.000	9154.000	1568.570	5.000	0.000	3.000	0.000	0.000
64.000	9914.000	1568.700	5.000	0.000	3.000	0.000	0.000
63.000	10442.000	1571.120	5.000	0.000	3.000	0.000	0.000
65.000	10713.000	1575.580	5.000	0.000	3.000	0.000	0.000
64.000	10807.000	1576.340	5.000	0.000	3.000	0.000	0.000
79.000	10830.000	1576.720	5.000	0.000	3.000	0.000	0.000
65.000	10916.000	1577.230	5.000	0.000	3.000	0.000	0.000
63.000	11089.000	1577.490	5.000	0.000	3.000	0.000	0.000
64.000	11189.000	1577.360	5.000	0.000	3.000	0.000	0.000
64.000	11180.000	1576.980	5.000	0.000	3.000	0.000	0.000
64.000	11201.000	1576.340	5.000	0.000	3.000	0.000	0.000
64.000	11203.000	1576.210	5.000	0.000	3.000	0.000	0.000
63.000	11077.000	1575.700	5.000	0.000	3.000	0.000	0.000
64.000	10699.000	1575.960	5.000	0.000	3.000	0.000	0.000
64.000	10426.000	1575.830	5.000	0.000	3.000	0.000	0.000
64.000	10281.000	1575.700	5.000	0.000	3.000	0.000	0.000
64.000	9676.000	1575.700	5.000	0.000	3.000	0.000	0.000
80.000	9186.000	1573.280	5.000	0.000	3.000	0.000	0.000
64.000	8809.000	1567.810	5.000	0.000	3.000	0.000	0.000
65.000	8556.000	1563.730	5.000	0.000	3.000	0.000	0.000
63.000	8393.000	1560.170	5.000	0.000	3.000	0.000	0.000
64.000	8251.000	1557.620	5.000	0.000	3.000	0.000	0.000
64.000	8133.000	1558.130	5.000	0.000	3.000	0.000	0.000
63.000	8023.000	1559.530	5.000	0.000	3.000	0.000	0.000
64.000	7929.000	1561.060	5.000	0.000	3.000	0.000	0.000
64.000	7848.000	1562.330	5.000	0.000	3.000	0.000	0.000
64.000	7776.000	1563.480	5.000	0.000	3.000	0.000	0.000
64.000	7715.000	1564.370	5.000	0.000	3.000	0.000	0.000
65.000	7656.000	1565.010	5.000	0.000	3.000	0.000	0.000
80.000	7608.000	1565.640	5.000	0.000	3.000	0.000	0.000
63.000	7570.000	1566.280	5.000	0.000	3.000	0.000	0.000
64.000	7565.000	1566.660	5.000	0.000	3.000	0.000	0.000
64.000	7556.000	1566.920	5.000	0.000	3.000	0.000	0.000
64.000	7583.000	1567.170	5.000	0.000	3.000	0.000	0.000
64.000	7589.000	1567.430	5.000	0.000	3.000	0.000	0.000
64.000	7578.000	1567.550	5.000	0.000	3.000	0.000	0.000
64.000	7572.000	1567.810	5.000	0.000	3.000	0.000	0.000
63.000	7563.000	1567.930	5.000	0.000	3.000	0.000	0.000
65.000	7557.000	1567.810	5.000	0.000	3.000	0.000	0.000
63.000	7554.000	1568.060	5.000	0.000	3.000	0.000	0.000
65.000	7548.000	1568.060	5.000	0.000	3.000	0.000	0.000
80.000	7549.000	1568.060	5.000	0.000	3.000	0.000	0.000
63.000	7537.000	1568.190	5.000	0.000	3.000	0.000	0.000
64.000	7538.000	1568.060	5.000	0.000	3.000	0.000	0.000
64.000	7529.000	1568.190	5.000	0.000	3.000	0.000	0.000
64.000	7527.000	1568.060	5.000	0.000	3.000	0.000	0.000
64.000	7531.000	1568.320	5.000	0.000	3.000	0.000	0.000
64.000	7521.000	1568.190	5.000	0.000	3.000	0.000	0.000
64.000	7492.000	1568.190	5.000	0.000	3.000	0.000	0.000
64.000	7454.000	1568.060	5.000	0.000	3.000	0.000	0.000
63.000	7450.000	1568.190	5.000	0.000	3.000	0.000	0.000
65.000	7445.000	1568.190	5.000	0.000	3.000	0.000	0.000
80.000	7444.000	1568.320	5.000	0.000	3.000	0.000	0.000
64.000	7448.000	1568.190	5.000	0.000	3.000	0.000	0.000
63.000	7448.000	1568.190	5.000	0.000	3.000	0.000	0.000
64.000	7447.000	1568.190	5.000	0.000	3.000	0.000	0.000
65.000	7437.000	1568.190	5.000	0.000	3.000	0.000	0.000
64.000	7441.000	1568.320	5.000	0.000	3.000	0.000	0.000
64.000	7437.000	1568.320	5.000	0.000	3.000	0.000	0.000
63.000	7436.000	1568.190	5.000	0.000	3.000	0.000	0.000
64.000	7437.000	1568.190	5.000	0.000	3.000	0.000	0.000
65.000	7433.000	1568.190	5.000	0.000	3.000	0.000	0.000
62.000	7435.000	1568.190	5.000	0.000	3.000	0.000	0.000
65.000	7428.000	1568.190	5.000	0.000	3.000	0.000	0.000
79.000	7434.000	1568.190	5.000	0.000	3.000	0.000	0.000
64.000	7425.000	1568.060	5.000	0.000	3.000	0.000	0.000
64.000	7424.000	1568.190	5.000	0.000	3.000	0.000	0.000
64.000	7427.000	1568.190	5.000	0.000	3.000	0.000	0.000
65.000	7429.000	1568.190	5.000	0.000	3.000	0.000	0.000
63.000	7428.000	1568.320	5.000	0.000	3.000	0.000	0.000
65.000	7422.000	1568.320	5.000	0.000	3.000	0.000	0.000
63.000	7421.000	1568.190	5.000	0.000	3.000	0.000	0.000
65.000	7418.000	1568.320	5.000	0.000	3.000	0.000	0.000
63.000	7425.000	1568.320	5.000	0.000	3.000	0.000	0.000
64.000	7416.000	1568.190	5.000	0.000	3.000	0.000	0.000
64.000	7422.000	1568.320	5.000	0.000	3.000	0.000	0.000
80.000	7421.000	1568.320	5.000	0.000	3.000	0.000	0.000
63.000	7422.000	1568.190	5.000	0.000	3.000	0.000	0.000
65.000	7424.000	1568.320	5.000	0.000	3.000	0.000	0.000
63.000	7424.000	1568.320	5.000	0.000	3.000	0.000	0.000
65.000	7427.000	1568.320	5.000	0.000	3.000	0.000	0.000
63.000	7432.000	1568.190	5.000	0.000	3.000	0.000	0.000
65.000	7450.000	1568.190	5.000	0.000	3.000	0.000	0.000
64.000	7500.000	1568.190	5.000	0.000	3.000	0.000	0.000
63.000	7552.000	1568.320	5.000	0.000	3.000	0.000	0.000
64.000	7605.000	1568.320	5.000	0.000	3.000	0.000	0.000
64.000	7666.000	1568.190	5.000	0.000	3.000	0.000	0.000
80.000	7734.000	1568.190	5.000	0.000	3.000	0.000	0.000
64.000	7807.000	1568.320	5.000	0.000	3.000	0.000	0.000
64.000	7895.000	1568.320	5.000	0.000	3.000	0.000	0.000
64.000	7996.000	1568.320	5.000	0.000	3.000	0.000	0.000
63.000	8101.000	1568.190	5.000	0.000	3.000	0.000	0.000
65.000	8240.000	1568.190	5.000	0.000	3.000	0.000	0.000
64.000	8415.000	1568.320	5.000	0.000	3.000	0.000	0.000
64.000	8614.000	1568.440	5.000	0.000	3.000	0.000	0.000
63.000	9183.000	1568.320	5.000	0.000	3.000	0.000	0.000
64.000	9939.000	1568.700	5.000	0.000	3.000	0.000	0.000
64.000	10451.000	1571.250	5.000	0.000	3.000	0.000	0.000
64.000	10717.000	1575.580	5.000	0.000	3.000	0.000	0.000
80.000	10807.000	1576.080	5.000	0.000	3.000	0.000	0.000
64.000	10828.000	1576.470	5.000	0.000	3.000	0.000	0.000
64.000	10921.000	1576.980	5.000	0.000	3.000	0.000	0.000
64.000	11072.000	1577.230	5.000	0.000	3.000	0.000	0.000
64.000	11132.000	1577.100	5.000	0.000	3.000	0.000	0.000
64.000	11128.000	1576.470	5.000	0.000	3.000	0.000	0.000
64.000	11161.000	1576.080	5.000	0.000	3.000	0.000	0.000
64.000	11164.000	1575.700	5.000	0.000	3.000	0.000	0.000
64.000	10940.000	1576.080	5.000	0.000	3.000	0.000	0.000
64.000	10580.000	1575.830	5.000	0.000	3.000	0.000	0.000
63.000	10352.000	1575.700	5.000	0.000	3.000	0.000	0.000
64.000	10076.000	1575.580	5.000	0.000	3.000	0.000	0.000
80.000	9539.000	1573.790	5.000	0.000	3.000	0.000	0.000
64.000	9084.000	1568.570	5.000	0.000	3.000	0.000	0.000
64.000	8760.000	1564.500	5.000	0.000	3.000	0.000	0.000
64.000	8528.000	1561.060	5.000	0.000	3.000	0.000	0.000
64.000	8380.000	1558.380	5.000	0.000	3.000	0.000	0.000
64.000	8237.000	1557.620	5.000	0.000	3.000	0.000	0.000
64.000	8117.000	1559.020	5.000	0.000	3.000	0.000	0.000
64.000	8012.000	1560.420	5.000	0.000	3.000	0.000	0.000
63.000	7925.000	1561.690	5.000	0.000	3.000	0.000	0.000
64.000	7849.000	1562.840	5.000	0.000	3.000	0.000	0.000
65.000	7774.000	1563.990	5.000	0.000	3.000	0.000	0.000
79.000	7698.000	1564.750	5.000	0.000	3.000	0.000	0.000
65.000	7642.000	1565.390	5.000	0.000	3.000	0.000	0.000
63.000	7596.000	1566.020	5.000	0.000	3.000	0.000	0.000
64.000	7568.000	1566.530	5.000	0.000	3.000	0.000	0.000
65.000	7556.000	1566.920	5.000	0.000	3.000	0.000	0.000
63.000	7572.000	1567.170	5.000	0.000	3.000	0.000	0.000
64.000	7592.000	1567.430	5.000	0.000	3.000	0.000	0.000
64.000	7595.000	1567.550	5.000	0.000	3.000	0.000	0.000
63.000	7589.000	1567.680	5.000	0.000	3.000	0.000	0.000
65.000	7582.000	1567.810	5.000	0.000	3.000	0.000	0.000
63.000	7580.000	1567.930	5.000	0.000	3.000	0.000	0.000
64.000	7568.000	1568.060	5.000	0.000	3.000	0.000	0.000
80.000	7544.000	1568.060	5.000	0.000	3.000	0.000	0.000
64.000	7485.000	1568.190	5.000	0.000	3.000	0.000	0.000
64.000	7483.000	1568.060	5.000	0.000	3.000	0.000	0.000
64.000	7481.000	1568.060	5.000	0.000	3.000	0.000	0.000
64.000	7479.000	1568.190	5.000	0.000	3.000	0.000	0.000
65.000	7475.000	1568.060	5.000	0.000	3.000	0.000	0.000
63.000	7472.000	1568.320	5.000	0.000	3.000	0.000	0.000
64.000	7472.000	1568.320	5.000	0.000	3.000	0.000	0.000
64.000	7464.000	1568.320	5.000	0.000	3.000	0.000	0.000
64.000	7461.000	1568.320	5.000	0.000	3.000	0.000	0.000
64.000	7459.000	1568.190	5.000	0.000	3.000	0.000	0.000
64.000	7457.000	1568.320	5.000	0.000	3.000	0.000	0.000
80.000	7458.000	1568.190	5.000	0.000	3.000	0.000	0.000
64.000	7449.000	1568.190	5.000	0.000	3.000	0.000	0.000
64.000	7452.000	1568.190	5.000	0.000	3.000	0.000	0.000
64.000	7452.000	1568.190	5.000	0.000	3.000	0.000	0.000
63.000	7452.000	1568.190	5.000	0.000	3.000	0.000	0.000
64.000	7449.000	1568.320	5.000	0.000	3.000	0.000	0.000
64.000	7448.000	1568.190	5.000	0.000	3.000	0.000	0.000
64.000	7453.000	1568.320	5.000	0.000	3.000	0.000	0.000
64.000	7450.000	1568.190	5.000	0.000	3.000	0.000	0.000
64.000	7454.000	1568.060	5.000	0.000	3.000	0.000	0.000
64.000	7447.000	1568.190	5.000	0.000	3.000	0.000	0.000
64.000	7444.000	1568.190	5.000	0.000	3.000	0.000	0.000
79.000	7449.000	1568.190	5.000	0.000	3.000	0.000	0.000
64.000	7443.000	1568.190	5.000	0.000	3.000	0.000	0.000
65.000	7446.000	1568.190	5.000	0.000	3.000	0.000	0.000
63.000	7445.000	1568.190	5.000	0.000	3.000	0.000	0.000
65.000	7441.000	1568.190	5.000	0.000	3.000	0.000	0.000
64.000	7433.000	1568.060	5.000	0.000	3.000	0.000	0.000
63.000	7440.000	1568.320	5.000	0.000	3.000	0.000	0.000
64.000	7438.000	1568.190	5.000	0.000	3.000	0.000	0.000
64.000	7430.000	1568.190	5.000	0.000	3.000	0.000	0.000
64.000	7439.000	1568.190	5.000	0.000	3.000	0.000	0.000
64.000	7433.000	1568.190	5.000	0.000	3.000	0.000	0.000
80.000	7429.000	1568.190	5.000	0.000	3.000	0.000	0.000
64.000	7437.000	1568.190	5.000	0.000	3.000	0.000	0.000
64.000	7431.000	1568.320	5.000	0.000	3.000	0.000	0.000
64.000	7437.000	1568.060	5.000	0.000	3.000	0.000	0.000
64.000	7434.000	1568.190	5.000	0.000	3.000	0.000	0.000
63.000	7441.000	1568.320	5.000	0.000	3.000	0.000	0.000
64.000	7434.000	1568.190	5.000	0.000	3.000	0.000	0.000
64.000	7438.000	1568.320	5.000	0.000	3.000	0.000	0.000
65.000	7467.000	1568.190	5.000	0.000	3.000	0.000	0.000
63.000	7516.000	1568.190	5.000	0.000	3.000	0.000	0.000
65.000	7566.000	1568.190	5.000	0.000	3.000	0.000	0.000
63.000	7627.000	1568.190	5.000	0.000	3.000	0.000	0.000
80.000	7682.000	1568.190	5.000	0.000	3.000	0.000	0.000
64.000	7754.000	1568.190	5.000	0.000	3.000	0.000	0.000
64.000	7833.000	1568.190	5.000	0.000	3.000	0.000	0.000
64.000	7909.000	1568.190	5.000	0.000	3.000	0.000	0.000
63.000	8015.000	1568.190	5.000	0.000	3.000	0.000	0.000
65.000	8128.000	1568.190	5.000	0.000	3.000	0.000	0.000
64.000	8272.000	1568.320	5.000	0.000	3.000	0.000	0.000
64.000	8434.000	1568.190	5.000	0.000	3.000	0.000	0.000
64.000	8654.000	1568.190	5.000	0.000	3.000	0.000	0.000
63.000	9292.000	1568.320	5.000	0.000	3.000	0.000	0.000
65.000	10016.000	1568.700	5.000	0.000	3.000	0.000	0.000
63.000	10484.000	1571.880	5.000	0.000	3.000	0.000	0.000
80.000	10733.000	1575.320	5.000	0.000	3.000	0.000	0.000
64.000	10800.000	1575.830	5.000	0.000	3.000	0.000	0.000
64.000	10835.000	1576.340	5.000	0.000	3.000	0.000	0.000
63.000	10945.000	1576.850	5.000	0.000	3.000	0.000	0.000
64.000	11103.000	1577.100	5.000	0.000	3.000	0.000	0.000
64.000	11181.000	1576.850	5.000	0.000	3.000	0.000	0.000
65.000	11168.000	1576.470	5.000	0.000	3.000	0.000	0.000
63.000	11204.000	1575.960	5.000	0.000	3.000	0.000	0.000
64.000	11202.000	1575.580	5.000	0.000	3.000	0.000	0.000
64.000	11027.000	1575.700	5.000	0.000	3.000	0.000	0.000
64.000	10649.000	1575.700	5.000	0.000	3.000	0.000	0.000
80.000	10388.000	1575.580	5.000	0.000	3.000	0.000	0.000
64.000	10242.000	1575.320	5.000	0.000	3.000	0.000	0.000
64.000	9593.000	1575.190	5.000	0.000	3.000	0.000	0.000
64.000	9112.000	1571.630	5.000	0.000	3.000	0.000	0.000
64.000	8758.000	1566.790	5.000	0.000	3.000	0.000	0.000
63.000	8519.000	1562.970	5.000	0.000	3.000	0.000	0.000
65.000	8358.000	1559.780	5.000	0.000	3.000	0.000	0.000
63.000	8222.000	1557.240	5.000	0.000	3.000	0.000	0.000
64.000	8101.000	1558.510	5.000	0.000	3.000	0.000	0.000
64.000	7996.000	1559.660	5.000	0.000	3.000	0.000	0.000
64.000	7907.000	1561.190	5.000	0.000	3.000	0.000	0.000
64.000	7831.000	1562.460	5.000	0.000	3.000	0.000	0.000
80.000	7753.000	1563.480	5.000	0.000	3.000	0.000	0.000
64.000	7691.000	1564.370	5.000	0.000	3.000	0.000	0.000
64.000	7644.000	1565.130	5.000	0.000	3.000	0.000	0.000
64.000	7592.000	1565.770	5.000	0.000	3.000	0.000	0.000
64.000	7559.000	1566.150	5.000	0.000	3.000	0.000	0.000
64.000	7537.000	1566.660	5.000	0.000	3.000	0.000	0.000
64.000	7551.000	1566.920	5.000	0.000	3.000	0.000	0.000
64.000	7573.000	1567.170	5.000	0.000	3.000	0.000	0.000
64.000	7582.000	1567.430	5.000	0.000	3.000	0.000	0.000
64.000	7581.000	1567.680	5.000	0.000	3.000	0.000	0.000
63.000	7572.000	1567.680	5.000	0.000	3.000	0.000	0.000
65.000	7567.000	1567.810	5.000	0.000	3.000	0.000	0.000
79.000	7557.000	1568.060	5.000	0.000	3.000	0.000	0.000
64.000	7552.000	1567.930	5.000	0.000	3.000	0.000	0.000
64.000	7546.000	1568.060	5.000	0.000	3.000	0.000	0.000
64.000	7552.000	1568.190	5.000	0.000	3.000	0.000	0.000
64.000	7545.000	1568.060	5.000	0.000	3.000	0.000	0.000
64.000	7538.000	1568.190	5.000	0.000	3.000	0.000	0.000
64.000	7537.000	1568.190	5.000	0.000	3.000	0.000	0.000
64.000	7536.000	1568.190	5.000	0.000	3.000	0.000	0.000
64.000	7529.000	1568.190	5.000	0.000	3.000	0.000	0.000
63.000	7532.000	1568.320	5.000	0.000	3.000	0.000	0.000
65.000	7527.000	1568.190	5.000	0.000	3.000	0.000	0.000
79.000	7528.000	1568.190	5.000	0.000	3.000	0.000	0.000
64.000	7519.000	1568.320	5.000	0.000	3.000	0.000	0.000
64.000	7525.000	1568.190	5.000	0.000	3.000	0.000	0.000
64.000	7525.000	1568.190	5.000	0.000	3.000	0.000	0.000
64.000	7525.000	1568.190	5.000	0.000	3.000	0.000	0.000
64.000	7513.000	1568.320	5.000	0.000	3.000	0.000	0.000
63.000	7522.000	1568.320	5.000	0.000	3.000	0.000	0.000
64.000	7514.000	1568.190	5.000	0.000	3.000	0.000	0.000
64.000	7483.000	1568.320	5.000	0.000	3.000	0.000	0.000
64.000	7455.000	1568.190	5.000	0.000	3.000	0.000	0.000
64.000	7445.000	1568.190	5.000	0.000	3.000	0.000	0.000
64.000	7447.000	1568.190	5.000	0.000	3.000	0.000	0.000
81.000	7444.000	1568.190	5.000	0.000	3.000	0.000	0.000
63.000	7448.000	1568.060	5.000	0.000	3.000	0.000	0.000
64.000	7452.000	1568.190	5.000	0.000	3.000	0.000	0.000
65.000	7442.000	1568.320	5.000	0.000	3.000	0.000	0.000
63.000	7441.000	1568.190	5.000	0.000	3.000	0.000	0.000
64.000	7437.000	1568.190	5.000	0.000	3.000	0.000	0.000
64.000	7441.000	1568.190	5.000	0.000	3.000	0.000	0.000
64.000	7438.000	1568.190	5.000	0.000	3.000	0.000	0.000
64.000	7436.000	1568.190	5.000	0.000	3.000	0.000	0.000
64.000	7438.000	1568.320	5.000	0.000	3.000	0.000	0.000
63.000	7433.000	1568.320	5.000	0.000	3.000	0.000	0.000
64.000	7437.000	1568.320	5.000	0.000	3.000	0.000	0.000
81.000	7433.000	1568.320	5.000	0.000	3.000	0.000	0.000
64.000	7436.000	1568.190	5.000	0.000	3.000	0.000	0.000
63.000	7434.000	1568.190	5.000	0.000	3.000	0.000	0.000
64.000	7433.000	1568.320	5.000	0.000	3.000	0.000	0.000
65.000	7438.000	1568.320	5.000	0.000	3.000	0.000	0.000
63.000	7429.000	1568.190	5.000	0.000	3.000	0.000	0.000
64.000	7436.000	1568.190	5.000	0.000	3.000	0.000	0.000
64.000	7431.000	1568.190	5.000	0.000	3.000	0.000	0.000
64.000	7449.000	1568.320	5.000	0.000	3.000	0.000	0.000
64.000	7470.000	1568.320	5.000	0.000	3.000	0.000	0.000
64.000	7521.000	1568.320	5.000	0.000	3.000	0.000	0.000
80.000	7569.000	1568.320	5.000	0.000	3.000	0.000	0.000
64.000	7632.000	1568.190	5.000	0.000	3.000	0.000	0.000
64.000	7693.000	1568.190	5.000	0.000	3.000	0.000	0.000
63.000	7766.000	1568.190	5.000	0.000	3.000	0.000	0.000
64.000	7845.000	1568.190	5.000	0.000	3.000	0.000	0.000
64.000	7935.000	1568.190	5.000	0.000	3.000	0.000	0.000
64.000	8038.000	1568.060	5.000	0.000	3.000	0.000	0.000
64.000	8156.000	1568.190	5.000	0.000	3.000	0.000	0.000
64.000	8306.000	1568.060	5.000	0.000	3.000	0.000	0.000
64.000	8485.000	1568.190	5.000	0.000	3.000	0.000	0.000
64.000	8735.000	1568.320	5.000	0.000	3.000	0.000	0.000
64.000	9481.000	1568.440	5.000	0.000	3.000	0.000	0.000
80.000	10167.000	1569.080	5.000	0.000	3.000	0.000	0.000
64.000	10558.000	1573.160	5.000	0.000	3.000	0.000	0.000
64.000	10748.000	1575.450	5.000	0.000	3.000	0.000	0.000
63.000	10795.000	1575.830	5.000	0.000	3.000	0.000	0.000
65.000	10846.000	1576.340	5.000	0.000	3.000	0.000	0.000
63.000	10987.000	1576.850	5.000	0.000	3.000	0.000	0.000
64.000	11105.000	1576.720	5.000	0.000	3.000	0.000	0.000
64.000	11128.000	1576.470	5.000	0.000	3.000	0.000	0.000
64.000	11130.000	1575.960	5.000	0.000	3.000	0.000	0.000
64.000	11162.000	1575.450	5.000	0.000	3.000	0.000	0.000
64.000	11107.000	1575.320	5.000	0.000	3.000	0.000	0.000
64.000	10761.000	1575.580	5.000	0.000	3.000	0.000	0.000
80.000	10461.000	1575.450	5.000	0.000	3.000	0.000	0.000
64.000	10279.000	1575.190	5.000	0.000	3.000	0.000	0.000
63.000	9817.000	1574.430	5.000	0.000	3.000	0.000	0.000
64.000	9330.000	1570.990	5.000	0.000	3.000	0.000	0.000
64.000	8914.000	1566.790	5.000	0.000	3.000	0.000	0.000
64.000	8649.000	1562.970	5.000	0.000	3.000	0.000	0.000
65.000	8454.000	1560.170	5.000	0.000	3.000	0.000	0.000
63.000	8312.000	1557.870	5.000	0.000	3.000	0.000	0.000
64.000	8178.000	1558.260	5.000	0.000	3.000	0.000	0.000
64.000	8069.000	1559.530	5.000	0.000	3.000	0.000	0.000
64.000	7971.000	1560.800	5.000	0.000	3.000	0.000	0.000
80.000	7887.000	1562.080	5.000	0.000	3.000	0.000	0.000
64.000	7815.000	1563.100	5.000	0.000	3.000	0.000	0.000
64.000	7744.000	1564.240	5.000	0.000	3.000	0.000	0.000
64.000	7685.000	1564.880	5.000	0.000	3.000	0.000	0.000
64.000	7633.000	1565.640	5.000	0.000	3.000	0.000	0.000
63.000	7599.000	1566.150	5.000	0.000	3.000	0.000	0.000
65.000	7575.000	1566.530	5.000	0.000	3.000	0.000	0.000
63.000	7564.000	1566.920	5.000	0.000	3.000	0.000	0.000
65.000	7586.000	1567.170	5.000	0.000	3.000	0.000	0.000
63.000	7590.000	1567.430	5.000	0.000	3.000	0.000	0.000
64.000	7595.000	1567.680	5.000	0.000	3.000	0.000	0.000
64.000	7589.000	1567.810	5.000	0.000	3.000	0.000	0.000
80.000	7580.000	1567.810	5.000	0.000	3.000	0.000	0.000
64.000	7577.000	1567.930	5.000	0.000	3.000	0.000	0.000
64.000	7572.000	1567.930	5.000	0.000	3.000	0.000	0.000
64.000	7572.000	1568.060	5.000	0.000	3.000	0.000	0.000
63.000	7558.000	1568.060	5.000	0.000	3.000	0.000	0.000
65.000	7560.000	1568.190	5.000	0.000	3.000	0.000	0.000
64.000	7536.000	1568.190	5.000	0.000	3.000	0.000	0.000
63.000	7475.000	1568.190	5.000	0.000	3.000	0.000	0.000
65.000	7479.000	1568.190	5.000	0.000	3.000	0.000	0.000
63.000	7465.000	1568.190	5.000	0.000	3.000	0.000	0.000
64.000	7470.000	1568.190	5.000	0.000	3.000	0.000	0.000
65.000	7470.000	1568.190	5.000	0.000	3.000	0.000	0.000
79.000	7466.000	1568.190	5.000	0.000	3.000	0.000	0.000
64.000	7460.000	1568.190	5.000	0.000	3.000	0.000	0.000
64.000	7464.000	1568.320	5.000	0.000	3.000	0.000	0.000
64.000	7464.000	1568.190	5.000	0.000	3.000	0.000	0.000
64.000	7460.000	1568.320	5.000	0.000	3.000	0.000	0.000
64.000	7461.000	1568.190	5.000	0.000	3.000	0.000	0.000
64.000	7466.000	1568.320	5.000	0.000	3.000	0.000	0.000
64.000	7454.000	1568.190	5.000	0.000	3.000	0.000	0.000
64.000	7458.000	1568.190	5.000	0.000	3.000	0.000	0.000
63.000	7462.000	1568.190	5.000	0.000	3.000	0.000	0.000
64.000	7452.000	1568.320	5.000	0.000	3.000	0.000	0.000
80.000	7455.000	1568.190	5.000	0.000	3.000	0.000	0.000
64.000	7457.000	1568.190	5.000	0.000	3.000	0.000	0.000
64.000	7448.000	1568.320	5.000	0.000	3.000	0.000	0.000
64.000	7454.000	1568.190	5.000	0.000	3.000	0.000	0.000
64.000	7452.000	1568.190	5.000	0.000	3.000	0.000	0.000
63.000	7451.000	1568.320	5.000	0.000	3.000	0.000	0.000
65.000	7449.000	1568.190	5.000	0.000	3.000	0.000	0.000
64.000	7453.000	1568.190	5.000	0.000	3.000	0.000	0.000
63.000	7450.000	1568.320	5.000	0.000	3.000	0.000	0.000
65.000	7454.000	1568.320	5.000	0.000	3.000	0.000	0.000
63.000	7455.000	1568.320	5.000	0.000	3.000	0.000	0.000
64.000	7452.000	1568.320	5.000	0.000	3.000	0.000	0.000
81.000	7451.000	1568.190	5.000	0.000	3.000	0.000	0.000
64.000	7446.000	1568.190	5.000	0.000	3.000	0.000	0.000
63.000	7453.000	1568.190	5.000	0.000	3.000	0.000	0.000
64.000	7446.000	1568.320	5.000	0.000	3.000	0.000	0.000
65.000	7451.000	1568.190	5.000	0.000	3.000	0.000	0.000
63.000	7446.000	1568.190	5.000	0.000	3.000	0.000	0.000
64.000	7445.000	1568.190	5.000	0.000	3.000	0.000	0.000
64.000	7444.000	1568.320	5.000	0.000	3.000	0.000	0.000
63.000	7443.000	1568.320	5.000	0.000	3.000	0.000	0.000
64.000	7450.000	1568.320	5.000	0.000	3.000	0.000	0.000
65.000	7467.000	1568.190	5.000	0.000	3.000	0.000	0.000
64.000	7512.000	1568.320	5.000	0.000	3.000	0.000	0.000
79.000	7561.000	1568.320	5.000	0.000	3.000	0.000	0.000
64.000	7617.000	1568.190	5.000	0.000	3.000	0.000	0.000
64.000	7674.000	1568.190	5.000	0.000	3.000	0.000	0.000
64.000	7747.000	1568.190	5.000	0.000	3.000	0.000	0.000
64.000	7819.000	1568.190	5.000	0.000	3.000	0.000	0.000
64.000	7904.000	1568.320	5.000	0.000	3.000	0.000	0.000
63.000	8007.000	1568.320	5.000	0.000	3.000	0.000	0.000
65.000	8118.000	1568.190	5.000	0.000	3.000	0.000	0.000
64.000	8247.000	1568.320	5.000	0.000	3.000	0.000	0.000
63.000	8413.000	1568.320	5.000	0.000	3.000	0.000	0.000
65.000	8616.000	1568.320	5.000	0.000	3.000	0.000	0.000
63.000	9155.000	1568.320	5.000	0.000	3.000	0.000	0.000
80.000	9903.000	1568.830	5.000	0.000	3.000	0.000	0.000
64.000	10418.000	1570.990	5.000	0.000	3.000	0.000	0.000
65.000	10691.000	1575.320	5.000	0.000	3.000	0.000	0.000
63.000	10772.000	1575.700	5.000	0.000	3.000	0.000	0.000
64.000	10808.000	1576.210	5.000	0.000	3.000	0.000	0.000
64.000	10916.000	1576.720	5.000	0.000	3.000	0.000	0.000
64.000	11070.000	1576.980	5.000	0.000	3.000	0.000	0.000
65.000	11140.000	1576.850	5.000	0.000	3.000	0.000	0.000
63.000	11133.000	1576.340	5.000	0.000	3.000	0.000	0.000
64.000	11161.000	1575.830	5.000	0.000	3.000	0.000	0.000
64.000	11175.000	1575.450	5.000	0.000	3.000	0.000	0.000
80.000	10989.000	1575.580	5.000	0.000	3.000	0.000	0.000
64.000	10614.000	1575.700	5.000	0.000	3.000	0.000	0.000
64.000	10360.000	1575.320	5.000	0.000	3.000	0.000	0.000
64.000	10205.000	1575.190	5.000	0.000	3.000	0.000	0.000
64.000	9574.000	1573.920	5.000	0.000	3.000	0.000	0.000
64.000	9114.000	1569.340	5.000	0.000	3.000	0.000	0.000
63.000	8769.000	1565.260	5.000	0.000	3.000	0.000	0.000
64.000	8523.000	1562.080	5.000	0.000	3.000	0.000	0.000
64.000	8366.000	1559.280	5.000	0.000	3.000	0.000	0.000
64.000	8223.000	1557.620	5.000	0.000	3.000	0.000	0.000
64.000	8105.000	1558.890	5.000	0.000	3.000	0.000	0.000
64.000	8005.000	1560.170	5.000	0.000	3.000	0.000	0.000
80.000	7911.000	1561.570	5.000	0.000	3.000	0.000	0.000
63.000	7838.000	1562.590	5.000	0.000	3.000	0.000	0.000
64.000	7761.000	1563.730	5.000	0.000	3.000	0.000	0.000
65.000	7698.000	1564.500	5.000	0.000	3.000	0.000	0.000
63.000	7643.000	1565.260	5.000	0.000	3.000	0.000	0.000
64.000	7599.000	1565.900	5.000	0.000	3.000	0.000	0.000
64.000	7571.000	1566.410	5.000	0.000	3.000	0.000	0.000
64.000	7563.000	1566.790	5.000	0.000	3.000	0.000	0.000
64.000	7567.000	1567.040	5.000	0.000	3.000	0.000	0.000
64.000	7591.000	1567.300	5.000	0.000	3.000	0.000	0.000
64.000	7589.000	1567.550	5.000	0.000	3.000	0.000	0.000
64.000	7589.000	1567.680	5.000	0.000	3.000	0.000	0.000
80.000	7588.000	1567.810	5.000	0.000	3.000	0.000	0.000
64.000	7581.000	1567.930	5.000	0.000	3.000	0.000	0.000
64.000	7581.000	1567.930	5.000	0.000	3.000	0.000	0.000
64.000	7572.000	1568.060	5.000	0.000	3.000	0.000	0.000
63.000	7576.000	1568.060	5.000	0.000	3.000	0.000	0.000
64.000	7566.000	1568.060	5.000	0.000	3.000	0.000	0.000
65.000	7558.000	1568.060	5.000	0.000	3.000	0.000	0.000
63.000	7563.000	1568.190	5.000	0.000	3.000	0.000	0.000
65.000	7553.000	1568.190	5.000	0.000	3.000	0.000	0.000
63.000	7556.000	1568.190	5.000	0.000	3.000	0.000	0.000
64.000	7551.000	1568.320	5.000	0.000	3.000	0.000	0.000
80.000	7547.000	1568.190	5.000	0.000	3.000	0.000	0.000
64.000	7550.000	1568.190	5.000	0.000	3.000	0.000	0.000
63.000	7547.000	1568.320	5.000	0.000	3.000	0.000	0.000
65.000	7538.000	1568.190	5.000	0.000	3.000	0.000	0.000
64.000	7543.000	1568.190	5.000	0.000	3.000	0.000	0.000
64.000	7541.000	1568.190	5.000	0.000	3.000	0.000	0.000
64.000	7540.000	1568.190	5.000	0.000	3.000	0.000	0.000
63.000	7535.000	1568.320	5.000	0.000	3.000	0.000	0.000
65.000	7537.000	1568.320	5.000	0.000	3.000	0.000	0.000
63.000	7538.000	1568.190	5.000	0.000	3.000	0.000	0.000
64.000	7536.000	1568.320	5.000	0.000	3.000	0.000	0.000
65.000	7503.000	1568.190	5.000	0.000	3.000	0.000	0.000
80.000	7461.000	1568.190	5.000	0.000	3.000	0.000	0.000
63.000	7465.000	1568.320	5.000	0.000	3.000	0.000	0.000
64.000	7465.000	1568.190	5.000	0.000	3.000	0.000	0.000
64.000	7464.000	1568.190	5.000	0.000	3.000	0.000	0.000
64.000	7456.000	1568.320	5.000	0.000	3.000	0.000	0.000
64.000	7456.000	1568.320	5.000	0.000	3.000	0.000	0.000
63.000	7457.000	1568.320	5.000	0.000	3.000	0.000	0.000
65.000	7460.000	1568.320	5.000	0.000	3.000	0.000	0.000
64.000	7464.000	1568.190	5.000	0.000	3.000	0.000	0.000
64.000	7457.000	1568.320	5.000	0.000	3.000	0.000	0.000
64.000	7460.000	1568.190	5.000	0.000	3.000	0.000	0.000
63.000	7455.000	1568.320	5.000	0.000	3.000	0.000	0.000
80.000	7462.000	1568.190	5.000	0.000	3.000	0.000	0.000
64.000	7461.000	1568.320	5.000	0.000	3.000	0.000	0.000
64.000	7462.000	1568.190	5.000	0.000	3.000	0.000	0.000
64.000	7456.000	1568.320	5.000	0.000	3.000	0.000	0.000
64.000	7461.000	1568.190	5.000	0.000	3.000	0.000	0.000
64.000	7450.000	1568.320	5.000	0.000	3.000	0.000	0.000
63.000	7454.000	1568.320	5.000	0.000	3.000	0.000	0.000
65.000	7453.000	1568.190	5.000	0.000	3.000	0.000	0.000
64.000	7448.000	1568.190	5.000	0.000	3.000	0.000	0.000
63.000	7457.000	1568.320	5.000	0.000	3.000	0.000	0.000
64.000	7446.000	1568.190	5.000	0.000	3.000	0.000	0.000
80.000	7452.000	1568.320	5.000	0.000	3.000	0.000	0.000
64.000	7445.000	1568.320	5.000	0.000	3.000	0.000	0.000
64.000	7446.000	1568.320	5.000	0.000	3.000	0.000	0.000
64.000	7450.000	1568.190	5.000	0.000	3.000	0.000	0.000
64.000	7445.000	1568.320	5.000	0.000	3.000	0.000	0.000
64.000	7449.000	1568.190	5.000	0.000	3.000	0.000	0.000
64.000	7441.000	1568.190	5.000	0.000	3.000	0.000	0.000
64.000	7447.000	1568.190	5.000	0.000	3.000	0.000	0.000
64.000	7447.000	1568.320	5.000	0.000	3.000	0.000	0.000
64.000	7447.000	1568.190	5.000	0.000	3.000	0.000	0.000
64.000	7446.000	1568.320	5.000	0.000	3.000	0.000	0.000
63.000	7446.000	1568.320	5.000	0.000	3.000	0.000	0.000
80.000	7449.000	1568.060	5.000	0.000	3.000	0.000	0.000
64.000	7450.000	1568.190	5.000	0.000	3.000	0.000	0.000
64.000	7447.000	1568.320	5.000	0.000	3.000	0.000	0.000
64.000	7444.000	1568.320	5.000	0.000	3.000	0.000	0.000
64.000	7449.000	1568.190	5.000	0.000	3.000	0.000	0.000
64.000	7444.000	1568.320	5.000	0.000	3.000	0.000	0.000
64.000	7449.000	1568.190	5.000	0.000	3.000	0.000	0.000
64.000	7451.000	1568.320	5.000	0.000	3.000	0.000	0.000
64.000	7448.000	1568.190	5.000	0.000	3.000	0.000	0.000
64.000	7448.000	1568.190	5.000	0.000	3.000	0.000	0.000
63.000	7451.000	1568.190	5.000	0.000	3.000	0.000	0.000
65.000	7445.000	1568.190	5.000	0.000	3.000	0.000	0.000
80.000	7453.000	1568.190	5.000	0.000	3.000	0.000	0.000
64.000	7445.000	1568.190	5.000	0.000	3.000	0.000	0.000
64.000	7445.000	1568.320	5.000	0.000	3.000	0.000	0.000
63.000	7445.000	1568.190	5.000	0.000	3.000	0.000	0.000
65.000	7448.000	1568.320	5.000	0.000	3.000	0.000	0.000
63.000	7451.000	1568.190	5.000	0.000	3.000	0.000	0.000
64.000	7448.000	1568.190	5.000	0.000	3.000	0.000	0.000
64.000	7452.000	1568.320	5.000	0.000	3.000	0.000	0.000
64.000	7450.000	1568.190	5.000	0.000	3.000	0.000	0.000
64.000	7447.000	1568.320	5.000	0.000	3.000	0.000	0.000
64.000	7451.000	1568.190	5.000	0.000	3.000	0.000	0.000
80.000	7451.000	1568.190	5.000	0.000	3.000	0.000	0.000
63.000	7453.000	1568.440	5.000	0.000	3.000	0.000	0.000
65.000	7450.000	1568.190	5.000	0.000	3.000	0.000	0.000
63.000	7451.000	1568.190	5.000	0.000	3.000	0.000	0.000
64.000	7457.000	1568.190	5.000	0.000	3.000	0.000	0.000
65.000	7451.000	1568.320	5.000	0.000	3.000	0.000	0.000
63.000	7448.000	1568.190	5.000	0.000	3.000	0.000	0.000
72.000	7458.000	1568.190	5.000	0.000	3.000	0.000	0.000
56.000	7457.000	1568.190	5.000	0.000	3.000	0.000	0.000
64.000	7450.000	1568.190	5.000	0.000	3.000	0.000	0.000
64.000	7461.000	1568.190	5.000	0.000	3.000	0.000	0.000
64.000	7454.000	1568.320	5.000	0.000	3.000	0.000	0.000
80.000	7450.000	1568.190	5.000	0.000	3.000	0.000	0.000
63.000	7465.000	1568.190	5.000	0.000	3.000	0.000	0.000
66.000	7463.000	1568.190	5.000	0.000	3.000	0.000	0.000
62.000	7458.000	1568.190	5.000	0.000	3.000	0.000	0.000
65.000	7458.000	1568.060	5.000	0.000	3.000	0.000	0.000
64.000	7457.000	1568.320	5.000	0.000	3.000	0.000	0.000
