Loop Time (ms)	IR (16 bit)	Force (N)	Force (N)	Color	Speed (mm/s)	Spatial (mm)	Angle (deg)
113.000	0.000	0.000	30.000	0.000	1.000	0.000	0.000
20.000	0.000	0.000	30.000	0.000	1.000	0.000	0.000
20.000	0.000	0.000	30.000	0.000	1.000	0.000	0.000
20.000	0.000	0.000	30.000	0.000	1.000	0.000	0.000
20.000	0.000	0.000	30.000	0.000	1.000	0.000	0.000
20.000	0.000	0.000	30.000	0.000	1.000	0.000	0.000
20.000	0.000	0.000	30.000	0.000	1.000	0.000	0.000
21.000	0.000	0.000	30.000	0.000	1.000	0.000	0.000
21.000	0.000	0.000	30.000	0.000	1.000	0.000	0.000
20.000	0.000	0.000	30.000	0.000	1.000	0.000	0.000
20.000	0.000	0.000	30.000	0.000	1.000	0.000	0.000
20.000	0.000	0.000	30.000	0.000	1.000	0.000	0.000
20.000	0.000	0.000	30.000	0.000	1.000	0.000	0.000
20.000	0.000	0.000	30.000	0.000	1.000	0.000	0.000
20.000	0.000	0.000	30.000	0.000	1.000	0.000	0.000
20.000	0.000	0.000	30.000	0.000	1.000	0.000	0.000
20.000	0.000	0.000	30.000	0.000	1.000	0.000	0.000
20.000	0.000	0.000	30.000	0.000	1.000	0.000	0.000
20.000	0.000	0.000	30.000	0.000	1.000	0.000	0.000
20.000	0.000	0.000	30.000	0.000	1.000	0.000	0.000
20.000	0.000	0.000	30.000	0.000	1.000	0.000	0.000
20.000	0.000	0.000	30.000	0.000	1.000	0.000	0.000
20.000	0.000	0.000	30.000	0.000	1.000	0.000	0.000
21.000	0.000	0.000	30.000	0.000	1.000	0.000	0.000
20.000	0.000	0.000	30.000	0.000	1.000	0.000	0.000
20.000	0.000	0.000	30.000	0.000	1.000	0.000	0.000
21.000	0.000	0.000	30.000	0.000	1.000	0.000	0.000
21.000	0.000	0.000	30.000	0.000	1.000	0.000	0.000
20.000	0.000	0.000	30.000	0.000	1.000	0.000	0.000
20.000	0.000	0.000	30.000	0.000	1.000	0.000	0.000
20.000	0.000	0.000	30.000	0.000	1.000	0.000	0.000
20.000	0.000	0.000	30.000	0.000	1.000	0.000	0.000
20.000	0.000	0.000	30.000	0.000	1.000	0.000	0.000
21.000	0.000	0.000	30.000	0.000	1.000	0.000	0.000
20.000	0.000	0.000	30.000	0.000	1.000	0.000	0.000
20.000	0.000	0.000	30.000	0.000	1.000	0.000	0.000
20.000	0.000	0.000	30.000	0.000	1.000	0.000	0.000
20.000	0.000	0.000	30.000	0.000	1.000	0.000	0.000
20.000	0.000	0.000	30.000	0.000	1.000	0.000	0.000
20.000	0.000	0.000	30.000	0.000	1.000	0.000	0.000
20.000	0.000	0.000	30.000	0.000	1.000	0.000	0.000
20.000	0.000	0.000	30.000	0.000	1.000	0.000	0.000
20.000	0.000	0.000	30.000	0.000	1.000	0.000	0.000
20.000	0.000	0.000	30.000	0.000	1.000	0.000	0.000
20.000	0.000	0.000	30.000	0.000	1.000	0.000	0.000
20.000	0.000	0.000	30.000	0.000	1.000	0.000	0.000
20.000	0.000	0.000	30.000	0.000	1.000	0.000	0.000
20.000	0.000	0.000	30.000	0.000	1.000	0.000	0.000
20.000	0.000	0.000	30.000	0.000	1.000	0.000	0.000
20.000	0.000	0.000	30.000	0.000	1.000	0.000	0.000
20.000	0.000	0.000	30.000	0.000	1.000	0.000	0.000
20.000	0.000	0.000	30.000	0.000	1.000	0.000	0.000
21.000	0.000	0.000	30.000	0.000	1.000	0.000	0.000
20.000	0.000	0.000	30.000	0.000	1.000	0.000	0.000
20.000	0.000	0.000	30.000	0.000	1.000	0.000	0.000
20.000	0.000	0.000	30.000	0.000	1.000	0.000	0.000
20.000	0.000	0.000	30.000	0.000	1.000	0.000	0.000
20.000	0.000	0.000	30.000	0.000	1.000	0.000	0.000
20.000	0.000	0.000	30.000	0.000	1.000	0.000	0.000
20.000	0.000	0.000	30.000	0.000	1.000	0.000	0.000
20.000	0.000	0.000	30.000	0.000	1.000	0.000	0.000
20.000	0.000	0.000	30.000	0.000	1.000	0.000	0.000
20.000	0.000	0.000	30.000	0.000	1.000	0.000	0.000
20.000	0.000	0.000	30.000	0.000	1.000	0.000	0.000
20.000	0.000	0.000	30.000	0.000	1.000	0.000	0.000
20.000	0.000	0.000	30.000	0.000	1.000	0.000	0.000
20.000	0.000	0.000	30.000	0.000	1.000	0.000	0.000
20.000	0.000	0.000	30.000	0.000	1.000	0.000	0.000
20.000	0.000	0.000	30.000	0.000	1.000	0.000	0.000
20.000	0.000	0.000	30.000	0.000	1.000	0.000	0.000
20.000	0.000	0.000	30.000	0.000	1.000	0.000	0.000
20.000	0.000	0.000	30.000	0.000	1.000	0.000	0.000
20.000	0.000	0.000	30.000	0.000	1.000	0.000	0.000
20.000	0.000	0.000	30.000	0.000	1.000	0.000	0.000
21.000	0.000	0.000	30.000	0.000	1.000	0.000	0.000
21.000	0.000	0.000	30.000	0.000	1.000	0.000	0.000
20.000	0.000	0.000	30.000	0.000	1.000	0.000	0.000
20.000	0.000	0.000	30.000	0.000	1.000	0.000	0.000
21.000	0.000	0.000	30.000	0.000	1.000	0.000	0.000
20.000	0.000	0.000	30.000	0.000	1.000	0.000	0.000
20.000	0.000	0.000	30.000	0.000	1.000	0.000	0.000
21.000	0.000	0.000	30.000	0.000	1.000	0.000	0.000
20.000	0.000	0.000	30.000	0.000	1.000	0.000	0.000
20.000	0.000	0.000	30.000	0.000	1.000	0.000	0.000
20.000	0.000	0.000	30.000	0.000	1.000	0.000	0.000
20.000	0.000	0.000	30.000	0.000	1.000	0.000	0.000
20.000	0.000	0.000	30.000	0.000	1.000	0.000	0.000
20.000	0.000	0.000	30.000	0.000	1.000	0.000	0.000
20.000	0.000	0.000	30.000	0.000	1.000	0.000	0.000
20.000	0.000	0.000	30.000	0.000	1.000	0.000	0.000
20.000	0.000	0.000	30.000	0.000	1.000	0.000	0.000
20.000	0.000	0.000	30.000	0.000	1.000	0.000	0.000
20.000	0.000	0.000	30.000	0.000	1.000	0.000	0.000
20.000	0.000	0.000	30.000	0.000	1.000	0.000	0.000
20.000	0.000	0.000	30.000	0.000	1.000	0.000	0.000
20.000	0.000	0.000	30.000	0.000	1.000	0.000	0.000
20.000	0.000	0.000	30.000	0.000	1.000	0.000	0.000
20.000	0.000	0.000	30.000	0.000	1.000	0.000	0.000
20.000	0.000	0.000	30.000	0.000	1.000	0.000	0.000
21.000	0.000	0.000	30.000	0.000	1.000	0.000	0.000
21.000	0.000	0.000	30.000	0.000	1.000	0.000	0.000
21.000	0.000	0.000	30.000	0.000	1.000	0.000	0.000
21.000	0.000	0.000	30.000	0.000	1.000	0.000	0.000
20.000	0.000	0.000	30.000	0.000	1.000	0.000	0.000
20.000	0.000	0.000	30.000	0.000	1.000	0.000	0.000
20.000	0.000	0.000	30.000	0.000	1.000	0.000	0.000
20.000	0.000	0.000	30.000	0.000	1.000	0.000	0.000
21.000	0.000	0.000	30.000	0.000	1.000	0.000	0.000
21.000	0.000	0.000	30.000	0.000	1.000	0.000	0.000
20.000	0.000	0.000	30.000	0.000	1.000	0.000	0.000
20.000	0.000	0.000	30.000	0.000	1.000	0.000	0.000
20.000	0.000	0.000	30.000	0.000	1.000	0.000	0.000
20.000	0.000	0.000	30.000	0.000	1.000	0.000	0.000
20.000	0.000	0.000	30.000	0.000	1.000	0.000	0.000
21.000	0.000	0.000	30.000	0.000	1.000	0.000	0.000
20.000	0.000	0.000	30.000	0.000	1.000	0.000	0.000
20.000	0.000	0.000	30.000	0.000	1.000	0.000	0.000
20.000	0.000	0.000	30.000	0.000	1.000	0.000	0.000
20.000	0.000	0.000	30.000	0.000	1.000	0.000	0.000
20.000	0.000	0.000	30.000	0.000	1.000	0.000	0.000
20.000	0.000	0.000	30.000	0.000	1.000	0.000	0.000
20.000	0.000	0.000	30.000	0.000	1.000	0.000	0.000
20.000	0.000	0.000	30.000	0.000	1.000	0.000	0.000
20.000	0.000	0.000	30.000	0.000	1.000	0.000	0.000
20.000	0.000	0.000	30.000	0.000	1.000	0.000	0.000
20.000	0.000	0.000	30.000	0.000	1.000	0.000	0.000
20.000	0.000	0.000	30.000	0.000	1.000	0.000	0.000
20.000	0.000	0.000	30.000	0.000	1.000	0.000	0.000
20.000	0.000	0.000	30.000	0.000	1.000	0.000	0.000
20.000	0.000	0.000	30.000	0.000	1.000	0.000	0.000
20.000	0.000	0.000	30.000	0.000	1.000	0.000	0.000
20.000	0.000	0.000	30.000	0.000	1.000	0.000	0.000
20.000	0.000	0.000	30.000	0.000	1.000	0.000	0.000
20.000	0.000	0.000	30.000	0.000	1.000	0.000	0.000
20.000	0.000	0.000	30.000	0.000	1.000	0.000	0.000
20.000	0.000	0.000	30.000	0.000	1.000	0.000	0.000
20.000	0.000	0.000	30.000	0.000	1.000	0.000	0.000
20.000	0.000	0.000	30.000	0.000	1.000	0.000	0.000
20.000	0.000	0.000	30.000	0.000	1.000	0.000	0.000
20.000	0.000	0.000	30.000	0.000	1.000	0.000	0.000
20.000	0.000	0.000	30.000	0.000	1.000	0.000	0.000
20.000	0.000	0.000	30.000	0.000	1.000	0.000	0.000
21.000	0.000	0.000	30.000	0.000	1.000	0.000	0.000
21.000	0.000	0.000	30.000	0.000	1.000	0.000	0.000
20.000	0.000	0.000	30.000	0.000	1.000	0.000	0.000
20.000	0.000	0.000	30.000	0.000	1.000	0.000	0.000
20.000	0.000	0.000	30.000	0.000	1.000	0.000	0.000
20.000	0.000	0.000	30.000	0.000	1.000	0.000	0.000
20.000	0.000	0.000	30.000	0.000	1.000	0.000	0.000
20.000	0.000	0.000	30.000	0.000	1.000	0.000	0.000
21.000	0.000	0.000	30.000	0.000	1.000	0.000	0.000
20.000	0.000	0.000	30.000	0.000	1.000	0.000	0.000
22.000	0.000	0.000	30.000	0.000	1.000	0.000	0.000
20.000	0.000	0.000	30.000	0.000	1.000	0.000	0.000
20.000	0.000	0.000	30.000	0.000	1.000	0.000	0.000
20.000	0.000	0.000	30.000	0.000	1.000	0.000	0.000
20.000	0.000	0.000	30.000	0.000	1.000	0.000	0.000
21.000	0.000	0.000	30.000	0.000	1.000	0.000	0.000
20.000	0.000	0.000	30.000	0.000	1.000	0.000	0.000
20.000	0.000	0.000	30.000	0.000	1.000	0.000	0.000
20.000	0.000	0.000	30.000	0.000	1.000	0.000	0.000
20.000	0.000	0.000	30.000	0.000	1.000	0.000	0.000
21.000	0.000	0.000	30.000	0.000	1.000	0.000	0.000
20.000	0.000	0.000	30.000	0.000	1.000	0.000	0.000
20.000	0.000	0.000	30.000	0.000	1.000	0.000	0.000
21.000	0.000	0.000	30.000	0.000	1.000	0.000	0.000
20.000	0.000	0.000	30.000	0.000	1.000	0.000	0.000
20.000	0.000	0.000	30.000	0.000	1.000	0.000	0.000
20.000	0.000	0.000	30.000	0.000	1.000	0.000	0.000
20.000	0.000	0.000	30.000	0.000	1.000	0.000	0.000
20.000	0.000	0.000	30.000	0.000	1.000	0.000	0.000
20.000	0.000	0.000	30.000	0.000	1.000	0.000	0.000
20.000	0.000	0.000	30.000	0.000	1.000	0.000	0.000
20.000	0.000	0.000	30.000	0.000	1.000	0.000	0.000
20.000	0.000	0.000	30.000	0.000	1.000	0.000	0.000
20.000	0.000	0.000	30.000	0.000	1.000	0.000	0.000
20.000	0.000	0.000	30.000	0.000	1.000	0.000	0.000
20.000	0.000	0.000	30.000	0.000	1.000	0.000	0.000
20.000	0.000	0.000	30.000	0.000	1.000	0.000	0.000
20.000	0.000	0.000	30.000	0.000	1.000	0.000	0.000
20.000	0.000	0.000	30.000	0.000	1.000	0.000	0.000
20.000	0.000	0.000	30.000	0.000	1.000	0.000	0.000
20.000	0.000	0.000	30.000	0.000	1.000	0.000	0.000
20.000	0.000	0.000	30.000	0.000	1.000	0.000	0.000
20.000	0.000	0.000	30.000	0.000	1.000	0.000	0.000
20.000	0.000	0.000	30.000	0.000	1.000	0.000	0.000
20.000	0.000	0.000	30.000	0.000	1.000	0.000	0.000
20.000	0.000	0.000	30.000	0.000	1.000	0.000	0.000
20.000	0.000	0.000	30.000	0.000	1.000	0.000	0.000
20.000	0.000	0.000	30.000	0.000	1.000	0.000	0.000
20.000	0.000	0.000	30.000	0.000	1.000	0.000	0.000
21.000	0.000	0.000	30.000	0.000	1.000	0.000	0.000
20.000	0.000	0.000	30.000	0.000	1.000	0.000	0.000
20.000	0.000	0.000	30.000	0.000	1.000	0.000	0.000
20.000	0.000	0.000	30.000	0.000	1.000	0.000	0.000
20.000	0.000	0.000	30.000	0.000	1.000	0.000	0.000
20.000	0.000	0.000	30.000	0.000	1.000	0.000	0.000
20.000	0.000	0.000	30.000	0.000	1.000	0.000	0.000
20.000	0.000	0.000	30.000	0.000	1.000	0.000	0.000
20.000	0.000	0.000	30.000	0.000	1.000	0.000	0.000
20.000	0.000	0.000	30.000	0.000	1.000	0.000	0.000
20.000	0.000	0.000	30.000	0.000	1.000	0.000	0.000
20.000	0.000	0.000	30.000	0.000	1.000	0.000	0.000
20.000	0.000	0.000	30.000	0.000	1.000	0.000	0.000
20.000	0.000	0.000	30.000	0.000	1.000	0.000	0.000
20.000	0.000	0.000	30.000	0.000	1.000	0.000	0.000
20.000	0.000	0.000	30.000	0.000	1.000	0.000	0.000
20.000	0.000	0.000	30.000	0.000	1.000	0.000	0.000
20.000	0.000	0.000	30.000	0.000	1.000	0.000	0.000
20.000	0.000	0.000	30.000	0.000	1.000	0.000	0.000
20.000	0.000	0.000	30.000	0.000	1.000	0.000	0.000
21.000	0.000	0.000	30.000	0.000	1.000	0.000	0.000
21.000	0.000	0.000	30.000	0.000	1.000	0.000	0.000
21.000	0.000	0.000	30.000	0.000	1.000	0.000	0.000
20.000	0.000	0.000	30.000	0.000	1.000	0.000	0.000
21.000	0.000	0.000	30.000	0.000	1.000	0.000	0.000
20.000	0.000	0.000	30.000	0.000	1.000	0.000	0.000
20.000	0.000	0.000	30.000	0.000	1.000	0.000	0.000
20.000	0.000	0.000	30.000	0.000	1.000	0.000	0.000
20.000	0.000	0.000	30.000	0.000	1.000	0.000	0.000
21.000	0.000	0.000	30.000	0.000	1.000	0.000	0.000
21.000	0.000	0.000	30.000	0.000	1.000	0.000	0.000
20.000	0.000	0.000	30.000	0.000	1.000	0.000	0.000
20.000	0.000	0.000	30.000	0.000	1.000	0.000	0.000
21.000	0.000	0.000	30.000	0.000	1.000	0.000	0.000
22.000	0.000	0.000	30.000	0.000	1.000	0.000	0.000
20.000	0.000	0.000	30.000	0.000	1.000	0.000	0.000
20.000	0.000	0.000	30.000	0.000	1.000	0.000	0.000
22.000	0.000	0.000	30.000	0.000	1.000	0.000	0.000
20.000	0.000	0.000	30.000	0.000	1.000	0.000	0.000
20.000	0.000	0.000	30.000	0.000	1.000	0.000	0.000
21.000	0.000	0.000	30.000	0.000	1.000	0.000	0.000
20.000	0.000	0.000	30.000	0.000	1.000	0.000	0.000
21.000	0.000	0.000	30.000	0.000	1.000	0.000	0.000
20.000	0.000	0.000	30.000	0.000	1.000	0.000	0.000
21.000	0.000	0.000	30.000	0.000	1.000	0.000	0.000
20.000	0.000	0.000	30.000	0.000	1.000	0.000	0.000
20.000	0.000	0.000	30.000	0.000	1.000	0.000	0.000
20.000	0.000	0.000	30.000	0.000	1.000	0.000	0.000
21.000	0.000	0.000	30.000	0.000	1.000	0.000	0.000
20.000	0.000	0.000	30.000	0.000	1.000	0.000	0.000
20.000	0.000	0.000	30.000	0.000	1.000	0.000	0.000
20.000	0.000	0.000	30.000	0.000	1.000	0.000	0.000
21.000	0.000	0.000	30.000	0.000	1.000	0.000	0.000
20.000	0.000	0.000	30.000	0.000	1.000	0.000	0.000
21.000	0.000	0.000	30.000	0.000	1.000	0.000	0.000
20.000	0.000	0.000	30.000	0.000	1.000	0.000	0.000
20.000	0.000	0.000	30.000	0.000	1.000	0.000	0.000
20.000	0.000	0.000	30.000	0.000	1.000	0.000	0.000
20.000	0.000	0.000	30.000	0.000	1.000	0.000	0.000
21.000	0.000	0.000	30.000	0.000	1.000	0.000	0.000
20.000	0.000	0.000	30.000	0.000	1.000	0.000	0.000
20.000	0.000	0.000	30.000	0.000	1.000	0.000	0.000
20.000	0.000	0.000	30.000	0.000	1.000	0.000	0.000
21.000	0.000	0.000	30.000	0.000	1.000	0.000	0.000
20.000	0.000	0.000	30.000	0.000	1.000	0.000	0.000
20.000	0.000	0.000	30.000	0.000	1.000	0.000	0.000
20.000	0.000	0.000	30.000	0.000	1.000	0.000	0.000
20.000	0.000	0.000	30.000	0.000	1.000	0.000	0.000
20.000	0.000	0.000	30.000	0.000	1.000	0.000	0.000
20.000	0.000	0.000	30.000	0.000	1.000	0.000	0.000
20.000	0.000	0.000	30.000	0.000	1.000	0.000	0.000
20.000	0.000	0.000	30.000	0.000	1.000	0.000	0.000
20.000	0.000	0.000	30.000	0.000	1.000	0.000	0.000
21.000	0.000	0.000	30.000	0.000	1.000	0.000	0.000
20.000	0.000	0.000	30.000	0.000	1.000	0.000	0.000
20.000	0.000	0.000	30.000	0.000	1.000	0.000	0.000
21.000	0.000	0.000	30.000	0.000	1.000	0.000	0.000
20.000	0.000	0.000	30.000	0.000	1.000	0.000	0.000
20.000	0.000	0.000	30.000	0.000	1.000	0.000	0.000
20.000	0.000	0.000	30.000	0.000	1.000	0.000	0.000
20.000	0.000	0.000	30.000	0.000	1.000	0.000	0.000
20.000	0.000	0.000	30.000	0.000	1.000	0.000	0.000
20.000	0.000	0.000	30.000	0.000	1.000	0.000	0.000
20.000	0.000	0.000	30.000	0.000	1.000	0.000	0.000
20.000	0.000	0.000	30.000	0.000	1.000	0.000	0.000
20.000	0.000	0.000	30.000	0.000	1.000	0.000	0.000
20.000	0.000	0.000	30.000	0.000	1.000	0.000	0.000
20.000	0.000	0.000	30.000	0.000	1.000	0.000	0.000
20.000	0.000	0.000	30.000	0.000	1.000	0.000	0.000
20.000	0.000	0.000	30.000	0.000	1.000	0.000	0.000
20.000	0.000	0.000	30.000	0.000	1.000	0.000	0.000
20.000	0.000	0.000	30.000	0.000	1.000	0.000	0.000
20.000	0.000	0.000	30.000	0.000	1.000	0.000	0.000
20.000	0.000	0.000	30.000	0.000	1.000	0.000	0.000
20.000	0.000	0.000	30.000	0.000	1.000	0.000	0.000
20.000	0.000	0.000	30.000	0.000	1.000	0.000	0.000
20.000	0.000	0.000	30.000	0.000	1.000	0.000	0.000
20.000	0.000	0.000	30.000	0.000	1.000	0.000	0.000
20.000	0.000	0.000	30.000	0.000	1.000	0.000	0.000
21.000	0.000	0.000	30.000	0.000	1.000	0.000	0.000
27.000	0.000	0.000	30.000	0.000	1.000	0.000	0.000
20.000	0.000	0.000	30.000	0.000	1.000	0.000	0.000
20.000	0.000	0.000	30.000	0.000	1.000	0.000	0.000
20.000	0.000	0.000	30.000	0.000	1.000	0.000	0.000
20.000	0.000	0.000	30.000	0.000	1.000	0.000	0.000
20.000	0.000	0.000	30.000	0.000	1.000	0.000	0.000
21.000	0.000	0.000	30.000	0.000	1.000	0.000	0.000
20.000	0.000	0.000	30.000	0.000	1.000	0.000	0.000
21.000	0.000	0.000	30.000	0.000	1.000	0.000	0.000
20.000	0.000	0.000	30.000	0.000	1.000	0.000	0.000
20.000	0.000	0.000	30.000	0.000	1.000	0.000	0.000
21.000	0.000	0.000	30.000	0.000	1.000	0.000	0.000
20.000	0.000	0.000	30.000	0.000	1.000	0.000	0.000
21.000	0.000	0.000	30.000	0.000	1.000	0.000	0.000
20.000	0.000	0.000	30.000	0.000	1.000	0.000	0.000
20.000	0.000	0.000	30.000	0.000	1.000	0.000	0.000
21.000	0.000	0.000	30.000	0.000	1.000	0.000	0.000
20.000	0.000	0.000	30.000	0.000	1.000	0.000	0.000
20.000	0.000	0.000	30.000	0.000	1.000	0.000	0.000
20.000	0.000	0.000	30.000	0.000	1.000	0.000	0.000
20.000	0.000	0.000	30.000	0.000	1.000	0.000	0.000
20.000	0.000	0.000	30.000	0.000	1.000	0.000	0.000
20.000	0.000	0.000	30.000	0.000	1.000	0.000	0.000
20.000	0.000	0.000	30.000	0.000	1.000	0.000	0.000
20.000	0.000	0.000	30.000	0.000	1.000	0.000	0.000
20.000	0.000	0.000	30.000	0.000	1.000	0.000	0.000
20.000	0.000	0.000	30.000	0.000	1.000	0.000	0.000
20.000	0.000	0.000	30.000	0.000	1.000	0.000	0.000
20.000	0.000	0.000	30.000	0.000	1.000	0.000	0.000
20.000	0.000	0.000	30.000	0.000	1.000	0.000	0.000
20.000	0.000	0.000	30.000	0.000	1.000	0.000	0.000
20.000	0.000	0.000	30.000	0.000	1.000	0.000	0.000
20.000	0.000	0.000	30.000	0.000	1.000	0.000	0.000
20.000	0.000	0.000	30.000	0.000	1.000	0.000	0.000
20.000	0.000	0.000	30.000	0.000	1.000	0.000	0.000
20.000	0.000	0.000	30.000	0.000	1.000	0.000	0.000
20.000	0.000	0.000	30.000	0.000	1.000	0.000	0.000
20.000	0.000	0.000	30.000	0.000	1.000	0.000	0.000
21.000	0.000	0.000	30.000	0.000	1.000	0.000	0.000
20.000	0.000	0.000	30.000	0.000	1.000	0.000	0.000
20.000	0.000	0.000	30.000	0.000	1.000	0.000	0.000
22.000	0.000	0.000	30.000	0.000	1.000	0.000	0.000
