
2146.82  2146.53  2147.28 
2147.02  2146.53  2147.49 
2146.82  2146.53  2147.28 
2146.82  2146.53  2147.28 
2146.61  2146.53  2147.28 
2147.02  2146.53  2147.49 
2146.82  2146.53  2147.07 
2146.82  2146.53  2147.49 
2146.82  2146.12  2147.28 
2146.82  2146.32  2147.49 
2146.61  2146.53  2147.28 
2147.23  2146.53  2147.28 
2146.82  2146.53  2147.28 
2146.82  2146.53  2147.49 
2147.02  2146.32  2147.28 
2147.02  2146.32  2150.01 
2146.82  2146.32  2147.28 
2146.82  2146.53  2151.91 
2146.82  2146.32  2147.28 
2146.82  2146.32  2152.75 
2146.82  2146.53  2147.28 
2146.82  2146.53  2154.01 
2146.82  2146.53  2147.49 
2146.82  2146.12  2154.22 
2146.82  2146.32  2147.28 
2146.82  2146.53  2154.01 
2147.02  2146.32  2147.28 
2146.82  2146.53  2154.22 
2146.82  2146.32  2147.28 
2146.82  2146.32  2154.22 
2146.82  2146.53  2147.28 
2146.82  2146.53  2153.80 
2146.82  2146.32  2147.28 
2146.82  2146.32  2150.01 
2146.82  2146.32  2147.28 
2147.02  2146.32  2148.54 
2146.82  2146.32  2147.28 
2154.01  2146.53  2147.70 
2147.02  2146.53  2147.07 
2147.02  2146.32  2147.28 
2146.82  2146.32  2147.28 
2146.82  2146.32  2147.07 
2147.02  2146.12  2147.28 
2146.82  2146.12  2147.28 
2146.82  2146.32  2147.28 
2146.82  2146.32  2147.28 
2147.02  2146.32  2147.28 
2146.82  2146.32  2147.07 
2146.82  2146.32  2147.28 
2146.82  2146.12  2147.07 
2147.02  2146.12  2147.28 
2146.82  2146.12  2147.28 
2147.02  2146.32  2147.28 
2147.02  2146.32  2147.28 
2147.02  2146.32  2147.28 
2146.61  2146.32  2147.49 
2146.82  2146.32  2147.49 
2147.44  2146.12  2147.49 
2147.02  2146.12  2147.28 
2147.02  2146.12  2147.49 
2148.26  2146.32  2147.49 
2147.02  2146.12  2147.28 
2146.82  2146.12  2147.28 
2147.02  2146.12  2147.49 
2146.82  2145.91  2147.28 
2147.02  2146.32  2147.07 
2147.02  2146.12  2147.49 
2146.82  2146.12  2147.49 
2147.02  2146.12  2147.49 
2146.82  2146.32  2147.28 
2146.82  2146.12  2147.28 
2146.82  2146.12  2147.28 
2146.82  2146.12  2147.28 
2146.61  2146.12  2147.28 
2146.82  2146.12  2147.07 
2146.82  2146.32  2147.28 
2147.02  2146.12  2147.07 
2146.82  2146.12  2147.07 
2147.02  2146.32  2147.28 
2146.82  2146.12  2147.28 
2151.13  2146.12  2147.28 
2146.82  2146.12  2147.28 
2147.02  2146.12  2147.28 
2147.02  2145.91  2147.28 
2147.02  2146.12  2147.28 
2147.02  2145.91  2147.28 
2146.82  2146.32  2147.28 
2147.02  2146.12  2147.49 
2146.82  2146.32  2147.28 
2147.02  2146.12  2147.28 
2146.82  2146.12  2147.28 
2146.82  2146.32  2147.28 
2147.02  2146.12  2147.07 
2147.02  2146.12  2147.28 
2147.02  2146.32  2147.28 
2147.02  2146.12  2147.28 
2146.82  2146.32  2147.28 
2146.82  2146.12  2147.28 
2146.82  2146.12  2147.49 
2146.82  2146.12  2147.07 
2147.23  2146.12  2147.07 
2147.02  2146.12  2147.28 
2146.82  2145.70  2147.28 
2150.31  2146.12  2147.49 
2147.02  2146.12  2147.28 
2147.02  2146.12  2147.28 
2147.23  2146.12  2147.49 
2147.02  2146.12  2147.28 
2147.02  2146.32  2147.28 
2146.82  2145.91  2147.49 
2147.02  2146.32  2147.49 
2146.82  2146.32  2147.28 
2147.02  2146.12  2147.28 
2147.02  2145.91  2147.28 
2147.02  2145.91  2147.49 
2147.02  2146.12  2147.28 
2147.02  2146.12  2147.28 
2146.82  2145.91  2147.28 
2146.82  2146.32  2147.28 
2146.82  2145.91  2147.28 
2147.02  2146.12  2147.49 
2146.82  2146.12  2147.28 
2147.02  2145.91  2147.28 
2146.82  2146.12  2147.28 
2146.61  2146.12  2147.28 
2146.82  2146.12  2147.28 
2153.80  2146.12  2147.07 
2147.02  2146.32  2147.28 
2146.82  2146.12  2147.28 
2147.02  2146.12  2147.28 
2147.02  2146.12  2147.28 
2146.82  2145.91  2147.07 
2146.82  2146.12  2147.28 
2147.02  2146.12  2147.07 
2146.82  2146.12  2147.07 
2146.82  2146.32  2147.49 
2147.02  2145.91  2147.28 
2146.82  2146.12  2147.28 
2146.82  2145.91  2147.07 
2146.82  2145.50  2147.28 
2146.61  2145.91  2147.28 
2146.61  2146.12  2147.28 
2147.02  2146.12  2147.07 
2146.82  2145.91  2147.28 
2146.82  2145.91  2147.28 
2146.82  2145.91  2147.07 
2146.82  2145.91  2147.28 
2146.82  2145.91  2147.28 
2147.02  2146.12  2147.07 
2147.23  2145.91  2147.28 
2147.02  2146.12  2147.28 
2146.82  2145.91  2147.28 
2154.01  2145.91  2147.28 
2146.82  2145.91  2147.28 
2146.82  2145.91  2147.28 
2147.02  2145.91  2147.28 
2146.82  2146.53  2147.49 
2147.02  2146.12  2147.28 
2147.02  2146.12  2147.28 
2146.82  2145.91  2147.28 
2147.02  2145.91  2147.28 
2146.82  2145.91  2147.28 
2146.82  2145.91  2147.07 
2147.02  2145.91  2147.28 
2146.82  2146.12  2147.28 
2146.82  2146.12  2147.28 
2146.82  2146.12  2147.28 
2146.82  2145.91  2147.28 
2146.82  2146.12  2147.28 
2147.02  2146.12  2147.28 
2147.02  2145.91  2147.28 
2146.82  2145.91  2147.07 
2146.82  2146.12  2147.28 
2146.82  2145.91  2147.28 
2147.02  2145.91  2147.49 
2147.23  2145.91  2147.28 
2147.02  2145.29  2147.49 
2147.02  2146.12  2147.28 
2147.23  2145.91  2147.28 
2146.82  2146.12  2147.28 
2146.82  2145.91  2147.28 
2147.02  2146.12  2147.07 
2146.82  2145.91  2147.28 
2147.02  2146.32  2147.28 
2146.82  2145.91  2147.28 
2147.02  2145.91  2146.86 
2146.82  2145.91  2147.28 
2146.82  2145.91  2147.07 
2146.82  2145.91  2147.07 
2147.02  2146.12  2147.07 
2146.82  2145.91  2147.49 
2147.02  2145.91  2147.28 
2146.82  2145.91  2147.28 
2147.02  2146.12  2147.28 
2146.82  2145.91  2147.28 
2146.82  2146.12  2147.28 
2147.02  2146.12  2147.28 
2147.02  2146.12  2147.28 
2147.02  2145.91  2147.28 
2147.02  2146.12  2147.28 
2146.82  2146.12  2147.28 
2154.01  2146.12  2147.28 
2146.82  2146.32  2147.28 
2146.82  2146.12  2147.28 
2146.82  2146.12  2147.28 
2147.02  2146.12  2147.28 
2147.02  2146.12  2147.07 
2147.02  2146.32  2147.28 
2146.82  2146.12  2147.28 
2147.02  2146.12  2147.07 
2146.82  2146.12  2147.49 
2147.02  2145.91  2147.28 
2147.02  2146.12  2147.28 
2147.02  2146.12  2147.49 
2146.82  2146.12  2147.49 
2147.02  2146.12  2147.49 
2146.82  2145.91  2147.28 
2147.02  2146.12  2147.28 
2147.02  2146.12  2147.28 
2147.02  2146.12  2147.49 
2147.02  2146.12  2147.07 
2146.82  2146.12  2147.49 
2146.61  2146.12  2147.49 
2146.82  2146.12  2147.49 
2147.44  2145.91  2147.28 
2146.82  2145.91  2147.28 
2147.02  2146.12  2147.28 
2146.82  2146.12  2147.28 
2146.82  2146.12  2147.28 
2147.02  2146.12  2147.28 
2146.82  2145.91  2147.28 
2147.02  2145.91  2147.49 
2147.02  2146.12  2147.28 
2146.82  2145.91  2147.28 
2147.02  2145.91  2147.28 
2147.02  2146.12  2147.28 
2147.02  2146.12  2147.28 
2147.23  2145.91  2147.28 
2146.82  2145.91  2147.07 
2147.02  2145.91  2147.28 
2147.02  2146.12  2147.49 
2146.82  2145.91  2147.49 
2146.82  2145.70  2147.28 
2147.02  2145.91  2147.28 
2146.82  2145.91  2147.49 
2146.82  2145.91  2147.28 
2146.82  2145.91  2147.28 
2153.80  2146.12  2147.49 
2146.82  2146.12  2147.28 
2147.02  2146.12  2147.28 
2147.02  2145.91  2147.28 
2146.82  2145.91  2147.28 
2147.02  2145.91  2147.28 
2147.02  2146.12  2147.28 
2146.82  2145.91  2147.28 
2146.82  2145.91  2147.07 
2146.82  2145.91  2147.28 
2146.82  2145.91  2147.28 
2146.82  2146.12  2147.28 
2146.82  2145.91  2147.28 
2146.82  2145.91  2147.28 
2147.02  2145.91  2147.49 
2147.02  2145.70  2147.49 
2146.82  2145.91  2147.28 
2146.82  2145.91  2147.28 
2147.02  2146.12  2147.28 
2147.02  2146.12  2147.28 
2147.23  2146.12  2147.07 
2146.82  2146.12  2147.28 
2146.82  2145.91  2147.28 
2150.93  2145.91  2147.28 
2147.02  2145.91  2147.28 
2147.02  2145.91  2147.28 
2147.02  2146.12  2147.49 
2147.02  2145.91  2147.28 
2147.02  2145.91  2147.28 
2146.82  2145.91  2147.28 
2147.02  2145.70  2147.28 
2146.82  2145.91  2147.49 
2147.02  2145.91  2147.28 
2147.02  2145.91  2147.28 
2146.82  2145.91  2147.28 
2147.02  2145.91  2147.49 
2146.82  2145.91  2147.28 
2147.02  2146.12  2147.49 
2147.02  2145.91  2147.07 
2147.23  2145.91  2147.28 
2146.82  2145.91  2147.49 
2147.02  2145.91  2147.49 
2146.82  2146.12  2147.28 
2149.08  2145.91  2147.28 
2147.02  2145.70  2147.49 
2146.82  2145.91  2147.28 
2147.02  2145.91  2147.28 
2146.82  2145.91  2147.28 
2147.02  2145.91  2147.28 
2147.02  2146.12  2147.28 
2146.61  2145.91  2147.28 
2146.82  2145.91  2147.49 
2147.02  2145.91  2147.28 
2147.02  2145.91  2147.28 
2146.82  2146.12  2147.28 
2146.82  2145.91  2147.28 
2147.02  2145.70  2147.28 
2147.02  2145.70  2147.49 
2147.02  2145.91  2147.28 
2146.82  2145.91  2147.28 
2147.02  2145.91  2147.28 
2147.02  2145.91  2147.28 
2147.02  2145.91  2147.28 
2147.23  2145.70  2147.28 
2146.82  2145.91  2147.49 
2146.82  2145.70  2147.49 
2153.39  2145.91  2147.28 
2147.02  2145.91  2147.28 
2147.02  2145.91  2147.28 
2147.02  2145.91  2147.28 
2146.82  2145.70  2147.28 
2146.82  2145.70  2147.49 
2147.02  2145.70  2147.28 
2146.82  2145.91  2147.28 
2147.02  2145.91  2147.07 
2147.02  2145.91  2147.49 
2147.02  2145.70  2147.28 
2147.02  2145.91  2147.28 
2146.82  2145.70  2147.28 
2147.02  2145.70  2147.28 
2147.02  2145.91  2147.28 
2146.82  2145.91  2147.49 
2146.82  2145.91  2147.28 
2147.02  2145.70  2147.49 
2147.02  2145.91  2147.28 
2146.82  2145.91  2147.49 
2146.82  2145.70  2147.28 
2147.02  2145.70  2147.70 
2147.02  2145.70  2147.49 
2151.34  2145.70  2147.49 
2146.82  2145.91  2147.28 
2147.02  2145.91  2147.28 
2147.02  2145.70  2147.28 
2147.02  2145.70  2147.49 
2146.82  2145.91  2147.28 
2147.02  2145.91  2148.54 
2147.02  2145.70  2147.28 
2146.82  2145.91  2151.70 
2146.82  2145.91  2147.28 
2147.02  2145.70  2153.38 
2147.02  2145.70  2147.70 
2146.82  2145.70  2154.01 
2147.02  2145.91  2147.28 
2147.02  2145.70  2154.43 
2146.82  2145.91  2147.28 
2146.82  2145.70  2154.22 
2147.02  2145.70  2147.28 
2147.02  2145.70  2154.22 
2147.02  2145.70  2147.28 
2146.82  2145.91  2153.80 
2147.02  2145.91  2147.28 
2146.82  2145.91  2150.01 
2147.23  2145.70  2147.28 
2146.82  2145.70  2148.12 
2147.02  2145.91  2147.28 
2154.01  2145.91  2147.49 
2146.82  2145.70  2147.49 
2146.82  2145.70  2147.49 
2147.02  2145.91  2147.28 
2146.82  2145.70  2147.49 
2146.82  2145.70  2147.28 
2147.02  2145.91  2147.28 
2147.02  2145.70  2147.28 
2147.02  2145.91  2147.49 
2146.82  2145.70  2147.28 
2146.82  2145.70  2147.28 
2146.82  2145.70  2147.28 
2147.02  2145.91  2147.28 
2147.02  2145.70  2147.28 
2147.02  2145.70  2147.49 
2147.02  2145.70  2147.28 
2146.82  2144.67  2147.28 
2146.82  2145.91  2147.28 
2146.82  2145.70  2147.28 
2146.82  2145.70  2147.49 
2147.02  2145.70  2147.28 
2146.82  2145.70  2147.28 
2146.82  2145.70  2147.28 
2147.85  2145.91  2147.28 
2147.02  2145.70  2147.28 
2146.82  2145.91  2147.28 
2147.23  2145.70  2147.28 
2146.82  2145.91  2147.28 
2146.82  2145.70  2147.49 
2147.02  2145.70  2147.28 
2146.82  2145.91  2147.28 
2147.02  2145.70  2147.49 
2147.02  2145.70  2147.28 
2147.02  2145.50  2147.28 
2147.02  2145.50  2147.28 
2146.82  2145.70  2147.49 
2147.02  2145.50  2147.28 
2146.82  2145.70  2147.28 
2146.82  2145.70  2147.49 
2146.82  2145.70  2147.49 
2147.02  2145.70  2147.28 
2147.02  2145.50  2147.07 
2146.82  2145.70  2147.07 
2147.02  2145.50  2147.28 
2147.02  2145.70  2147.49 
2146.82  2145.70  2147.28 
2152.78  2145.50  2147.49 
2147.02  2145.70  2147.28 
2147.02  2145.70  2147.28 
2146.82  2145.70  2147.28 
2147.02  2145.70  2147.28 
2147.02  2145.70  2147.49 
2146.82  2145.70  2147.28 
2147.02  2145.70  2147.28 
2146.82  2145.70  2147.49 
2147.02  2145.70  2147.28 
2147.02  2145.50  2147.28 
2146.82  2145.70  2147.28 
2147.02  2145.50  2147.28 
2147.02  2145.70  2147.07 
2146.82  2145.70  2147.49 
2146.82  2145.70  2147.49 
2146.82  2145.70  2147.49 
2147.02  2145.70  2147.28 
2146.82  2145.50  2147.49 
2147.02  2145.70  2147.28 
2153.39  2145.70  2147.49 
2146.82  2145.70  2147.49 
2146.82  2145.70  2147.49 
2147.02  2145.50  2147.28 
2147.02  2145.91  2147.49 
2146.82  2145.70  2147.28 
2147.02  2145.50  2147.28 
2147.02  2145.70  2147.49 
2147.02  2145.70  2147.07 
2146.82  2145.70  2147.49 
2147.02  2145.70  2147.49 
2147.02  2145.70  2147.28 
2147.02  2145.70  2147.28 
2147.02  2145.50  2147.49 
2146.82  2145.70  2147.28 
2147.02  2145.50  2147.49 
2147.02  2145.70  2147.28 
2146.82  2145.70  2147.49 
2147.02  2145.50  2147.28 
2147.02  2145.50  2147.49 
2147.23  2145.91  2147.49 
2146.82  2145.70  2147.49 
2147.02  2145.91  2147.49 
2147.02  2145.70  2147.28 
2147.02  2145.70  2147.49 
2147.02  2145.70  2147.49 
2146.82  2145.50  2147.70 
2146.82  2145.70  2147.49 
2146.82  2145.70  2147.49 
2147.02  2145.70  2147.49 
2147.02  2145.50  2147.28 
2147.23  2145.70  2147.49 
2147.02  2145.70  2147.28 
2146.82  2145.70  2147.28 
2147.02  2145.70  2147.49 
2146.82  2145.70  2147.49 
2146.61  2145.70  2147.49 
2147.02  2145.70  2147.28 
2147.02  2145.70  2147.49 
2146.82  2145.50  2147.28 
2147.02  2145.70  2147.28 
2147.02  2145.50  2147.49 
2147.02  2145.70  2147.49 
2154.21  2145.70  2147.28 
2147.02  2145.50  2147.49 
