
2146.82  2145.70  2147.07 
2146.61  2145.70  2147.07 
2146.82  2145.70  2147.07 
2146.82  2145.70  2147.07 
2146.61  2145.70  2147.07 
2146.61  2145.70  2147.49 
2146.82  2145.50  2147.28 
2146.82  2145.91  2147.49 
2146.61  2145.50  2147.28 
2147.02  2145.50  2147.28 
2146.82  2145.70  2147.07 
2147.02  2145.70  2147.28 
2146.82  2145.70  2147.07 
2146.82  2145.70  2147.07 
2146.61  2145.70  2147.07 
2146.82  2145.50  2147.28 
2146.82  2145.70  2147.28 
2146.82  2145.70  2147.28 
2146.82  2145.50  2147.07 
2146.82  2145.70  2147.28 
2146.82  2145.91  2147.07 
2151.54  2145.70  2147.28 
2146.82  2145.70  2146.86 
2147.02  2145.50  2147.07 
2146.82  2145.70  2147.28 
2146.82  2145.70  2147.28 
2146.82  2145.91  2147.28 
2146.82  2145.50  2147.49 
2146.82  2145.70  2147.28 
2146.82  2145.70  2147.28 
2146.61  2145.50  2147.28 
2146.82  2145.50  2147.28 
2146.61  2145.70  2147.28 
2146.82  2145.70  2147.28 
2146.82  2145.70  2147.28 
2146.82  2145.50  2147.28 
2146.61  2145.50  2147.28 
2146.82  2145.91  2147.28 
2146.82  2145.70  2147.28 
2146.61  2145.70  2147.07 
2146.82  2145.70  2147.28 
2147.23  2145.70  2147.28 
2146.61  2145.70  2147.28 
2146.82  2145.70  2147.28 
2146.82  2145.50  2147.49 
2146.82  2145.70  2147.28 
2146.82  2145.50  2147.49 
2146.61  2145.50  2147.28 
2146.82  2145.50  2147.49 
2146.82  2145.70  2147.28 
2146.82  2145.50  2147.49 
2146.82  2145.70  2147.28 
2146.61  2145.91  2148.54 
2146.82  2145.70  2147.28 
2146.82  2145.70  2150.86 
2146.82  2145.70  2147.28 
2146.82  2145.70  2153.38 
2146.82  2145.50  2147.49 
2146.82  2145.70  2154.22 
2146.82  2145.50  2147.28 
2146.61  2145.70  2154.01 
2147.23  2145.70  2147.49 
2146.82  2145.70  2154.43 
2146.82  2145.50  2147.28 
2148.67  2145.70  2152.54 
2146.82  2145.50  2147.49 
2146.82  2145.70  2149.59 
2146.82  2145.70  2147.49 
2146.82  2145.70  2147.91 
2146.61  2145.91  2147.28 
2146.82  2145.50  2147.28 
2146.82  2145.70  2147.28 
2146.82  2145.70  2147.28 
2146.82  2145.70  2147.07 
2146.82  2145.50  2147.49 
2146.82  2145.70  2147.28 
2146.82  2145.70  2147.07 
2146.82  2145.70  2147.28 
2146.82  2145.70  2147.07 
2146.82  2145.91  2147.28 
2146.82  2145.50  2147.28 
2146.82  2145.70  2147.28 
2146.82  2145.70  2147.28 
2146.82  2145.70  2147.28 
2153.80  2145.70  2147.28 
2146.82  2145.50  2147.28 
2147.02  2145.50  2147.49 
2146.61  2145.50  2147.28 
2146.82  2145.70  2147.07 
2146.61  2145.50  2147.07 
2146.82  2145.91  2147.07 
2146.82  2145.70  2147.07 
2146.82  2145.50  2147.28 
2146.82  2145.70  2147.49 
2146.82  2145.70  2147.28 
2146.82  2145.70  2147.28 
2146.82  2145.50  2147.28 
2146.82  2145.50  2147.49 
2146.82  2145.70  2147.28 
2146.82  2145.70  2147.28 
2146.82  2145.70  2147.28 
2146.82  2145.50  2147.28 
2146.82  2145.70  2147.28 
2146.82  2145.70  2147.28 
2147.23  2145.70  2147.28 
2146.82  2145.70  2147.28 
2146.82  2145.70  2147.07 
2146.82  2145.50  2147.28 
2147.02  2145.70  2147.28 
2146.82  2145.50  2147.28 
2146.82  2145.70  2147.28 
2146.61  2145.50  2147.28 
2146.82  2145.70  2147.28 
2146.82  2145.50  2147.28 
2146.82  2145.70  2147.28 
2146.61  2145.50  2147.28 
2146.82  2145.70  2147.28 
2146.82  2145.50  2147.28 
2146.82  2145.70  2147.28 
2146.82  2145.70  2147.28 
2146.61  2145.50  2147.28 
2146.82  2145.50  2147.28 
2146.82  2145.50  2147.28 
2147.02  2145.50  2147.28 
2147.02  2145.50  2147.28 
2146.61  2145.29  2147.28 
2146.61  2145.70  2147.28 
2152.16  2145.50  2147.07 
2146.82  2145.50  2147.28 
2146.82  2145.50  2147.28 
2146.82  2145.50  2147.28 
2146.82  2145.70  2147.28 
2146.82  2145.50  2147.28 
2146.61  2145.70  2147.28 
2146.82  2145.70  2147.07 
2146.61  2145.50  2147.07 
2146.82  2145.50  2147.28 
2146.82  2145.50  2147.28 
2146.82  2145.50  2147.07 
2146.82  2145.70  2147.28 
2146.82  2145.70  2147.28 
2146.82  2145.70  2147.28 
2146.82  2145.70  2147.28 
2146.82  2145.70  2147.28 
2146.82  2145.70  2147.28 
2146.61  2145.50  2147.28 
2147.02  2145.70  2147.49 
2152.98  2145.70  2147.28 
2146.82  2145.70  2147.49 
2146.82  2145.50  2147.28 
2146.82  2145.70  2147.28 
2146.82  2145.70  2147.07 
2146.82  2145.50  2147.28 
2146.82  2145.70  2147.28 
2146.82  2145.70  2147.49 
2146.61  2145.70  2147.49 
2146.61  2145.50  2147.28 
2146.82  2145.70  2147.28 
2146.82  2145.50  2147.28 
2147.02  2145.70  2147.28 
2146.82  2145.70  2147.49 
2146.82  2145.50  2147.49 
2146.82  2145.70  2147.28 
2146.82  2145.91  2147.28 
2146.82  2145.70  2147.28 
2146.82  2145.70  2147.28 
2147.02  2145.70  2147.28 
2147.02  2145.50  2147.28 
2147.02  2145.70  2147.28 
2146.61  2145.70  2147.49 
2153.80  2145.70  2147.28 
2146.82  2145.70  2147.28 
2146.82  2145.70  2147.28 
2146.82  2145.70  2147.28 
2146.82  2145.70  2147.28 
2146.82  2145.70  2147.28 
2146.82  2145.70  2147.49 
2146.82  2145.50  2147.49 
2147.02  2145.70  2147.28 
2147.02  2145.50  2147.28 
2146.82  2145.70  2147.28 
2146.82  2145.70  2147.28 
2146.82  2145.70  2147.28 
2146.82  2145.70  2147.28 
2147.02  2145.70  2147.28 
2146.82  2145.70  2147.49 
2147.02  2145.70  2147.49 
2146.82  2145.70  2147.28 
2146.82  2145.70  2147.28 
2146.82  2145.70  2147.28 
2146.82  2145.50  2147.49 
2146.82  2145.70  2147.49 
2147.02  2145.70  2147.49 
2149.90  2145.70  2147.49 
2146.61  2145.70  2147.49 
2146.82  2145.70  2147.49 
2147.02  2145.70  2147.49 
2146.82  2145.70  2147.49 
2146.82  2145.50  2147.28 
2146.82  2145.50  2147.28 
2146.82  2145.70  2147.28 
2146.82  2145.70  2147.28 
2147.02  2145.70  2147.49 
2146.82  2145.70  2147.49 
2146.61  2145.91  2147.49 
2146.82  2145.70  2147.28 
2147.02  2145.70  2147.28 
2146.82  2145.50  2147.28 
2147.02  2145.70  2147.28 
2146.82  2145.70  2147.28 
2146.82  2145.70  2147.28 
2146.82  2145.70  2147.49 
2146.82  2145.70  2147.28 
2146.82  2145.70  2147.28 
2146.82  2145.70  2147.28 
2146.82  2145.70  2147.28 
2148.87  2145.50  2147.49 
2146.61  2145.70  2147.49 
2146.82  2145.70  2147.28 
2146.82  2145.70  2147.49 
2146.82  2145.91  2147.49 
2146.82  2145.70  2147.07 
2146.82  2145.70  2147.49 
2147.02  2145.70  2147.28 
2147.02  2145.70  2147.49 
2147.02  2145.70  2147.28 
2146.61  2145.70  2147.28 
2146.61  2145.70  2147.28 
2146.82  2145.50  2147.28 
2146.82  2145.08  2147.28 
2146.82  2145.70  2147.49 
2146.82  2145.70  2147.28 
2146.82  2145.70  2147.28 
2146.82  2145.50  2147.49 
2147.02  2145.70  2147.28 
2146.82  2145.70  2147.49 
2147.23  2145.70  2147.49 
2146.82  2145.91  2147.28 
2147.02  2145.70  2147.28 
2148.26  2145.70  2147.49 
2147.02  2145.50  2147.28 
2146.82  2145.70  2147.28 
2146.82  2145.70  2147.28 
2146.82  2145.91  2147.49 
2146.82  2145.50  2147.28 
2146.82  2145.70  2147.28 
2146.82  2145.50  2147.49 
2146.82  2145.70  2147.28 
2146.82  2145.70  2147.28 
2146.82  2145.70  2147.49 
2147.02  2145.91  2147.28 
2146.82  2145.70  2147.28 
2146.82  2145.70  2147.28 
2146.82  2145.70  2147.49 
2146.82  2145.70  2147.49 
2146.82  2145.70  2147.28 
2146.82  2145.70  2147.49 
2146.82  2145.70  2147.28 
2147.02  2145.91  2147.49 
2153.80  2145.70  2147.28 
2147.02  2145.70  2147.28 
2146.82  2145.50  2147.28 
2146.82  2145.50  2147.28 
2146.82  2145.50  2147.49 
2146.82  2145.70  2147.28 
2146.82  2145.70  2147.28 
2146.82  2145.50  2147.28 
2146.82  2145.70  2147.28 
2146.82  2145.50  2147.49 
2146.82  2145.50  2147.28 
2146.82  2145.70  2147.28 
2147.02  2145.50  2147.28 
2146.82  2145.50  2147.28 
2147.02  2145.70  2147.28 
2147.02  2145.50  2147.49 
2147.02  2145.50  2147.49 
2146.82  2145.50  2147.49 
2146.82  2145.50  2147.28 
2147.02  2145.70  2147.49 
2150.11  2145.70  2147.28 
2146.82  2145.50  2147.49 
2146.82  2145.70  2147.28 
2146.82  2145.50  2147.28 
2147.02  2145.50  2147.49 
2146.82  2145.70  2147.49 
2146.82  2145.70  2147.49 
2147.02  2145.70  2147.49 
2146.82  2145.70  2147.49 
2147.02  2145.70  2147.28 
2146.61  2145.50  2147.49 
2147.02  2145.70  2147.28 
2147.02  2145.70  2147.49 
2146.82  2145.70  2147.28 
2147.02  2145.50  2147.49 
2147.02  2145.70  2147.49 
2146.82  2145.70  2147.49 
2146.82  2145.70  2147.28 
2147.02  2145.50  2150.23 
2146.82  2145.70  2147.28 
2147.02  2145.50  2152.96 
2147.02  2145.50  2147.28 
2146.82  2145.70  2154.01 
2149.49  2145.70  2147.49 
2146.82  2145.70  2154.22 
2146.82  2145.70  2147.28 
2146.82  2145.50  2154.43 
2146.82  2145.70  2147.28 
2147.02  2145.70  2154.43 
2147.02  2145.70  2147.28 
2147.02  2145.70  2151.07 
2146.82  2145.50  2147.07 
2147.02  2145.70  2148.12 
2147.02  2145.70  2147.28 
2147.02  2145.70  2147.28 
2146.82  2145.70  2147.28 
2146.82  2145.50  2147.28 
2146.82  2145.70  2147.49 
2146.82  2145.70  2147.28 
2146.82  2145.70  2147.28 
2147.02  2145.70  2147.28 
2146.82  2145.70  2147.28 
2146.82  2145.70  2147.28 
2153.60  2145.70  2147.49 
2146.82  2145.50  2147.07 
2146.82  2145.50  2147.28 
2146.82  2145.50  2147.28 
2146.82  2145.70  2147.28 
2146.82  2145.50  2147.28 
2147.02  2145.50  2147.28 
2146.61  2145.50  2147.49 
2146.82  2145.50  2147.49 
2146.82  2145.70  2147.28 
2146.82  2145.50  2147.07 
2146.82  2145.70  2147.28 
2146.82  2145.70  2147.28 
2146.82  2145.50  2147.28 
2146.82  2145.70  2147.28 
2146.82  2145.50  2147.28 
2146.82  2145.70  2147.07 
2146.82  2145.50  2147.28 
2146.82  2145.70  2147.28 
2147.02  2145.50  2147.28 
2147.23  2145.50  2147.28 
2146.82  2145.50  2147.28 
2146.82  2145.70  2147.28 
2147.02  2145.50  2147.28 
2147.02  2145.70  2147.49 
2146.82  2145.50  2147.28 
2146.82  2145.29  2147.49 
2146.82  2145.50  2147.49 
2147.02  2145.50  2147.28 
2146.82  2145.50  2147.28 
2146.82  2145.50  2147.49 
2146.82  2145.50  2147.07 
2146.82  2145.50  2147.49 
2147.02  2145.50  2147.49 
2146.82  2145.50  2147.28 
2146.82  2145.50  2147.07 
2146.82  2145.50  2147.49 
2146.82  2145.70  2147.07 
2147.02  2145.50  2147.49 
2146.82  2145.29  2147.28 
2146.82  2145.50  2147.49 
2146.82  2145.50  2147.28 
2146.82  2145.70  2147.49 
2150.31  2145.50  2147.28 
2146.82  2145.50  2147.28 
2146.82  2145.50  2147.49 
2146.82  2145.70  2147.28 
2146.82  2145.29  2147.28 
2146.82  2145.50  2147.49 
2146.82  2145.29  2147.49 
2146.82  2145.29  2147.49 
2146.82  2145.29  2147.07 
2146.82  2145.50  2147.28 
2146.82  2145.50  2147.49 
2147.02  2145.50  2147.28 
2147.02  2145.29  2147.28 
2146.82  2145.50  2147.07 
2146.82  2145.29  2147.49 
2147.02  2145.50  2147.28 
2146.82  2145.50  2147.28 
2146.82  2145.70  2147.28 
2146.82  2145.50  2147.28 
2146.82  2145.50  2147.28 
2147.02  2145.29  2147.28 
2146.82  2145.50  2147.49 
2146.82  2145.50  2147.49 
2147.23  2145.29  2147.28 
2147.02  2145.29  2147.28 
2147.02  2145.50  2147.28 
2153.19  2146.32  2147.28 
2147.02  2145.50  2147.49 
2146.82  2145.29  2147.07 
2146.82  2145.50  2147.28 
2146.82  2145.50  2147.49 
2146.82  2145.50  2147.28 
2146.82  2145.29  2147.28 
2146.82  2145.50  2147.28 
2146.82  2145.50  2147.28 
2146.82  2145.29  2147.28 
2146.82  2145.50  2147.28 
2146.82  2145.50  2147.28 
2146.82  2145.29  2147.28 
2146.82  2145.50  2147.28 
2146.82  2145.50  2147.28 
2146.82  2145.29  2147.28 
2146.82  2145.50  2147.28 
2146.82  2145.50  2147.49 
2146.82  2145.50  2147.28 
2146.82  2145.50  2147.28 
2147.23  2145.08  2147.28 
2146.82  2145.50  2147.07 
2146.82  2145.50  2147.28 
2148.46  2145.29  2147.07 
2146.82  2145.50  2147.28 
2147.02  2145.50  2147.28 
2147.02  2145.50  2147.49 
2146.82  2145.29  2147.49 
2147.02  2145.29  2147.28 
2146.82  2145.50  2147.28 
2147.02  2145.50  2147.49 
2146.82  2145.50  2147.28 
2146.82  2145.50  2147.28 
2147.02  2145.50  2147.49 
2146.82  2145.50  2147.28 
2146.82  2145.50  2147.28 
2146.82  2145.29  2147.28 
2146.82  2145.50  2147.28 
2147.02  2145.50  2147.28 
2146.61  2145.29  2147.28 
2147.02  2145.29  2147.28 
2146.82  2145.29  2147.28 
2146.82  2145.29  2147.28 
2153.80  2145.50  2147.28 
2146.82  2145.29  2147.49 
2146.61  2145.29  2147.28 
2146.82  2145.50  2147.28 
2147.02  2145.29  2147.49 
2146.82  2145.50  2147.28 
2146.61  2145.29  2147.49 
2146.82  2145.50  2147.49 
2146.82  2145.50  2147.28 
2146.82  2145.50  2147.07 
2146.82  2145.50  2147.28 
2146.82  2145.50  2147.49 
2146.82  2145.29  2147.28 
2146.82  2145.50  2147.28 
2147.02  2145.50  2147.28 
2146.82  2145.29  2147.28 
2147.02  2145.50  2147.28 
2146.82  2145.50  2147.49 
2146.82  2145.50  2147.49 
2146.82  2145.29  2147.28 
2147.23  2145.29  2147.49 
2147.02  2145.29  2147.28 
2147.02  2145.50  2147.28 
2146.61  2145.50  2147.28 
2147.02  2145.29  2147.28 
2146.82  2145.50  2147.28 
2146.82  2145.50  2147.28 
2146.82  2145.50  2147.49 
2146.61  2145.29  2147.49 
2146.82  2145.50  2147.28 
2146.82  2145.50  2147.28 
2146.82  2145.29  2147.07 
2146.82  2145.50  2147.49 
2146.82  2145.50  2147.28 
2146.82  2145.29  2147.49 
2146.82  2145.50  2147.28 
2146.82  2145.29  2147.28 
2146.61  2145.29  2147.28 
2146.82  2145.50  2147.49 
2146.82  2145.50  2147.28 
2147.02  2145.29  2147.28 
