
2146.82  2146.32  2147.28 
2147.02  2146.32  2147.28 
2146.82  2146.53  2147.28 
2146.82  2146.32  2147.07 
2146.82  2146.32  2147.28 
2146.82  2146.32  2147.28 
2146.82  2146.32  2147.28 
2146.82  2146.32  2147.28 
2146.82  2146.32  2147.28 
2146.82  2146.32  2147.07 
2146.82  2146.32  2147.28 
2146.82  2146.32  2147.07 
2146.82  2146.12  2147.28 
2146.82  2146.32  2147.28 
2147.02  2146.32  2147.28 
2146.82  2146.32  2147.49 
2147.02  2146.32  2147.28 
2147.02  2146.32  2147.07 
2146.82  2146.53  2147.28 
2146.82  2146.32  2147.49 
2153.80  2146.32  2147.28 
2146.61  2146.32  2147.49 
2146.82  2146.53  2147.07 
2146.82  2146.32  2147.28 
2146.82  2146.32  2147.28 
2146.61  2146.32  2147.28 
2146.82  2146.32  2147.49 
2146.82  2146.12  2147.49 
2146.82  2146.32  2147.28 
2146.82  2146.53  2147.28 
2146.82  2146.32  2147.28 
2146.82  2146.53  2147.28 
2146.61  2146.32  2147.28 
2146.61  2146.53  2147.28 
2146.82  2146.53  2147.28 
2146.82  2146.32  2147.28 
2146.82  2146.53  2147.28 
2146.82  2146.53  2147.28 
2146.82  2146.53  2147.07 
2146.82  2146.32  2147.28 
2147.02  2146.32  2147.28 
2146.82  2146.12  2147.28 
2146.61  2146.32  2147.07 
2146.82  2146.53  2147.49 
2146.82  2146.32  2147.28 
2146.82  2146.32  2147.07 
2146.61  2146.32  2147.28 
2146.61  2146.53  2147.07 
2146.61  2146.32  2147.28 
2146.82  2146.32  2147.28 
2146.82  2146.32  2147.28 
2146.82  2146.32  2147.28 
2146.61  2146.32  2147.49 
2147.02  2146.53  2147.28 
2146.82  2146.32  2147.28 
2146.61  2146.32  2147.49 
2146.82  2146.53  2147.28 
2146.61  2146.53  2147.28 
2146.61  2146.53  2147.28 
2146.82  2146.53  2147.28 
2146.82  2146.32  2147.28 
2146.82  2146.53  2147.07 
2146.61  2146.53  2147.07 
2147.23  2146.53  2147.28 
2146.82  2146.32  2147.28 
2146.61  2146.53  2147.07 
2153.80  2146.32  2147.28 
2146.61  2146.32  2147.28 
2146.82  2146.32  2147.07 
2146.61  2146.53  2147.28 
2146.82  2146.32  2147.07 
2147.02  2146.53  2147.28 
2146.82  2146.53  2147.28 
2147.02  2146.53  2147.07 
2146.82  2146.32  2147.28 
2147.02  2146.32  2147.28 
2146.82  2146.53  2147.49 
2147.02  2146.32  2147.28 
2146.82  2146.32  2147.07 
2146.82  2146.32  2147.07 
2146.61  2146.32  2147.28 
2146.82  2146.53  2147.07 
2147.02  2146.32  2147.28 
2146.82  2146.53  2147.28 
2146.82  2146.32  2147.28 
2146.61  2146.53  2147.28 
2146.61  2146.53  2147.28 
2146.61  2146.53  2147.28 
2146.61  2146.53  2147.07 
2153.80  2146.32  2147.28 
2146.82  2146.53  2147.49 
2146.82  2146.53  2147.28 
2146.82  2146.32  2147.28 
2146.61  2146.32  2147.28 
2146.82  2146.32  2147.28 
2146.82  2146.53  2147.28 
2146.61  2146.53  2147.07 
2146.82  2146.53  2147.28 
2146.61  2146.32  2147.07 
2146.82  2146.53  2147.28 
2146.61  2146.12  2147.49 
2146.61  2146.32  2147.07 
2146.82  2146.53  2147.28 
2146.82  2146.32  2147.28 
2146.82  2146.53  2147.28 
2146.61  2146.32  2147.28 
2146.82  2146.32  2147.28 
2146.82  2146.32  2147.28 
2147.02  2146.32  2147.28 
2147.23  2146.53  2147.28 
2146.82  2146.53  2147.28 
2146.82  2146.53  2147.28 
2148.05  2146.53  2147.28 
2146.82  2146.53  2147.28 
2146.82  2146.53  2147.28 
2146.82  2146.73  2147.28 
2146.82  2146.32  2147.28 
2146.82  2146.53  2147.28 
2146.82  2146.32  2147.28 
2146.82  2146.32  2147.07 
2146.82  2146.32  2147.28 
2146.82  2146.32  2147.28 
2146.82  2146.12  2147.07 
2146.82  2146.32  2147.07 
2146.61  2146.32  2147.07 
2146.82  2146.32  2147.49 
2146.82  2146.32  2147.28 
2146.82  2146.32  2147.07 
2147.02  2146.32  2147.28 
2146.82  2146.12  2147.28 
2147.02  2146.32  2147.28 
2146.61  2146.73  2147.28 
2151.34  2146.53  2147.49 
2146.82  2146.32  2147.28 
2146.82  2146.53  2147.28 
2146.82  2146.53  2147.28 
2146.82  2146.32  2147.28 
2146.82  2146.32  2147.28 
2146.61  2146.32  2147.28 
2146.82  2146.32  2147.28 
2146.82  2146.12  2147.07 
2146.82  2146.32  2147.07 
2146.82  2146.32  2147.28 
2146.82  2146.32  2147.28 
2147.02  2146.32  2147.49 
2147.02  2146.32  2147.28 
2146.82  2146.32  2147.28 
2146.82  2146.32  2147.07 
2147.02  2146.12  2147.07 
2146.61  2146.32  2147.28 
2146.82  2146.32  2147.28 
2146.82  2146.32  2147.07 
2146.82  2146.94  2147.28 
2146.82  2146.32  2147.28 
2146.61  2146.32  2147.49 
2154.01  2146.32  2147.28 
2146.82  2146.32  2147.28 
2146.82  2146.32  2147.28 
2146.82  2146.32  2147.28 
2146.82  2146.32  2147.07 
2146.82  2146.53  2147.28 
2146.82  2146.32  2147.49 
2146.82  2146.32  2147.28 
2146.61  2146.32  2147.28 
2146.82  2146.32  2147.28 
2146.82  2146.12  2147.28 
2146.82  2146.32  2147.28 
2147.02  2146.32  2147.28 
2146.82  2146.32  2147.28 
2146.61  2146.32  2147.28 
2146.82  2146.32  2147.49 
2146.82  2146.32  2147.07 
2146.82  2146.32  2147.28 
2146.82  2146.12  2147.28 
2146.82  2146.32  2147.28 
2147.23  2146.32  2147.07 
2146.61  2146.32  2147.28 
2146.82  2146.32  2147.28 
2149.08  2146.32  2147.28 
2147.02  2146.12  2147.28 
2146.61  2146.32  2147.28 
2146.82  2146.12  2147.28 
2146.82  2146.32  2147.07 
2146.82  2146.32  2147.28 
2146.61  2146.12  2147.28 
2146.61  2146.32  2147.28 
2146.61  2146.53  2147.49 
2146.82  2146.32  2147.28 
2146.82  2146.32  2147.28 
2147.02  2146.32  2147.28 
2146.82  2146.32  2147.28 
2147.02  2146.32  2147.28 
2146.82  2146.32  2147.28 
2146.61  2146.32  2147.28 
2147.02  2146.32  2147.28 
2146.82  2146.32  2147.07 
2146.82  2146.32  2147.28 
2146.82  2146.32  2147.28 
2146.82  2146.12  2147.28 
2147.02  2146.12  2147.49 
2146.82  2146.32  2147.07 
2149.49  2146.32  2147.07 
2147.02  2146.32  2147.28 
2146.61  2146.12  2147.07 
2146.82  2146.32  2147.28 
2146.82  2146.12  2147.28 
2146.82  2146.32  2147.28 
2146.82  2146.12  2147.28 
2146.61  2146.12  2147.28 
2146.82  2145.91  2147.28 
2146.82  2146.32  2147.07 
2146.61  2145.91  2147.49 
2146.82  2146.32  2147.07 
2146.82  2146.32  2147.28 
2146.82  2146.32  2147.07 
2147.02  2146.32  2147.07 
2146.61  2146.32  2147.28 
2146.82  2146.32  2147.28 
2146.82  2146.32  2147.28 
2146.82  2146.32  2147.28 
2146.82  2146.32  2147.49 
2146.82  2146.12  2147.28 
2146.61  2146.12  2147.28 
2146.82  2146.12  2147.28 
2147.23  2146.12  2147.07 
2146.82  2146.12  2147.07 
2146.82  2146.32  2147.07 
2146.82  2146.32  2147.28 
2146.82  2146.12  2147.28 
2146.82  2146.12  2147.07 
2146.82  2146.12  2147.28 
2146.82  2146.32  2147.49 
2146.82  2146.32  2147.28 
2146.82  2146.32  2147.28 
2146.82  2146.32  2147.28 
2146.82  2146.12  2146.86 
2146.82  2146.32  2147.07 
2146.82  2146.32  2147.28 
2146.82  2146.32  2147.28 
2146.82  2146.12  2147.28 
2147.02  2146.32  2147.28 
2146.61  2146.32  2147.28 
2146.61  2146.53  2147.28 
2146.82  2146.32  2147.28 
2146.82  2146.12  2147.28 
2146.82  2146.32  2147.28 
2147.02  2146.53  2147.28 
2153.80  2146.32  2147.28 
2146.82  2146.32  2147.49 
2146.82  2146.12  2147.28 
2146.82  2146.32  2147.28 
2146.61  2146.12  2147.28 
2146.82  2146.12  2147.07 
2146.82  2146.32  2147.49 
2146.82  2146.12  2147.28 
2146.82  2146.12  2147.28 
2146.82  2146.12  2147.07 
2146.82  2146.32  2147.28 
2146.82  2146.12  2147.28 
2146.82  2146.32  2147.28 
2146.82  2146.32  2147.28 
2146.82  2146.12  2147.28 
2147.02  2146.32  2147.49 
2146.82  2146.32  2147.07 
2146.82  2146.12  2147.28 
2146.82  2146.32  2147.28 
2146.61  2145.91  2147.28 
2147.44  2146.12  2147.28 
2146.82  2146.32  2147.28 
2146.82  2146.32  2147.28 
2147.02  2146.32  2147.28 
2146.61  2146.32  2147.28 
2146.82  2146.32  2147.07 
2146.82  2146.53  2147.28 
2146.82  2145.91  2147.28 
2146.82  2146.12  2147.28 
2146.82  2146.12  2147.49 
2146.82  2146.12  2147.28 
2146.82  2146.32  2147.07 
2146.82  2146.32  2147.28 
2146.82  2146.32  2147.07 
2146.82  2146.32  2147.49 
2146.82  2146.53  2147.28 
2147.02  2146.32  2147.07 
2146.82  2146.32  2147.28 
2146.82  2146.32  2147.07 
2146.82  2146.32  2147.28 
2146.82  2146.32  2147.07 
2147.02  2146.53  2147.28 
2146.61  2146.32  2147.28 
2147.02  2146.32  2147.28 
2146.82  2146.32  2147.28 
2146.82  2146.32  2147.07 
2146.82  2146.53  2147.28 
2146.82  2146.32  2147.49 
2146.82  2146.32  2147.28 
2147.02  2146.12  2147.28 
2146.82  2146.32  2147.28 
2147.02  2146.32  2147.28 
2146.82  2146.32  2147.28 
2146.82  2146.53  2147.28 
2146.82  2146.32  2147.28 
2146.61  2146.32  2147.07 
2147.02  2146.32  2147.07 
2146.82  2146.32  2147.28 
2146.82  2146.32  2147.28 
2147.02  2146.53  2147.07 
2146.82  2146.32  2147.28 
2146.82  2146.53  2147.07 
2146.82  2146.53  2147.07 
2147.02  2146.32  2147.07 
2146.82  2146.53  2147.28 
2146.82  2146.53  2147.28 
2148.87  2146.32  2147.28 
2146.82  2146.32  2147.28 
2146.61  2146.32  2147.28 
2146.82  2146.32  2147.28 
2146.82  2146.53  2147.28 
2146.82  2146.53  2147.28 
2146.82  2146.32  2147.28 
2146.82  2146.53  2147.28 
2146.61  2146.32  2147.28 
2146.82  2146.53  2147.07 
2146.61  2146.32  2147.28 
2146.82  2146.32  2147.28 
2146.61  2146.73  2147.49 
2146.61  2146.53  2147.28 
2146.82  2146.53  2147.49 
2146.82  2146.53  2147.28 
2146.61  2146.32  2147.49 
2146.82  2146.32  2147.28 
2146.61  2146.32  2147.49 
2146.82  2146.53  2147.07 
2153.60  2146.53  2147.28 
2146.82  2146.32  2147.28 
2146.82  2146.53  2147.28 
2146.82  2146.53  2147.07 
2147.02  2146.53  2147.28 
2146.61  2146.53  2147.28 
2146.61  2146.32  2148.96 
2146.61  2146.32  2147.28 
2146.82  2146.32  2150.23 
2146.82  2146.53  2147.28 
2146.61  2146.53  2152.33 
2146.82  2146.53  2147.07 
2146.61  2146.32  2153.17 
2146.61  2146.53  2147.28 
2146.82  2146.53  2154.01 
2146.82  2146.32  2147.07 
2147.02  2146.53  2154.22 
2146.82  2146.32  2147.28 
2146.61  2146.32  2154.22 
2146.82  2146.32  2147.28 
2147.23  2146.53  2154.22 
2146.82  2146.32  2147.07 
2146.82  2146.32  2154.43 
2146.82  2146.53  2147.28 
2146.61  2146.12  2154.43 
2146.61  2146.53  2147.07 
2146.82  2146.53  2153.59 
2146.82  2146.53  2147.28 
2146.82  2146.32  2152.12 
2146.82  2146.53  2147.07 
2146.82  2146.53  2150.01 
2146.82  2146.53  2147.28 
2146.82  2146.53  2148.75 
2146.82  2146.53  2147.28 
2146.82  2146.53  2147.49 
2146.82  2146.32  2147.07 
2146.61  2146.53  2147.28 
2146.82  2146.53  2147.28 
2146.82  2146.53  2147.07 
2146.82  2146.53  2147.07 
2146.82  2146.53  2147.07 
2146.82  2146.53  2147.07 
2146.61  2146.53  2147.28 
2153.80  2146.53  2147.07 
2146.61  2146.32  2147.28 
2146.82  2146.53  2147.28 
2146.82  2146.53  2147.28 
2146.82  2146.53  2147.28 
2146.61  2146.53  2147.28 
2146.61  2146.53  2147.28 
2146.82  2146.32  2147.07 
2146.61  2146.53  2147.28 
2146.61  2146.53  2147.07 
2146.82  2146.32  2147.07 
2146.82  2146.53  2147.07 
2146.82  2146.32  2147.28 
2146.82  2146.53  2147.07 
2146.82  2146.53  2147.07 
2146.82  2146.53  2147.07 
2146.82  2146.53  2147.07 
2146.82  2146.53  2147.28 
2146.61  2146.53  2147.28 
2146.61  2146.53  2147.28 
2147.23  2146.73  2147.07 
2146.82  2146.32  2147.28 
2146.82  2146.53  2147.07 
2146.82  2146.73  2147.28 
2146.61  2146.53  2147.07 
2146.61  2146.53  2147.28 
2146.82  2146.53  2147.28 
2146.61  2146.32  2147.49 
2146.82  2146.53  2147.07 
2146.82  2146.32  2147.07 
2146.82  2146.53  2147.28 
2146.61  2146.53  2147.28 
2146.61  2146.53  2147.07 
2146.61  2146.53  2147.28 
2146.82  2146.73  2147.49 
2146.82  2146.73  2147.28 
2146.82  2146.53  2147.28 
2146.82  2146.53  2147.07 
2146.82  2145.91  2147.28 
2146.82  2146.53  2147.28 
2146.82  2146.32  2147.28 
2146.82  2146.53  2147.28 
2146.82  2146.73  2147.07 
2146.82  2146.53  2147.07 
2146.61  2146.53  2147.07 
2146.61  2146.53  2147.28 
2153.19  2146.53  2147.07 
2146.41  2146.53  2147.28 
2146.82  2146.53  2147.07 
2146.82  2146.53  2147.07 
2146.61  2146.53  2147.07 
2146.82  2146.32  2147.28 
2146.82  2146.32  2147.28 
2146.82  2146.53  2147.28 
2146.61  2146.53  2147.28 
2146.82  2146.53  2147.07 
2146.82  2146.53  2147.07 
2146.82  2146.32  2147.28 
2146.82  2146.53  2147.28 
2146.61  2146.53  2147.07 
2146.61  2146.32  2147.49 
2146.82  2146.32  2147.07 
2146.82  2146.53  2147.28 
2146.61  2146.32  2147.28 
2146.82  2146.53  2147.07 
2146.61  2146.53  2147.28 
2146.82  2146.53  2147.28 
2146.61  2146.53  2147.07 
2146.82  2146.32  2147.28 
2150.31  2146.53  2147.28 
2146.82  2146.53  2147.07 
2146.82  2146.53  2147.28 
2146.82  2146.53  2147.28 
2146.61  2146.53  2147.28 
2146.82  2146.53  2147.07 
2146.61  2146.32  2147.07 
2146.61  2146.53  2147.07 
2146.61  2146.53  2147.28 
2146.61  2146.53  2147.28 
2146.61  2146.32  2147.28 
2146.82  2146.53  2147.07 
2146.61  2146.53  2147.28 
2146.61  2146.53  2147.28 
2146.82  2146.53  2147.07 
2147.02  2146.53  2147.28 
2146.61  2146.32  2147.07 
2146.61  2146.53  2147.07 
2146.61  2146.32  2147.28 
2146.61  2146.32  2147.07 
2146.61  2146.32  2147.07 
2146.61  2146.53  2147.07 
2146.61  2146.73  2147.07 
2146.61  2146.53  2147.28 
2146.82  2146.53  2147.28 
2146.82  2146.73  2147.07 
2153.80  2146.32  2147.07 
2146.82  2146.53  2147.07 
2146.82  2146.53  2147.07 
2146.61  2146.32  2147.28 
2146.82  2146.53  2147.28 
