
2146.82  2145.70  2147.28 
2146.61  2145.70  2147.28 
2146.82  2145.70  2147.28 
2146.82  2145.91  2147.28 
2146.82  2146.12  2147.28 
2146.82  2145.70  2147.07 
2146.82  2145.70  2147.28 
2146.82  2145.70  2147.28 
2146.82  2145.91  2147.28 
2146.82  2145.70  2147.28 
2146.82  2145.70  2147.07 
2146.82  2145.91  2147.28 
2146.82  2145.91  2147.28 
2146.82  2145.70  2147.49 
2146.61  2145.70  2147.28 
2146.82  2145.70  2147.28 
2152.57  2145.91  2147.28 
2146.61  2145.91  2147.28 
2146.61  2145.70  2147.07 
2146.82  2145.91  2147.28 
2146.82  2145.91  2147.28 
2146.82  2145.91  2147.28 
2146.82  2145.70  2147.28 
2147.02  2145.70  2147.07 
2146.82  2145.91  2147.28 
2146.82  2145.91  2147.49 
2147.02  2145.70  2147.28 
2146.82  2145.70  2147.28 
2146.82  2145.70  2147.28 
2146.82  2145.91  2147.28 
2146.82  2145.91  2147.28 
2147.02  2145.50  2147.28 
2146.82  2145.70  2147.07 
2146.82  2145.70  2147.28 
2146.82  2145.91  2147.28 
2146.82  2145.70  2147.07 
2147.23  2145.70  2147.28 
2146.82  2145.91  2147.28 
2147.02  2145.91  2147.07 
2147.02  2145.91  2147.28 
2147.02  2145.91  2147.28 
2146.82  2145.70  2147.07 
2146.82  2145.70  2147.28 
2146.82  2145.70  2147.28 
2146.82  2145.91  2147.28 
2146.82  2145.70  2147.28 
2146.82  2145.91  2147.28 
2146.82  2145.70  2147.07 
2146.82  2145.91  2147.07 
2147.02  2145.91  2147.28 
2146.82  2145.70  2147.28 
2146.82  2145.91  2147.28 
2146.82  2145.91  2147.07 
2146.82  2145.70  2147.28 
2146.82  2145.91  2147.07 
2146.82  2145.70  2147.28 
2146.82  2145.91  2147.07 
2146.82  2145.70  2147.28 
2146.82  2145.70  2147.49 
2154.21  2145.91  2147.28 
2146.82  2145.70  2147.28 
2147.02  2145.70  2147.28 
2147.02  2145.91  2147.28 
2146.82  2146.12  2147.49 
2146.82  2145.91  2147.28 
2146.82  2145.91  2147.28 
2146.82  2145.70  2147.28 
2146.82  2145.91  2147.28 
2146.82  2145.70  2147.28 
2147.02  2145.91  2147.07 
2146.82  2145.70  2147.28 
2146.82  2145.70  2147.07 
2147.02  2145.91  2147.28 
2146.82  2145.70  2147.49 
2146.61  2145.70  2147.49 
2146.82  2145.91  2147.28 
2147.02  2145.70  2147.49 
2146.82  2145.70  2147.28 
2146.82  2145.70  2147.28 
2147.23  2145.70  2147.49 
2147.02  2145.70  2147.28 
2146.82  2145.91  2147.07 
2146.82  2145.91  2147.28 
2147.02  2145.70  2147.28 
2146.61  2145.91  2147.28 
2146.82  2145.50  2147.28 
2146.82  2145.70  2147.28 
2146.82  2145.70  2147.07 
2146.82  2145.70  2147.28 
2146.82  2145.70  2147.28 
2147.02  2145.91  2147.07 
2146.82  2145.91  2147.28 
2146.82  2145.70  2147.07 
2147.02  2145.91  2147.28 
2146.82  2145.70  2147.28 
2146.82  2145.70  2147.28 
2146.82  2145.70  2147.28 
2146.82  2145.91  2147.07 
2147.02  2145.70  2147.07 
2146.82  2145.70  2147.28 
2146.61  2145.91  2147.07 
2146.82  2145.70  2147.49 
2147.23  2145.91  2147.28 
2146.82  2145.70  2147.28 
2146.82  2145.70  2147.28 
2150.93  2145.91  2147.28 
2147.02  2145.91  2147.28 
2146.82  2145.91  2147.28 
2146.82  2145.70  2147.28 
2146.61  2145.70  2147.28 
2146.82  2146.12  2147.28 
2146.82  2145.70  2147.28 
2146.82  2145.91  2146.86 
2147.02  2145.70  2147.07 
2146.82  2145.91  2147.28 
2146.82  2145.70  2147.07 
2146.82  2145.70  2147.28 
2146.82  2145.70  2147.28 
2147.02  2145.91  2147.28 
2146.82  2145.91  2147.28 
2146.82  2145.70  2147.28 
2146.82  2145.91  2147.28 
2146.82  2145.70  2147.28 
2146.82  2145.70  2147.28 
2146.82  2145.91  2147.07 
2147.02  2145.70  2147.28 
2146.82  2145.91  2147.28 
2146.61  2145.70  2147.07 
2146.82  2145.91  2147.07 
2146.82  2145.91  2147.28 
2146.82  2145.70  2147.28 
2147.02  2145.70  2147.28 
2146.61  2145.70  2147.28 
2146.82  2145.91  2147.07 
2146.82  2145.91  2147.07 
2146.61  2145.70  2147.07 
2147.02  2145.91  2147.28 
2146.82  2144.67  2147.07 
2146.82  2145.91  2147.07 
2146.82  2145.91  2147.28 
2146.82  2145.70  2147.28 
2146.82  2145.91  2147.28 
2146.82  2145.70  2147.28 
2146.82  2145.91  2147.07 
2146.82  2145.91  2147.28 
2146.61  2145.91  2147.07 
2146.61  2145.50  2147.28 
2147.02  2145.70  2147.28 
2153.80  2145.91  2147.28 
2146.82  2145.91  2147.28 
2146.61  2145.91  2147.07 
2146.61  2145.91  2147.07 
2146.61  2145.91  2147.07 
2146.82  2145.70  2147.28 
2146.82  2145.50  2147.28 
2146.82  2145.91  2147.07 
2146.82  2145.70  2147.28 
2147.02  2145.70  2147.28 
2146.82  2145.91  2147.28 
2146.61  2145.91  2147.28 
2146.82  2145.70  2147.07 
2146.82  2145.70  2147.07 
2147.02  2145.91  2147.07 
2146.82  2145.70  2147.28 
2146.82  2145.91  2147.28 
2147.02  2145.70  2147.28 
2146.82  2145.70  2147.28 
2146.82  2145.70  2147.28 
2147.02  2145.91  2147.07 
2146.82  2145.70  2147.28 
2146.82  2145.91  2147.07 
2146.61  2145.70  2147.07 
2146.82  2145.70  2147.07 
2146.82  2145.70  2147.28 
2146.82  2145.70  2147.28 
2146.82  2145.91  2147.28 
2146.82  2145.70  2147.07 
2146.82  2145.70  2147.28 
2146.82  2145.70  2147.28 
2146.82  2145.70  2147.07 
2146.82  2145.70  2146.86 
2146.82  2145.91  2147.07 
2146.61  2145.70  2147.28 
2146.61  2145.50  2147.07 
2147.02  2145.70  2147.07 
2146.82  2145.70  2147.07 
2147.02  2145.70  2147.07 
2146.82  2145.91  2147.07 
2147.02  2145.91  2147.07 
2146.82  2145.70  2147.07 
2147.02  2145.91  2147.07 
2149.08  2145.70  2147.28 
2146.61  2145.91  2147.28 
2146.82  2145.70  2147.28 
2146.82  2145.70  2147.07 
2146.82  2145.70  2147.07 
2146.82  2145.70  2147.07 
2146.61  2145.70  2147.28 
2146.82  2145.91  2147.07 
2146.61  2145.70  2147.28 
2146.82  2145.70  2147.07 
2146.82  2145.70  2147.07 
2146.61  2145.91  2146.86 
2146.82  2145.91  2147.07 
2146.61  2145.70  2147.07 
2146.82  2145.70  2147.07 
2146.82  2145.50  2147.28 
2146.82  2145.70  2147.28 
2146.82  2145.91  2147.07 
2146.82  2145.70  2147.28 
2146.82  2145.70  2147.28 
2153.80  2145.70  2147.07 
2146.61  2145.70  2147.07 
2146.82  2145.70  2147.28 
2146.82  2145.70  2147.07 
2146.82  2145.70  2147.07 
2146.61  2145.70  2147.07 
2146.82  2145.50  2147.28 
2146.61  2145.70  2147.07 
2146.82  2145.70  2147.07 
2146.82  2145.50  2147.28 
2146.82  2145.70  2147.28 
2146.61  2145.70  2147.28 
2146.82  2145.91  2147.07 
2146.82  2145.70  2147.49 
2146.61  2145.70  2147.28 
2146.82  2145.70  2147.07 
2146.82  2145.91  2147.07 
2146.82  2145.70  2147.07 
2146.61  2145.91  2147.07 
2146.82  2145.70  2147.07 
2147.23  2145.70  2147.07 
2146.61  2145.91  2147.28 
2146.82  2145.91  2147.28 
2146.61  2145.70  2147.07 
2146.82  2145.91  2147.07 
2146.82  2145.91  2147.07 
2146.82  2145.91  2147.28 
2146.82  2145.70  2147.28 
2146.82  2145.91  2147.28 
2146.82  2145.91  2147.28 
2146.82  2145.70  2147.07 
2146.82  2145.70  2147.28 
2146.82  2145.91  2147.07 
2146.82  2145.70  2147.28 
2146.61  2145.70  2147.07 
2146.82  2145.70  2147.28 
2146.61  2145.70  2147.07 
2147.02  2145.70  2147.07 
2146.82  2145.91  2147.07 
2146.82  2145.91  2147.07 
2146.82  2145.70  2147.28 
2146.82  2145.70  2147.07 
2146.82  2145.91  2147.49 
2153.80  2145.70  2147.07 
2146.82  2145.91  2147.28 
2146.61  2145.70  2147.07 
2146.82  2145.91  2147.28 
2146.61  2145.70  2147.28 
2146.61  2145.70  2147.49 
2146.82  2145.70  2147.07 
2146.82  2145.91  2147.07 
2146.82  2145.70  2147.07 
2146.61  2145.91  2147.28 
2146.82  2145.91  2147.07 
2146.82  2145.70  2147.91 
2146.82  2145.70  2147.28 
2146.61  2145.91  2150.44 
2146.82  2145.70  2147.07 
2146.61  2145.91  2152.75 
2146.82  2145.70  2147.07 
2146.82  2145.70  2153.80 
2146.82  2145.70  2147.07 
2146.61  2145.70  2154.01 
2147.02  2145.70  2147.28 
2146.82  2145.70  2154.22 
2146.61  2145.70  2147.28 
2146.61  2145.70  2154.22 
2146.82  2145.70  2147.28 
2146.82  2145.70  2154.22 
2146.61  2145.70  2147.28 
2146.61  2145.91  2151.91 
2146.61  2145.70  2147.07 
2146.82  2145.70  2148.96 
2146.61  2145.70  2147.07 
2146.82  2145.70  2147.70 
2147.02  2145.70  2147.28 
2146.61  2145.70  2147.28 
2146.61  2145.50  2147.07 
2146.61  2145.50  2147.28 
2146.61  2145.91  2147.28 
2146.82  2145.70  2147.07 
2147.02  2145.70  2147.28 
2146.82  2145.70  2147.28 
2146.61  2145.70  2147.28 
2146.61  2145.70  2147.28 
2146.82  2145.70  2147.28 
2149.49  2145.91  2147.07 
2146.61  2145.91  2147.07 
2146.61  2145.91  2147.07 
2146.61  2145.70  2147.07 
2146.82  2145.70  2147.28 
2146.82  2145.91  2147.28 
2147.02  2145.70  2147.28 
2146.61  2145.70  2147.28 
2146.82  2145.70  2147.28 
2147.02  2145.91  2147.07 
2146.61  2145.91  2147.28 
2146.61  2145.70  2147.28 
2146.82  2145.50  2147.07 
2146.61  2145.70  2147.07 
2146.82  2145.70  2147.28 
2146.82  2145.70  2147.28 
2146.82  2145.70  2147.07 
2146.61  2145.70  2147.28 
2146.82  2145.50  2147.07 
2146.61  2145.70  2147.28 
2146.82  2145.91  2147.49 
2146.61  2145.70  2147.07 
2147.02  2145.70  2147.28 
2146.82  2145.91  2147.28 
2146.61  2145.70  2147.28 
2146.61  2145.70  2147.07 
2153.80  2145.70  2147.28 
2146.61  2145.91  2147.28 
2146.61  2145.70  2147.28 
2146.82  2145.70  2147.07 
2146.61  2145.70  2147.28 
2146.61  2145.70  2147.28 
2146.82  2145.70  2147.28 
2146.61  2145.70  2147.07 
2146.61  2145.91  2147.28 
2146.82  2145.70  2147.28 
2146.82  2145.70  2147.28 
2146.61  2145.70  2147.28 
2146.61  2145.91  2147.28 
2146.82  2145.70  2147.07 
2146.61  2145.70  2147.28 
2146.82  2145.70  2147.28 
2146.61  2145.70  2147.28 
2146.82  2145.91  2147.28 
2146.82  2145.70  2147.28 
2146.82  2145.91  2147.28 
2147.02  2145.70  2147.49 
2146.82  2145.70  2147.28 
2146.82  2145.70  2147.28 
2146.82  2145.70  2147.28 
2146.82  2145.91  2147.28 
2146.82  2145.91  2147.28 
2146.82  2145.70  2147.07 
2146.82  2145.91  2147.28 
2146.82  2145.70  2147.07 
2146.82  2145.91  2147.28 
2146.61  2145.70  2147.07 
2147.02  2145.70  2147.07 
2146.82  2145.91  2147.07 
2146.82  2145.70  2147.28 
2147.02  2145.70  2147.07 
2146.82  2145.91  2147.28 
2146.82  2145.70  2147.07 
2146.82  2145.91  2147.49 
2146.82  2145.91  2147.28 
2146.61  2145.70  2147.28 
2146.61  2145.70  2147.28 
2146.82  2145.70  2147.49 
2146.82  2145.91  2147.28 
2154.01  2145.70  2147.28 
2146.61  2145.70  2147.28 
2146.82  2145.91  2147.28 
2146.82  2145.70  2147.28 
2146.82  2145.91  2147.28 
2146.82  2145.70  2147.28 
2146.61  2145.70  2147.49 
2146.61  2145.70  2147.49 
2146.82  2145.70  2147.28 
2146.82  2145.91  2147.28 
2146.82  2145.91  2147.28 
2146.61  2145.91  2147.28 
2147.02  2145.91  2147.28 
2146.82  2145.91  2147.07 
2147.02  2145.91  2147.49 
2146.82  2145.70  2147.28 
2146.61  2145.70  2147.28 
2146.82  2145.70  2147.28 
2146.61  2145.91  2147.28 
2146.61  2145.91  2147.28 
2147.02  2145.70  2147.28 
2146.82  2145.91  2147.28 
2146.82  2145.70  2147.49 
2153.80  2145.91  2147.28 
2146.82  2145.70  2147.28 
2146.82  2145.70  2147.28 
2147.02  2145.70  2147.28 
2146.61  2145.91  2147.28 
2146.82  2145.91  2147.49 
2146.82  2145.70  2147.28 
2146.82  2145.91  2147.28 
2146.82  2145.91  2147.28 
2146.82  2145.70  2147.28 
2146.61  2145.91  2147.28 
2146.61  2145.91  2147.28 
2146.82  2145.70  2147.28 
2146.82  2145.91  2147.28 
2147.02  2145.70  2147.28 
2146.82  2145.91  2147.28 
2146.61  2145.70  2147.28 
2146.82  2145.91  2147.49 
2146.82  2145.91  2147.28 
2146.82  2145.91  2147.07 
2146.82  2145.91  2147.28 
2146.82  2145.91  2147.28 
2146.82  2145.91  2147.49 
2152.37  2145.70  2147.28 
2146.82  2145.70  2147.28 
2147.02  2145.70  2147.28 
2146.61  2145.91  2147.28 
2146.61  2145.70  2147.28 
2146.82  2145.91  2147.28 
2146.82  2145.70  2147.28 
2146.82  2145.91  2147.28 
2146.82  2145.91  2147.07 
2146.82  2145.91  2147.28 
2146.82  2145.91  2147.28 
2147.02  2145.91  2147.07 
2147.02  2145.70  2147.28 
2146.82  2145.91  2147.28 
2146.82  2145.91  2147.28 
2146.82  2145.91  2147.49 
2146.82  2145.91  2147.28 
2146.61  2145.91  2147.28 
2146.82  2145.91  2147.28 
2146.82  2145.70  2147.28 
2147.02  2145.70  2147.28 
2147.02  2145.70  2147.28 
2146.82  2145.91  2147.49 
2148.87  2145.91  2147.28 
2146.82  2145.70  2147.28 
2146.61  2145.70  2147.49 
2146.82  2145.70  2147.49 
2147.02  2145.70  2147.49 
2146.82  2145.91  2147.07 
2146.82  2145.91  2147.49 
2146.82  2145.70  2147.28 
2146.82  2145.70  2147.49 
2146.82  2145.91  2147.28 
2146.82  2145.91  2147.28 
2146.61  2145.70  2147.28 
2146.82  2145.91  2147.49 
2146.82  2146.12  2147.28 
2146.82  2145.70  2147.49 
2146.61  2145.91  2147.28 
2146.82  2145.70  2147.28 
2146.82  2146.12  2147.49 
2146.82  2145.91  2147.28 
2146.82  2145.91  2147.49 
2152.98  2145.91  2147.49 
2146.82  2145.70  2147.28 
2147.02  2145.91  2147.28 
2146.82  2145.70  2147.28 
2146.82  2145.91  2147.49 
2146.82  2145.91  2147.28 
2146.82  2145.70  2147.28 
2146.82  2145.91  2147.49 
2146.82  2145.91  2147.49 
2146.61  2145.70  2147.28 
2146.82  2145.91  2147.49 
2147.02  2145.70  2147.49 
2147.02  2146.12  2147.49 
2146.82  2145.91  2147.49 
2146.82  2145.91  2147.28 
2146.82  2144.05  2147.28 
2146.82  2146.12  2147.49 
2146.82  2145.91  2147.49 
2146.82  2146.12  2147.49 
2146.82  2145.91  2147.28 
2147.44  2146.12  2147.49 
2147.02  2145.70  2147.28 
2146.82  2145.91  2147.28 
2147.85  2146.12  2147.28 
2146.82  2145.91  2147.28 
2147.02  2145.91  2147.28 
2146.82  2145.91  2147.28 
2146.82  2145.91  2147.28 
2146.82  2145.91  2147.28 
2146.82  2146.12  2147.49 
2146.82  2145.91  2147.28 
2146.82  2145.91  2147.49 
2146.82  2146.12  2147.28 
2146.82  2145.91  2147.49 
2146.82  2146.12  2147.28 
2146.82  2146.12  2147.28 
2146.82  2145.91  2147.28 
2146.82  2145.91  2147.28 
2146.61  2145.91  2147.28 
2146.82  2145.91  2147.28 
2146.82  2145.91  2147.28 
2146.82  2145.91  2147.49 
2146.82  2145.91  2147.28 
2153.19  2145.91  2147.28 
2146.82  2145.91  2147.28 
2147.02  2145.70  2147.28 
2146.82  2145.91  2147.28 
2146.82  2145.91  2147.28 
2146.61  2145.91  2147.28 
2146.82  2145.91  2147.49 
2146.82  2145.70  2147.28 
2146.82  2145.91  2147.28 
2146.61  2146.12  2147.49 
2146.82  2146.12  2147.28 
2146.61  2145.91  2147.28 
2146.82  2145.70  2147.28 
2146.82  2146.12  2147.28 
