96904	12479 1565.90
643192	12478 1565.77
689452	12479 1565.90
735736	12475 1565.77
782032	12481 1565.77
828312	12486 1565.77
874580	12482 1565.77
920856	12477 1565.90
967128	12473 1565.77
013388	12484 1565.90
059648	12488 1565.77
105904	12480 1565.90
152168	12480 1565.90
198440	12480 1565.77
244708	12476 1565.77
290976	12492 1565.77
337256	12487 1565.90
383544	12479 1565.77
429804	12479 1565.77
476088	12480 1565.77
522376	12480 1565.90
568640	12486 1565.90
614896	12482 1566.02
661168	12488 1565.90
707432	12483 1565.77
753704	12494 1565.77
799972	12476 1565.77
846240	12482 1565.77
892504	12483 1565.90
938768	12479 1565.77
985036	12485 1565.77
031316	12488 1565.77
077596	12489 1565.77
123860	12480 1565.90
170132	12484 1565.77
216392	12475 1565.77
262660	12489 1565.77
308924	12486 1565.77
355184	12475 1565.77
401444	12483 1565.77
447712	12477 1565.77
493976	12478 1565.77
540244	12489 1565.90
586520	12490 1565.77
632780	12484 1565.90
679056	12480 1565.77
725324	12479 1565.77
771592	12482 1565.90
817856	12488 1565.90
864112	12483 1565.77
910364	12485 1565.90
956652	12484 1565.90
002908	12480 1565.77
049164	12488 1565.90
095440	12491 1565.77
141696	12483 1565.77
187984	12480 1565.77
234252	12483 1565.77
280512	12486 1565.77
326780	12487 1565.77
373044	12486 1565.77
419304	12484 1565.90
465584	12489 1565.77
511848	12487 1565.77
558120	12486 1565.77
604396	12488 1565.77
650676	12485 1565.77
696940	12476 1565.77
743224	12488 1565.77
789528	12493 1565.77
835804	12488 1565.77
882064	12486 1565.90
928340	12483 1565.90
974608	12487 1565.77
020868	12487 1565.90
067136	12491 1565.90
113392	12487 1565.77
159644	12487 1565.90
205932	12488 1565.77
252192	12483 1565.90
298468	12494 1565.77
344740	12490 1565.90
391028	12493 1565.90
437288	12485 1565.77
483556	12490 1565.90
529828	12485 1565.77
576084	12496 1565.90
622364	12488 1565.77
668620	12482 1565.77
714892	12486 1565.77
761164	12491 1565.77
807428	12486 1565.77
853700	12492 1565.77
899960	12487 1565.77
946228	12484 1565.90
992512	12485 1565.77
0038800	12496 1565.90
0085124	12493 1565.77
0131440	12492 1565.77
0177772	12494 1565.90
0224092	12485 1565.77
0270396	12493 1565.77
0316696	12488 1565.77
0363012	12490 1565.90
0409336	12488 1565.90
0455644	12485 1565.77
0501936	12494 1565.77
0548228	12491 1565.77
0594544	12491 1565.77
0640868	12493 1565.77
0687180	12494 1565.77
0733488	12494 1565.90
0779788	12491 1565.77
0826108	12494 1565.77
0872412	12484 1565.77
0918728	12495 1565.90
0965032	12487 1565.77
1011348	12494 1565.77
1057648	12486 1565.77
1103964	12495 1565.77
1150264	12495 1565.90
1196568	12491 1565.90
1242892	12492 1565.77
1289188	12493 1565.77
1335488	12498 1565.77
1381788	12504 1565.77
1428104	12496 1565.90
1474412	12490 1565.77
1520720	12491 1565.77
1567012	12497 1565.90
1613324	12497 1565.77
1659644	12502 1565.77
1705952	12509 1565.90
1752260	12511 1565.77
1798556	12514 1565.90
1844864	12518 1565.77
1891172	12521 1565.77
1937476	12528 1565.90
1983776	12526 1565.90
2030080	12535 1565.77
2076404	12543 1565.77
2122716	12544 1565.90
2169028	12541 1565.77
2215328	12554 1565.90
2261640	12555 1565.77
2307948	12558 1565.90
2354252	12560 1565.77
2400548	12575 1565.77
2446852	12577 1565.77
2493184	12582 1565.90
2539492	12586 1565.77
2585788	12595 1565.90
2632080	12603 1565.77
2678388	12604 1565.77
2724700	12600 1565.90
2771012	12611 1565.90
2817308	12623 1565.77
2863612	12632 1565.77
2909944	12636 1565.90
2956256	12635 1565.77
3002556	12649 1565.90
3048844	12650 1565.77
3095160	12660 1565.90
3141476	12663 1565.77
3187780	12671 1565.90
3234080	12673 1565.90
3280388	12686 1565.77
3326704	12698 1565.90
3373016	12698 1565.90
3419316	12713 1565.77
3465600	12716 1565.90
3511916	12725 1565.77
3558224	12728 1565.77
3604528	12739 1565.90
3650836	12745 1565.77
3697144	12761 1565.77
3743480	12770 1565.90
3789788	12773 1565.77
3836088	12792 1565.90
3882376	12790 1565.77
3928692	12809 1565.77
3974996	12809 1565.77
4021312	12823 1565.77
4067612	12834 1565.77
4113924	12848 1565.90
4160252	12844 1565.77
4206556	12861 1565.90
4252856	12870 1565.77
4299156	12883 1565.90
4345468	12889 1565.77
4391772	12905 1565.90
4438080	12911 1565.77
4484376	12932 1565.77
4530668	12940 1565.77
4577016	12946 1565.90
4623332	12959 1565.77
4669632	12977 1565.77
4715924	12991 1565.90
4762248	12996 1565.77
4808552	13013 1565.90
4854860	13022 1565.77
4901160	13047 1565.77
4947460	13057 1565.77
4993788	13076 1565.90
5040096	13082 1565.77
5086400	13100 1565.77
5132684	13118 1565.64
5179004	13133 1565.77
5225316	13145 1565.77
5271628	13164 1565.77
5317928	13186 1565.77
5364244	13202 1565.77
5410564	13217 1565.90
5456872	13234 1565.77
5503168	13256 1565.77
5549460	13279 1566.02
5595776	13296 1565.77
5642092	13310 1565.77
5688396	13336 1565.90
5734696	13358 1565.90
5781000	13383 1565.90
5827308	13407 1565.77
5873620	13425 1565.77
5919924	13455 1565.77
5966232	13480 1565.77
6012552	13510 1565.77
6058864	13529 1565.77
6105180	13562 1565.77
6151488	13588 1565.77
6197796	13618 1565.77
6244112	13638 1565.77
6290420	13673 1565.90
6336720	13698 1565.77
6383016	13736 1565.77
6429328	13757 1565.77
6475636	13791 1565.90
6521952	13836 1566.02
6568252	13882 1565.77
6614548	13935 1565.90
6660868	13980 1566.02
6707168	14032 1565.90
6753460	14107 1566.02
6799752	14173 1566.02
6846064	14238 1566.02
6892368	14312 1566.15
6938672	14421 1566.15
6984980	14520 1566.15
7031300	14630 1566.15
7077636	14739 1566.15
7123948	14824 1566.15
7170248	14919 1566.28
7216552	15014 1566.15
7262868	15082 1566.28
7309184	15102 1566.28
7355504	15248 1566.28
7401820	15474 1566.28
7448128	17201 1566.15
7494448	18267 1566.02
7540768	18403 1566.02
7587072	18577 1566.02
7633356	18636 1565.90
7679688	18723 1566.02
7726012	18830 1565.90
7772324	18860 1565.77
7818624	18898 1565.77
7864944	18949 1565.64
7911256	19071 1565.64
7957568	20128 1565.64
8003868	20449 1565.64
8050180	20888 1565.77
8096508	21063 1565.51
8142824	21478 1565.51
8189128	21649 1565.64
8235432	21706 1565.51
8281752	21476 1565.64
8328064	21464 1565.51
8374384	21502 1565.64
8420696	21492 1565.51
8467016	21524 1565.51
8513344	21477 1565.26
8559660	21456 1565.13
8605972	21415 1565.13
8652292	21368 1564.88
8698620	21311 1565.00
8744932	21248 1564.88
8791232	21174 1564.88
8837528	21102 1564.75
8883852	21012 1564.75
8930164	20912 1564.62
8976480	20792 1564.75
9022780	20677 1564.50
9069084	20545 1564.50
9115400	20385 1564.37
9161716	20222 1564.24
9208004	20060 1564.37
9254324	19911 1564.37
9300644	19786 1564.37
9346968	19533 1564.37
9393292	19244 1564.37
9439612	18914 1564.37
9485940	18595 1564.24
9532248	18280 1564.24
9578560	17953 1564.37
9624864	17684 1564.37
9671184	17441 1564.50
9717508	17198 1564.50
9763808	16971 1564.62
9810092	16770 1564.75
9856392	16584 1564.88
9902712	16428 1564.88
9949028	16288 1564.88
9995340	16162 1565.00
0041640	16075 1564.88
0087940	15993 1564.88
0134260	15931 1565.00
0180568	15882 1565.00
0226864	15846 1565.00
0273148	15815 1565.00
0319460	15807 1565.00
0365752	15787 1565.00
0412064	15771 1565.00
0458348	15777 1565.13
0504640	15788 1565.00
0550940	15794 1565.13
0597236	15811 1565.00
0643536	15810 1565.00
0689832	15810 1565.13
0736116	15821 1565.13
0782432	15826 1565.00
0828752	15819 1565.13
0875056	15824 1565.13
0921352	15826 1565.13
0967680	15819 1565.13
1013988	15812 1565.00
1060300	15800 1565.00
1106596	15799 1565.13
1152880	15796 1565.13
1199204	15794 1565.13
1245524	15795 1565.00
1291840	15783 1565.00
1338140	15781 1565.13
1384432	15781 1565.00
1430736	15776 1565.13
1477040	15778 1565.00
1523348	15767 1565.13
1569664	15768 1565.13
1615988	15762 1565.00
1662300	15754 1565.13
1708600	15754 1565.13
1754892	15747 1565.00
1801216	15732 1565.13
1847516	15734 1565.13
1893816	15730 1565.00
1940136	15724 1565.00
1986436	15719 1565.00
2032748	15711 1565.13
2079040	15706 1565.00
2125348	15704 1565.13
2171656	15701 1565.13
2217972	15695 1565.13
2264292	15687 1565.00
2310604	15682 1565.00
2356908	15671 1565.00
2403196	15669 1565.13
2449516	15674 1565.13
2495820	15669 1565.00
2542136	15665 1565.00
2588432	15655 1565.00
2634724	15655 1565.00
2681024	15650 1565.00
2727328	15641 1565.13
2773612	15648 1565.13
2819916	15637 1565.00
2866232	15641 1565.13
2912552	15634 1565.13
2958884	15638 1565.13
3005204	15636 1565.00
3051528	15625 1565.00
3097828	15619 1565.13
3144116	15624 1565.13
3190412	15616 1565.00
3236720	15611 1565.13
3283048	15612 1565.13
3329348	15609 1565.13
3375672	15605 1565.13
3421988	15607 1565.13
3468308	15598 1565.13
3514620	15600 1565.26
3560936	15601 1565.13
3607268	15596 1565.13
3653596	15591 1565.13
3699920	15589 1565.13
3746232	15586 1565.13
3792548	15584 1565.00
3838868	15573 1565.00
3885176	15566 1565.00
3931472	15574 1565.13
3977760	15570 1565.13
4024068	15571 1565.13
4070388	15567 1565.13
4116708	15570 1565.00
4163020	15560 1565.13
4209324	15564 1565.13
4255628	15559 1565.13
4301960	15559 1565.00
4348268	15549 1565.13
4394572	15553 1565.13
4440872	15552 1565.13
4487192	15546 1565.00
4533508	15547 1565.13
4579816	15543 1565.13
4626112	15546 1565.00
4672420	15533 1565.13
4718724	15543 1565.13
4765020	15539 1565.00
4811332	15535 1565.13
4857628	15534 1565.00
4903932	15529 1565.13
4950232	15531 1565.13
4996528	15532 1565.13
5042840	15524 1565.13
5089152	15526 1565.13
5135480	15528 1565.13
5181796	15522 1565.13
5228120	15521 1565.13
5274436	15522 1565.00
5320756	15519 1565.26
5367072	15522 1565.13
5413400	15520 1565.13
5459736	15520 1565.13
5506056	15528 1565.13
5552372	15522 1565.13
5598688	15526 1565.13
5645004	15527 1565.26
5691324	15523 1565.13
5737644	15533 1565.13
5783960	15533 1565.13
5830272	15535 1565.13
5876612	15533 1565.13
5922940	15535 1565.13
5969252	15537 1565.13
6015564	15540 1565.13
6061880	15539 1565.00
6108200	15535 1565.13
6154520	15544 1565.00
6200828	15540 1565.00
6247148	15539 1565.00
6293460	15541 1565.13
6339760	15541 1565.00
6386052	15539 1565.13
6432340	15551 1565.13
6478636	15549 1565.13
6524956	15553 1565.13
6571272	15550 1565.13
6617592	15554 1565.00
6663916	15546 1565.13
6710232	15550 1565.13
6756536	15555 1565.00
6802860	15551 1565.13
6849160	15582 1565.13
6895460	15653 1565.13
6941796	15764 1565.13
6988116	15841 1565.13
7034428	15902 1565.26
7080740	15941 1565.13
7127060	15986 1565.00
7173376	16008 1565.13
7219680	16033 1565.13
7265976	16046 1565.13
7312280	16055 1565.26
7358600	16064 1565.13
7404912	16067 1565.13
7451232	16077 1565.13
7497532	16087 1565.13
7543848	16088 1565.00
7590168	16097 1565.00
7636488	16101 1565.00
7682788	16097 1565.13
7729088	16104 1565.13
7775392	16112 1565.13
7821708	16114 1565.13
7868028	16119 1565.13
7914352	16114 1565.13
7960700	16117 1565.13
8007016	16125 1565.13
8053340	16131 1565.13
8099668	16129 1565.13
8146000	16129 1565.13
8192336	16134 1565.13
8238648	16132 1565.00
8284952	16132 1565.13
8331260	16134 1565.00
8377560	16130 1565.13
8423860	16144 1565.26
8470164	16140 1565.13
8516492	16142 1565.00
8562820	16138 1565.13
8609120	16145 1565.13
8655416	16152 1565.13
8701736	16149 1565.13
8748048	16151 1565.00
8794364	16145 1565.13
8840664	16145 1565.00
8886960	16147 1565.13
8933252	16154 1565.26
8979576	16157 1565.26
9025884	16149 1565.13
9072200	16155 1565.13
9118504	16162 1565.13
9164828	16154 1565.13
9211140	16157 1565.13
9257460	16163 1565.13
9303788	16159 1565.13
9350120	16159 1565.13
9396440	16158 1565.13
9442748	16162 1565.13
9489060	16162 1565.26
9535384	16166 1565.13
9581700	16168 1565.13
9628012	16167 1565.13
9674324	16176 1565.13
9720640	16176 1565.13
9766960	16178 1565.13
9813288	16192 1565.13
9859620	16181 1565.13
9905944	16196 1565.13
9952264	16205 1565.13
9998580	16209 1565.26
0044900	16209 1565.13
0091232	16217 1565.13
0137568	16221 1565.26
0183888	16220 1565.13
0230200	16229 1565.13
0276516	16232 1565.13
0322836	16234 1565.13
0369160	16246 1565.13
0415468	16247 1565.13
0461784	16247 1565.13
0508108	16259 1565.00
0554436	16258 1565.13
0600760	16272 1565.13
0647068	16278 1565.00
0693388	16271 1565.13
0739704	16288 1565.13
0786000	16289 1565.13
0832312	16299 1565.13
0878636	16304 1565.13
0924956	16305 1565.00
0971272	16311 1565.13
1017568	16320 1565.13
1063868	16333 1565.13
1110188	16335 1565.13
1156504	16343 1565.13
1202816	16340 1565.13
1249136	16352 1565.13
1295464	16356 1565.13
1341796	16368 1565.13
1388108	16370 1565.13
1434424	16371 1565.13
1480744	16389 1565.13
1527064	16387 1565.13
1573384	16405 1565.13
1619696	16406 1565.13
1666020	16417 1565.26
1712340	16423 1565.26
1758668	16436 1565.13
1805012	16444 1565.13
1851324	16447 1565.13
1897644	16464 1565.13
1943964	16471 1565.00
1990280	16471 1565.13
2036584	16481 1565.13
2082884	16494 1565.13
2129196	16512 1565.13
2175520	16520 1565.13
2221828	16521 1565.13
2268136	16537 1565.00
2314456	16549 1565.13
2360772	16555 1565.13
2407096	16569 1565.13
2453416	16580 1565.13
2499736	16592 1565.00
2546048	16593 1565.26
2592348	16607 1565.13
2638648	16618 1565.13
2684956	16630 1565.00
2731280	16639 1565.13
2777592	16662 1565.13
2823896	16668 1565.26
2870204	16688 1565.13
2916508	16699 1565.13
2962824	16713 1565.13
3009132	16716 1565.26
3055448	16735 1565.13
3101748	16750 1565.26
3148056	16763 1565.13
3194372	16774 1565.26
3240688	16788 1565.13
3287008	16804 1565.13
3333312	16822 1565.00
3379632	16830 1565.13
3425948	16855 1565.00
3472252	16866 1565.13
3518556	16893 1565.13
3564856	16914 1565.13
3611176	16937 1565.13
3657492	16956 1565.13
3703816	16971 1565.13
3750148	17012 1565.13
3796480	17060 1565.13
3842784	17094 1565.13
3889100	17118 1565.00
3935416	17137 1565.13
3981720	17163 1565.13
4028024	17187 1565.13
4074340	17211 1565.26
4120648	17233 1565.13
4166968	17259 1565.13
4213288	17273 1565.13
4259604	17310 1565.13
4305932	17314 1565.00
4352248	17339 1565.13
4398572	17362 1565.26
4444884	17384 1565.13
4491196	17409 1565.13
4537504	17429 1565.13
4583824	17455 1565.13
4630136	17481 1565.26
4676452	17508 1565.26
4722788	17533 1565.26
4769116	17572 1565.26
4815436	17607 1565.39
4861748	17648 1565.39
4908068	17692 1565.39
4954380	17734 1565.39
5000704	17787 1565.39
5047012	17850 1565.51
5093320	17912 1565.51
5139628	17986 1565.51
5185940	18049 1565.51
5232256	18115 1565.64
5278572	18177 1565.64
5324892	18241 1565.51
5371228	18291 1565.51
5417548	18343 1565.51
5463864	18387 1565.51
5510180	18410 1565.39
5556500	18418 1565.39
5602820	18340 1565.39
5649136	18157 1565.39
5695440	17943 1565.26
5741748	17810 1565.26
5788068	17722 1565.00
5834388	17641 1565.13
5880716	17575 1565.13
5927032	17519 1565.13
5973352	17471 1565.13
6019672	17581 1565.00
6065988	17719 1565.00
6112292	17911 1565.00
6158588	18231 1565.00
6204892	18687 1564.88
6251188	18842 1565.00
6297496	19101 1565.00
6343804	19176 1565.00
6390116	19260 1565.00
6436400	19364 1565.00
6482684	19438 1564.88
6528972	19445 1564.75
6575268	19450 1564.75
6621584	19443 1564.50
6667888	19407 1564.37
6714192	19378 1564.24
6760484	19321 1564.24
6806804	19268 1564.24
6853124	19202 1564.24
6899440	19128 1564.11
6945760	19043 1564.11
6992064	18923 1563.86
7038380	18786 1563.86
7084700	18607 1563.86
7131028	18367 1563.86
7177348	18060 1563.86
7223672	17690 1563.86
7269988	17322 1563.73
7316300	17004 1563.86
7362604	16689 1563.73
7408920	16330 1563.73
7455244	15990 1563.73
7501556	15677 1563.73
7547876	15370 1563.73
7594188	15106 1563.86
7640504	14922 1563.86
7686836	14750 1563.86
7733168	14615 1563.99
7779468	14510 1563.99
7825792	14418 1564.11
7872104	14351 1563.99
7918424	14287 1564.11
7964740	14245 1564.24
8011052	14248 1564.24
8057368	14246 1564.37
8103684	14259 1564.24
8150004	14261 1564.37
8196312	14264 1564.24
8242644	14295 1564.37
8288976	14328 1564.37
8335288	14374 1564.37
8381600	14431 1564.50
8427920	14469 1564.50
8474220	14498 1564.50
8520528	14526 1564.50
8566816	14566 1564.50
8613116	14592 1564.50
8659440	14620 1564.37
8705748	14633 1564.50
8752076	14651 1564.50
8798388	14656 1564.50
8844704	14669 1564.37
8891028	14690 1564.50
8937360	14708 1564.62
8983688	14721 1564.50
9030012	14742 1564.62
9076320	14744 1564.62
9122636	14762 1564.50
9168940	14772 1564.50
9215252	14782 1564.37
9261568	14796 1564.50
9307884	14794 1564.50
9354196	14817 1564.50
9400480	14820 1564.62
9446784	14823 1564.62
9493100	14829 1564.50
9539412	14836 1564.62
9585724	14838 1564.50
9632020	14845 1564.50
9678332	14839 1564.50
9724648	14843 1564.50
9770932	14851 1564.62
9817216	14846 1564.50
9863544	14854 1564.62
9909856	14857 1564.50
9956176	14853 1564.62
0002484	14867 1564.62
0048784	14868 1564.62
0095108	14863 1564.50
0141420	14867 1564.50
0187736	14870 1564.62
0234016	14873 1564.50
0280340	14877 1564.62
0326644	14875 1564.62
0372964	14872 1564.50
0419264	14873 1564.50
0465564	14878 1564.50
0511880	14870 1564.50
0558188	14869 1564.50
0604472	14883 1564.50
0650760	14872 1564.50
0697076	14873 1564.37
0743392	14870 1564.50
0789708	14873 1564.50
0836024	14872 1564.50
0882312	14880 1564.62
0928636	14874 1564.50
0974952	14870 1564.50
1021260	14876 1564.50
1067548	14880 1564.62
1113864	14873 1564.62
1160184	14864 1564.50
1206500	14861 1564.50
1252796	14863 1564.62
1299088	14861 1564.50
1345400	14873 1564.50
1391708	14862 1564.50
1438020	14869 1564.62
1484304	14863 1564.50
1530616	14861 1564.50
1576924	14854 1564.50
1623224	14849 1564.37
1669516	14860 1564.50
1715816	14849 1564.62
1762144	14852 1564.62
1808468	14849 1564.50
1854780	14854 1564.62
1901076	14853 1564.62
1947400	14851 1564.50
1993712	14840 1564.50
2040020	14841 1564.50
2086308	14844 1564.50
2132604	14842 1564.50
2178924	14836 1564.50
2225236	14827 1564.62
2271552	14833 1564.62
2317840	14833 1564.50
2364160	14821 1564.50
2410468	14816 1564.50
2456772	14812 1564.50
2503060	14816 1564.62
2549348	14800 1564.62
2595704	14801 1564.50
2642012	14792 1564.62
2688316	14796 1564.50
2734612	14803 1564.62
2780928	14792 1564.62
2827248	14786 1564.50
2873560	14780 1564.62
2919856	14780 1564.50
2966156	14788 1564.50
3012480	14770 1564.50
3058788	14771 1564.50
3105076	14767 1564.62
3151360	14767 1564.50
3197684	14763 1564.50
3244000	14756 1564.62
3290308	14763 1564.62
3336600	14762 1564.62
3382912	14752 1564.62
3429240	14758 1564.50
3475552	14757 1564.50
3521860	14764 1564.62
3568148	14760 1564.62
3614472	14757 1564.50
3660788	14752 1564.50
3707092	14752 1564.50
3753384	14765 1564.62
3799676	14754 1564.62
3846008	14744 1564.62
3892320	14742 1564.62
3938632	14757 1564.50
3984940	14800 1564.62
4031252	14846 1564.50
4077572	14867 1564.50
4123884	14911 1564.50
4170168	14968 1564.62
4216456	15020 1564.50
4262788	15051 1564.50
4309088	15060 1564.62
4355376	15097 1564.50
4401668	15124 1564.62
4447980	15155 1564.50
4494308	15164 1564.50
4540612	15188 1564.50
4586900	15211 1564.62
4633184	15221 1564.50
4679520	15231 1564.62
4725828	15247 1564.50
4772148	15256 1564.62
4818452	15262 1564.50
4864776	15270 1564.50
4911080	15270 1564.50
4957380	15272 1564.62
5003668	15290 1564.50
5049968	15296 1564.50
5096300	15297 1564.62
5142612	15300 1564.50
5188924	15311 1564.50
5235220	15308 1564.50
5281512	15314 1564.50
5327828	15314 1564.50
5374140	15317 1564.62
5420436	15322 1564.62
5466732	15326 1564.62
5513076	15337 1564.62
5559392	15335 1564.62
5605708	15343 1564.62
5652024	15348 1564.50
5698340	15342 1564.62
5744652	15354 1564.50
5790960	15345 1564.50
5837280	15348 1564.62
5883588	15355 1564.50
5929884	15351 1564.50
5976188	15351 1564.62
6022476	15362 1564.50
6068764	15361 1564.62
6115076	15363 1564.50
6161392	15361 1564.62
6207696	15365 1564.50
6253988	15369 1564.50
6300300	15370 1564.50
6346620	15370 1564.50
6392940	15367 1564.50
6439228	15374 1564.50
6485512	15371 1564.50
6531828	15374 1564.50
6578128	15377 1564.62
6624436	15379 1564.62
6670736	15388 1564.50
6717052	15390 1564.50
6763380	15384 1564.50
6809692	15381 1564.50
6855980	15395 1564.50
6902272	15392 1564.62
6948596	15396 1564.50
6994916	15390 1564.62
7041220	15394 1564.62
7087516	15402 1564.50
7133840	15400 1564.50
7180160	15395 1564.50
7226472	15389 1564.50
7272760	15406 1564.50
7319048	15410 1564.50
7365364	15405 1564.50
7411676	15405 1564.50
7457988	15407 1564.62
7504276	15407 1564.50
7550576	15414 1564.75
7596908	15412 1564.50
7643224	15417 1564.62
7689532	15416 1564.50
7735824	15428 1564.62
7782140	15431 1564.50
7828452	15429 1564.62
7874756	15432 1564.62
7921052	15448 1564.50
7967376	15450 1564.50
8013696	15448 1564.50
8060004	15453 1564.50
8106292	15462 1564.37
8152576	15474 1564.62
8198908	15470 1564.50
8245224	15466 1564.62
8291528	15482 1564.62
8337828	15490 1564.62
8384144	15496 1564.50
8430468	15488 1564.62
8476776	15506 1564.50
8523068	15509 1564.62
8569376	15520 1564.62
8615700	15516 1564.50
8662008	15524 1564.62
8708316	15535 1564.62
8754612	15536 1564.50
8800940	15546 1564.50
8847248	15546 1564.50
8893564	15553 1564.50
8939852	15567 1564.62
8986136	15573 1564.50
9032460	15579 1564.62
9078768	15587 1564.62
9125068	15596 1564.62
9171388	15605 1564.50
9217712	15613 1564.62
9264020	15624 1564.62
9310344	15634 1564.62
9356656	15644 1564.50
9402984	15653 1564.50
9449312	15656 1564.62
9495628	15667 1564.62
9541944	15676 1564.62
9588256	15690 1564.50
9634572	15694 1564.62
9680876	15700 1564.62
9727188	15711 1564.62
9773492	15724 1564.62
9819808	15734 1564.62
9866124	15749 1564.50
9912436	15753 1564.62
9958748	15775 1564.50
0005044	15787 1564.50
0051356	15797 1564.50
0097676	15814 1564.62
0143996	15830 1564.50
0190328	15848 1564.62
0236640	15881 1564.50
0282960	15892 1564.50
0329272	15909 1564.62
0375568	15925 1564.62
0421864	15935 1564.50
0468200	15953 1564.62
0514516	15958 1564.62
0560832	15970 1564.62
0607148	15987 1564.62
0653476	16000 1564.50
0699800	16008 1564.50
0746128	16026 1564.50
0792444	16032 1564.37
0838760	16047 1564.62
0885076	16056 1564.62
0931392	16075 1564.62
0977708	16088 1564.62
1024024	16097 1564.50
1070344	16106 1564.62
1116652	16117 1564.62
1162964	16141 1564.62
1209276	16147 1564.50
1255588	16159 1564.50
1301900	16173 1564.50
1348204	16189 1564.62
1394488	16215 1564.62
1440788	16234 1564.62
1487108	16249 1564.75
1533416	16261 1564.62
1579720	16279 1564.62
1626028	16300 1564.62
1672340	16311 1564.50
1718652	16328 1564.50
1764964	16345 1564.50
1811260	16373 1564.62
1857548	16391 1564.50
1903876	16399 1564.50
1950184	16426 1564.50
1996472	16446 1564.62
2042756	16465 1564.50
2089088	16491 1564.62
2135392	16505 1564.62
2181708	16530 1564.75
2228032	16561 1564.62
2274348	16581 1564.62
2320664	16603 1564.62
2366980	16617 1564.75
2413304	16645 1564.62
2459624	16658 1564.62
2505956	16675 1564.62
2552276	16693 1564.62
2598584	16723 1564.62
2644884	16744 1564.75
2691208	16770 1564.62
2737520	16793 1564.62
2783832	16820 1564.75
2830136	16857 1564.62
2876456	16887 1564.62
2922772	16915 1564.75
2969084	16948 1564.62
3015392	16998 1565.00
3061700	17033 1564.88
3108000	17095 1564.88
3154292	17155 1564.88
3200608	17215 1565.00
3246912	17272 1565.00
3293216	17333 1565.00
3339512	17395 1565.00
3385804	17457 1565.00
3432092	17515 1565.13
3478400	17559 1565.13
3524720	17604 1565.00
3571032	17619 1565.00
3617332	17634 1565.00
3663612	17617 1564.88
3709900	17566 1564.75
3756204	17390 1564.75
3802528	17225 1564.75
3848852	17092 1564.62
3895172	16959 1564.62
3941496	16852 1564.62
3987812	16815 1564.62
4034124	16739 1564.50
4080448	16766 1564.62
4126740	16933 1564.62
4173064	17016 1564.50
4219376	17313 1564.37
4265676	17586 1564.50
4311972	17856 1564.50
4358284	18067 1564.50
4404584	18155 1564.50
4450892	18223 1564.50
4497176	18322 1564.50
4543464	18435 1564.37
4589808	18491 1564.37
4636120	18526 1564.11
4682436	18538 1563.99
4728748	18524 1563.99
4775064	18490 1563.99
4821372	18455 1563.73
4867692	18418 1563.86
4914016	18359 1563.73
4960348	18302 1563.86
5006672	18221 1563.48
5052984	18122 1563.48
5099296	18004 1563.22
5145604	17852 1563.22
5191932	17643 1563.48
5238244	17397 1563.35
5284556	17070 1563.22
5330860	16674 1563.22
5377180	16352 1563.22
5423492	16020 1563.22
5469808	15659 1563.22
5516136	15319 1563.35
5562468	15007 1563.09
5608776	14710 1563.09
5655080	14448 1563.09
5701376	14218 1563.22
5747684	14036 1563.48
5794008	13900 1563.22
5840340	13775 1563.35
5886656	13686 1563.35
5932964	13617 1563.60
5979284	13573 1563.60
6025592	13541 1563.60
6071904	13531 1563.73
6118204	13553 1563.73
6164516	13568 1563.73
6210836	13581 1563.73
6257152	13596 1563.86
6303472	13629 1563.86
6349800	13674 1563.86
6396140	13737 1563.86
6442460	13789 1563.99
6488772	13837 1563.99
6535072	13883 1563.99
6581384	13928 1563.86
6627700	13969 1563.86
6674016	14006 1563.99
6720324	14034 1563.99
6766632	14063 1563.99
6812948	14082 1564.11
6859260	14099 1563.99
6905564	14118 1563.99
6951884	14133 1563.99
6998200	14150 1563.99
7044548	14156 1563.99
7090868	14174 1563.99
7137168	14178 1563.99
7183488	14181 1563.99
7229804	14186 1563.99
7276116	14192 1563.99
7322424	14190 1563.99
7368744	14207 1564.11
7415064	14201 1563.99
7461388	14209 1563.99
7507712	14209 1563.99
7554052	14217 1563.99
7600380	14211 1563.99
7646692	14217 1563.99
7692992	14216 1563.99
7739292	14220 1563.99
7785612	14220 1563.99
7831924	14219 1564.11
7878244	14214 1563.99
7924552	14215 1563.99
7970872	14214 1564.11
8017192	14200 1563.99
8063512	14189 1563.99
8109832	14189 1564.11
8156132	14176 1563.99
8202476	14178 1564.11
8248788	14165 1563.99
8295108	14172 1564.11
8341424	14162 1563.99
8387752	14158 1563.86
8434072	14152 1564.11
8480396	14155 1563.99
8526724	14146 1563.99
8573044	14152 1563.99
8619360	14152 1563.86
8665676	14148 1563.99
8711976	14155 1564.11
8758288	14153 1564.11
8804616	14156 1564.11
8850932	14150 1563.99
8897252	14150 1563.99
8943568	14148 1563.99
8989900	14149 1563.99
9036228	14153 1563.99
9082544	14149 1564.11
9128844	14149 1563.99
9175168	14151 1564.11
9221476	14148 1563.99
9267796	14150 1563.99
9314116	14144 1564.11
9360428	14141 1564.11
9406756	14140 1564.11
9453064	14146 1564.11
9499384	14140 1563.99
9545700	14133 1564.11
9592028	14132 1563.99
9638356	14130 1563.99
9684668	14133 1563.99
9730976	14138 1563.99
9777292	14131 1563.99
9823600	14133 1563.99
9869924	14126 1563.99
9916228	14125 1563.99
9962536	14129 1563.99
0008856	14127 1563.99
0055172	14123 1563.99
0101472	14121 1563.99
0147780	14126 1563.99
0194100	14113 1563.99
0240424	14124 1564.11
0286740	14117 1563.99
0333064	14119 1563.99
0379384	14112 1564.11
0425704	14109 1563.99
0472020	14109 1563.99
0518332	14113 1564.11
0564640	14108 1563.99
0610960	14109 1564.11
0657272	14112 1564.11
0703580	14112 1563.99
0749900	14106 1563.99
0796216	14104 1563.86
0842548	14106 1563.99
0888868	14105 1564.11
0935180	14109 1563.99
0981508	14103 1563.99
1027824	14102 1563.99
1074140	14098 1563.99
1120456	14102 1564.11
1166764	14096 1564.11
1213088	14104 1564.11
1259404	14104 1564.11
1305724	14098 1563.99
1352044	14099 1564.11
1398396	14101 1563.99
1444716	14103 1564.11
1491024	14097 1564.11
1537328	14105 1563.99
1583648	14107 1564.11
1629956	14106 1563.99
1676272	14110 1563.99
1722600	14112 1564.11
1768928	14113 1563.99
1815244	14101 1563.99
1861556	14120 1563.99
1907868	14119 1564.11
1954172	14122 1564.11
2000508	14129 1564.11
2046824	14126 1563.99
2093144	14130 1564.11
2139456	14131 1563.99
2185780	14128 1563.99
2232112	14142 1564.11
2278432	14130 1563.99
2324752	14134 1563.99
2371072	14139 1563.99
2417388	14141 1563.99
2463700	14145 1563.99
2510004	14145 1564.11
2556320	14143 1564.11
2602648	14150 1563.99
2648968	14144 1563.99
2695284	14149 1564.11
2741588	14150 1563.99
2787924	14156 1563.99
2834256	14153 1563.99
2880568	14163 1563.99
2926868	14156 1563.99
2973192	14168 1564.11
3019508	14164 1563.99
3065824	14163 1563.99
3112136	14163 1563.99
3158452	14163 1563.99
3204772	14170 1563.99
3251084	14168 1563.99
3297392	14173 1563.99
3343696	14173 1563.99
3390032	14171 1564.11
3436356	14176 1563.99
3482676	14180 1563.99
3528996	14175 1564.11
3575312	14170 1563.99
3621628	14169 1564.11
3667940	14177 1563.99
3714244	14197 1563.99
3760564	14226 1563.99
3806880	14272 1563.99
3853196	14303 1563.99
3899504	14322 1563.99
3945828	14383 1564.11
3992168	14431 1563.99
4038492	14592 1564.11
4084796	14679 1564.11
4131104	14764 1564.11
4177424	14822 1563.99
4223736	14867 1563.99
4270052	14894 1563.99
4316360	14920 1563.99
4362668	14942 1564.11
4408988	14958 1564.11
4455304	14975 1563.99
4501632	14993 1563.99
4547972	15006 1563.99
4594300	15011 1563.99
4640608	15021 1563.99
4686920	15030 1563.99
4733228	15038 1564.11
4779540	15044 1564.11
4825852	15055 1564.11
4872168	15059 1564.11
4918504	15060 1563.99
4964832	15070 1563.99
5011148	15082 1564.11
5057460	15077 1563.99
5103776	15098 1563.99
5150096	15097 1564.11
5196420	15107 1563.99
5242732	15115 1563.99
5289048	15130 1564.11
5335348	15138 1564.11
5381668	15157 1563.99
5427988	15184 1563.99
5474308	15194 1563.99
5520644	15222 1564.11
5566968	15251 1564.11
5613288	15258 1563.99
5659596	15261 1563.99
5705900	15266 1563.99
5752208	15278 1564.11
5798532	15283 1563.99
5844844	15284 1563.99
5891152	15297 1564.11
5937464	15302 1564.11
5983784	15304 1563.99
6030104	15317 1564.11
6076436	15312 1563.99
6122764	15327 1564.11
6169080	15326 1564.11
6215400	15335 1563.99
6261712	15334 1563.99
6308032	15340 1564.11
6354336	15343 1564.11
6400660	15356 1564.11
6446972	15362 1563.99
6493300	15359 1564.11
6539620	15366 1564.11
6585948	15377 1563.99
6632264	15382 1564.11
6678576	15387 1563.99
6724884	15388 1563.99
6771200	15394 1563.99
6817508	15395 1564.11
6863824	15406 1563.99
6910132	15412 1564.11
6956448	15417 1564.11
7002772	15422 1564.24
7049080	15425 1564.11
7095392	15440 1564.11
7141700	15440 1563.99
7188020	15443 1564.11
7234340	15461 1564.11
7280664	15462 1563.99
7326996	15465 1564.11
7373312	15477 1563.99
7419628	15483 1564.11
7465940	15481 1564.11
7512244	15490 1563.99
7558564	15504 1564.11
7604872	15513 1563.99
7651192	15515 1564.11
7697508	15526 1564.11
7743812	15527 1564.11
7790132	15535 1563.99
7836456	15546 1563.99
7882780	15548 1564.11
7929100	15558 1564.11
7975428	15572 1563.99
8021740	15573 1563.99
8068052	15582 1563.99
8114352	15589 1564.11
8160664	15601 1563.99
8206980	15597 1563.99
8253288	15613 1563.99
8299588	15622 1563.99
8345884	15631 1563.99
8392200	15640 1563.99
8438512	15649 1563.99
8484828	15653 1563.99
8531132	15662 1563.99
8577440	15679 1563.99
8623756	15681 1563.99
8670072	15691 1563.99
8716376	15704 1563.99
8762680	15712 1564.11
8808996	15725 1564.11
8855316	15733 1564.11
8901648	15742 1563.99
8947980	15756 1563.99
8994300	15765 1564.11
9040612	15775 1563.99
9086932	15786 1564.11
9133248	15798 1564.11
9179556	15809 1564.11
9225876	15823 1564.11
9272192	15836 1564.11
9318516	15848 1564.11
9364840	15866 1563.99
9411176	15871 1563.86
9457500	15885 1563.99
9503812	15904 1563.99
9550116	15915 1563.99
9596432	15933 1563.99
9642748	15945 1564.11
9689060	15962 1564.11
9735368	15973 1564.11
9781688	15997 1564.11
9828008	16010 1563.99
9874324	16027 1563.99
9920648	16049 1563.99
9966952	16067 1563.99
0013300	16080 1563.86
0059612	16096 1564.11
0105924	16119 1563.99
0152232	16140 1564.11
0198548	16160 1564.11
0244864	16187 1564.11
0291184	16207 1564.11
0337516	16227 1564.11
0383844	16256 1564.11
0430164	16275 1564.11
0476472	16299 1563.99
0522788	16315 1564.11
0569108	16328 1564.11
0615432	16352 1564.11
0661748	16371 1564.11
0708068	16385 1564.11
0754388	16416 1564.11
0800720	16435 1564.11
0847048	16457 1564.11
0893364	16477 1564.11
0939680	16504 1564.24
0985996	16543 1564.24
1032312	16575 1564.37
1078632	16609 1564.24
1124964	16642 1564.24
1171296	16688 1564.37
1217616	16743 1564.37
1263928	16805 1564.37
1310252	16861 1564.50
1356572	16918 1564.50
1402884	16962 1564.50
1449196	17013 1564.50
1495484	17066 1564.50
1541768	17110 1564.50
1588084	17136 1564.37
1634400	17173 1564.37
1680716	17187 1564.50
1727036	17205 1564.37
1773336	17192 1564.24
1819660	17187 1564.24
1865976	17035 1564.24
1912296	16850 1564.11
1958616	16688 1564.24
2004948	16536 1564.11
2051268	16410 1563.99
2097588	16319 1563.99
2143904	16265 1563.99
2190216	16230 1563.99
2236528	16293 1564.11
2282840	16365 1563.99
2329148	16676 1563.99
2375468	16911 1563.99
2421788	17164 1563.99
2468096	17287 1563.99
2514404	17396 1563.99
2560712	17443 1563.99
2607028	17529 1564.11
2653364	17636 1563.86
2699688	17707 1563.73
2746008	17720 1563.73
2792328	17735 1563.35
2838644	17728 1563.48
2884964	17714 1563.35
2931292	17692 1563.22
2977632	17648 1563.09
3023948	17601 1563.09
3070260	17545 1563.09
3116564	17457 1563.09
3162860	17376 1562.97
3209176	17236 1562.84
3255500	17021 1562.84
3301808	16767 1562.71
3348120	16453 1562.71
3394432	16088 1562.71
3440748	15772 1562.71
3487060	15462 1562.71
3533380	15158 1562.71
3579708	14855 1562.59
3626032	14564 1562.59
3672348	14311 1562.71
3718660	14054 1562.59
3764972	13837 1562.59
3811324	13638 1562.71
3857632	13502 1562.71
3903940	13387 1562.71
3950260	13305 1562.84
3996576	13243 1562.97
4042888	13209 1562.97
4089212	13179 1562.97
4135528	13175 1562.84
4181860	13176 1563.09
4228176	13190 1563.22
4274484	13216 1563.09
4320784	13235 1563.22
4367108	13269 1563.09
4413436	13309 1563.22
4459744	13376 1563.35
4506040	13428 1563.35
4552360	13476 1563.35
4598680	13514 1563.22
4644992	13557 1563.48
4691316	13599 1563.35
4737640	13632 1563.35
4783968	13662 1563.48
4830288	13678 1563.48
4876600	13701 1563.35
4922904	13724 1563.35
4969212	13732 1563.35
5015552	13747 1563.48
5061868	13756 1563.48
5108184	13776 1563.35
5154484	13783 1563.48
5200804	13798 1563.35
5247120	13796 1563.35
5293448	13781 1563.35
5339784	13783 1563.48
5386108	13786 1563.35
5432420	13783 1563.48
5478732	13785 1563.48
5525048	13791 1563.48
5571384	13800 1563.35
5617700	13785 1563.35
5664020	13797 1563.35
5710344	13803 1563.48
5756672	13805 1563.48
5803004	13803 1563.35
5849312	13807 1563.48
5895624	13807 1563.48
5941944	13807 1563.35
5988264	13806 1563.35
6034584	13808 1563.35
6080916	13807 1563.48
6127240	13808 1563.35
6173564	13809 1563.48
6219880	13808 1563.35
6266184	13808 1563.35
6312488	13807 1563.48
6358808	13810 1563.35
6405124	13806 1563.35
6451436	13809 1563.35
6497752	13803 1563.35
6544076	13808 1563.35
6590392	13815 1563.48
6636744	13817 1563.35
6683060	13814 1563.35
6729380	13824 1563.48
6775700	13826 1563.35
6822012	13822 1563.35
6868324	13829 1563.48
6914660	13829 1563.35
6960988	13832 1563.48
7007308	13836 1563.35
7053624	13833 1563.35
7099932	13839 1563.35
7146260	13838 1563.48
7192584	13842 1563.35
7238896	13843 1563.48
7285204	13847 1563.35
7331520	13845 1563.48
7377836	13850 1563.35
7424156	13844 1563.35
7470488	13853 1563.48
7516820	13853 1563.35
7563132	13853 1563.48
7609448	13858 1563.35
7655760	13864 1563.48
7702068	13870 1563.35
7748388	13875 1563.48
7794708	13878 1563.22
7841020	13883 1563.48
7887344	13882 1563.48
7933672	13894 1563.48
7980008	13892 1563.35
8026332	13905 1563.48
8072652	13907 1563.48
8118972	13907 1563.35
8165288	13904 1563.48
8211620	13915 1563.35
8257948	13902 1563.48
8304268	13910 1563.48
8350588	13918 1563.35
8396904	13916 1563.35
8443220	13917 1563.35
8489536	13919 1563.35
8535852	13920 1563.35
8582172	13918 1563.35
8628492	13927 1563.48
8674820	13923 1563.48
8721156	13924 1563.35
8767484	13923 1563.35
8813796	13924 1563.35
8860108	13932 1563.35
8906420	13933 1563.35
8952736	13930 1563.35
8999060	13934 1563.35
9045384	13940 1563.35
9091716	13937 1563.35
9138040	13933 1563.35
9184356	13942 1563.35
9230668	13939 1563.48
9276988	13946 1563.48
9323312	13946 1563.48
9369632	13949 1563.35
9415944	13944 1563.35
9462260	13949 1563.35
9508584	13945 1563.48
9554920	13949 1563.35
9601244	13946 1563.35
9647560	13955 1563.35
9693872	13968 1563.48
9740192	13961 1563.48
9786512	13970 1563.35
9832832	13968 1563.48
9879164	13971 1563.35
9925488	13978 1563.48
9971804	13976 1563.48
0018116	13990 1563.48
0064436	13993 1563.35
0110740	13990 1563.48
0157064	13990 1563.35
0203376	13995 1563.35
0249688	13999 1563.48
0296012	14004 1563.48
0342324	14005 1563.35
0388660	14010 1563.48
0434980	14012 1563.48
0481300	14016 1563.35
0527616	14018 1563.48
0573928	14029 1563.35
0620240	14021 1563.48
0666544	14026 1563.48
0712860	14031 1563.35
0759180	14031 1563.35
0805492	14034 1563.35
0851812	14030 1563.48
0898128	14040 1563.48
0944452	14044 1563.35
0990796	14041 1563.48
1037112	14044 1563.35
1083424	14053 1563.35
1129744	14053 1563.48
1176060	14057 1563.35
1222372	14054 1563.35
1268676	14060 1563.48
1314996	14063 1563.35
1361312	14066 1563.48
1407624	14064 1563.48
1453944	14068 1563.35
1500260	14072 1563.35
1546600	14069 1563.35
1592920	14066 1563.35
1639236	14075 1563.35
1685548	14082 1563.35
1731868	14089 1563.48
1778184	14075 1563.35
1824508	14085 1563.35
1870848	14080 1563.35
1917172	14097 1563.48
1963488	14091 1563.48
2009792	14086 1563.35
2056092	14095 1563.35
2102400	14094 1563.35
2148728	14104 1563.35
2195040	14096 1563.48
2241352	14106 1563.35
2287668	14108 1563.35
2333992	14105 1563.35
2380312	14103 1563.48
2426648	14109 1563.35
2472984	14111 1563.48
2519304	14118 1563.35
2565620	14134 1563.48
2611932	14163 1563.48
2658232	14238 1563.48
2704536	14404 1563.35
2750856	14472 1563.48
2797172	14529 1563.35
2843484	14584 1563.35
2889784	14632 1563.48
2936100	14662 1563.35
2982420	14691 1563.48
3028748	14710 1563.35
3075072	14734 1563.35
3121400	14748 1563.48
3167720	14760 1563.35
3214032	14775 1563.48
3260352	14790 1563.35
3306672	14796 1563.48
3352988	14803 1563.35
3399300	14825 1563.48
3445604	14825 1563.35
3491920	14835 1563.48
3538256	14845 1563.35
3584580	14854 1563.35
3630896	14861 1563.48
3677200	14872 1563.35
3723516	14879 1563.35
3769832	14905 1563.35
3816144	14927 1563.48
3862464	14964 1563.48
3908780	15018 1563.48
3955096	15037 1563.48
4001420	15048 1563.35
4047724	15062 1563.35
4094032	15075 1563.48
4140364	15083 1563.35
4186692	15095 1563.48
4233008	15092 1563.35
4279308	15099 1563.48
4325628	15108 1563.35
4371940	15113 1563.35
4418256	15120 1563.48
4464576	15128 1563.35
4510888	15138 1563.35
4557208	15131 1563.35
4603528	15142 1563.35
4649840	15150 1563.48
4696144	15157 1563.35
4742464	15167 1563.35
4788804	15172 1563.35
4835124	15179 1563.35
4881428	15185 1563.35
4927736	15182 1563.48
4974056	15195 1563.35
5020360	15196 1563.35
5066668	15200 1563.48
5112984	15217 1563.48
5159304	15217 1563.35
5205616	15214 1563.35
5251916	15228 1563.35
5298224	15233 1563.35
5344544	15243 1563.48
5390856	15247 1563.35
5437180	15252 1563.48
5483500	15255 1563.60
5529828	15262 1563.35
5576144	15265 1563.48
5622444	15276 1563.48
5668760	15288 1563.48
5715072	15291 1563.48
5761400	15293 1563.48
5807712	15303 1563.35
5854020	15308 1563.35
5900320	15320 1563.48
5946640	15327 1563.48
5992956	15335 1563.48
6039276	15332 1563.48
6085604	15349 1563.48
6131908	15358 1563.48
6178228	15364 1563.35
6224552	15372 1563.35
6270872	15377 1563.60
6317196	15389 1563.48
6363520	15396 1563.60
6409832	15397 1563.35
6456128	15409 1563.48
6502416	15420 1563.60
6548728	15427 1563.48
6595040	15433 1563.35
6641344	15442 1563.48
6687644	15458 1563.48
6733956	15469 1563.48
6780284	15476 1563.35
6826600	15489 1563.35
6872908	15492 1563.48
6919224	15506 1563.35
6965540	15519 1563.48
7011860	15527 1563.48
7058196	15541 1563.48
7104516	15547 1563.35
7150840	15559 1563.48
7197156	15567 1563.35
7243464	15585 1563.48
7289768	15594 1563.35
7336084	15607 1563.48
7382404	15623 1563.48
7428712	15628 1563.48
7475020	15651 1563.48
7521320	15664 1563.35
7567640	15672 1563.35
7613956	15691 1563.35
7660276	15699 1563.35
7706604	15721 1563.48
7752932	15730 1563.48
7799248	15743 1563.35
7845564	15766 1563.48
7891868	15781 1563.48
7938192	15795 1563.35
7984516	15815 1563.48
8030828	15831 1563.48
8077144	15851 1563.48
8123448	15868 1563.35
8169768	15884 1563.48
8216100	15906 1563.35
8262416	15930 1563.35
8308740	15954 1563.48
8355056	15973 1563.48
8401368	15996 1563.35
8447676	16012 1563.48
8493988	16038 1563.48
8540304	16049 1563.48
8586628	16071 1563.48
8632936	16093 1563.48
8679244	16108 1563.48
8725544	16128 1563.48
8771860	16158 1563.48
8818172	16170 1563.60
8864492	16190 1563.60
8910804	16221 1563.48
8957100	16250 1563.48
9003424	16273 1563.60
9049736	16314 1563.60
9096060	16340 1563.60
9142400	16379 1563.73
9188720	16410 1563.73
9235032	16458 1563.73
9281348	16512 1563.86
9327668	16581 1563.86
9373980	16625 1563.86
9420288	16679 1563.86
9466604	16729 1563.86
9512904	16767 1563.86
9559216	16811 1563.86
9605536	16845 1563.73
9651844	16874 1563.73
9698152	16891 1563.73
9744460	16895 1563.86
9790776	16894 1563.73
9837108	16891 1563.60
9883440	16857 1563.60
9929748	16695 1563.60
9976052	16527 1563.48
0022360	16327 1563.48
0068672	16151 1563.48
0114992	16036 1563.48
0161296	15898 1563.48
0207620	15837 1563.48
0253936	15830 1563.35
0300240	15863 1563.35
0346544	16010 1563.35
0392864	16237 1563.35
0439176	16513 1563.48
0485504	16678 1563.35
0531836	16855 1563.35
0578164	16913 1563.35
0624476	17000 1563.48
0670784	17115 1563.35
0717088	17234 1563.35
0763396	17296 1563.09
0809724	17313 1562.97
0856028	17331 1562.97
0902320	17337 1562.71
0948620	17319 1562.71
0994944	17303 1562.59
1041260	17269 1562.71
1087572	17235 1562.59
1133876	17186 1562.59
1180188	17097 1562.59
1226508	16986 1562.46
1272820	16835 1562.33
1319124	16624 1562.33
1365432	16377 1562.20
1411752	16041 1562.08
1458072	15688 1562.08
1504392	15387 1562.08
1550712	15115 1562.20
1597040	14805 1562.08
1643360	14511 1562.08
1689672	14223 1562.20
1735980	13963 1561.95
1782280	13716 1561.95
1828608	13482 1562.08
1874916	13308 1562.08
1921212	13154 1562.20
1967504	13053 1562.08
2013812	12973 1562.20
2060128	12925 1562.33
2106428	12900 1562.33
2152740	12878 1562.33
2199060	12868 1562.46
2245380	12883 1562.33
2291688	12908 1562.46
2337996	12939 1562.59
2384304	12976 1562.59
2430620	13008 1562.59
2476932	13052 1562.59
2523252	13110 1562.59
2569580	13168 1562.59
2615912	13222 1562.59
2662232	13264 1562.71
2708544	13306 1562.59
2754852	13348 1562.71
2801168	13380 1562.59
2847492	13402 1562.71
2893800	13428 1562.71
2940104	13441 1562.71
2986424	13454 1562.71
3032740	13457 1562.84
3079064	13453 1562.84
3125396	13454 1562.71
3171716	13464 1562.84
3218036	13469 1562.84
3264356	13478 1562.84
3310668	13483 1562.84
3356968	13495 1562.71
3403288	13495 1562.84
3449608	13495 1562.71
3495924	13503 1562.71
3542228	13512 1562.71
3588544	13509 1562.84
3634860	13509 1562.84
3681188	13512 1562.84
3727512	13510 1562.84
3773832	13509 1562.84
3820156	13507 1562.71
3866472	13517 1562.84
3912784	13512 1562.84
3959100	13512 1562.71
4005424	13516 1562.84
4051744	13516 1562.71
4098056	13521 1562.84
4144384	13519 1562.71
4190700	13522 1562.71
4237056	13526 1562.84
4283368	13526 1562.71
4329684	13534 1562.84
4375984	13538 1562.84
4422304	13548 1562.84
4468612	13546 1562.71
4514928	13559 1562.84
4561240	13559 1562.84
4607564	13566 1562.84
4653892	13572 1562.84
4700204	13578 1562.84
4746516	13591 1562.84
4792832	13593 1562.84
4839156	13595 1562.71
4885464	13611 1562.71
4931776	13607 1562.84
4978092	13617 1562.84
5024408	13622 1562.84
5070724	13618 1562.84
5117044	13638 1562.71
5163372	13630 1562.84
5209704	13634 1562.84
5256020	13642 1562.71
5302332	13651 1562.71
5348636	13655 1562.71
5394968	13659 1562.84
5441288	13655 1562.84
5487592	13667 1562.84
5533896	13666 1562.84
5580208	13680 1562.84
5626532	13670 1562.71
5672852	13679 1562.97
5719188	13675 1562.84
5765520	13682 1562.84
5811836	13683 1562.71
5858148	13685 1562.71
5904460	13696 1562.71
5950784	13692 1562.71
5997108	13697 1562.84
6043428	13694 1562.71
6089736	13697 1562.84
6136048	13703 1562.71
6182364	13704 1562.71
6228700	13704 1562.84
6275028	13709 1562.71
6321340	13716 1562.71
6367648	13705 1562.84
6413968	13717 1562.71
6460288	13712 1562.71
6506608	13717 1562.84
6552936	13713 1562.84
6599260	13722 1562.71
6645580	13722 1562.84
6691892	13720 1562.71
6738208	13717 1562.71
6784524	13724 1562.71
6830852	13732 1562.71
6877160	13725 1562.71
6923480	13733 1562.71
6969804	13726 1562.84
7016120	13732 1562.84
7062468	13733 1562.71
7108788	13732 1562.84
7155092	13735 1562.84
7201408	13738 1562.84
7247728	13737 1562.84
7294044	13733 1562.84
7340360	13734 1562.71
7386672	13738 1562.71
7432992	13741 1562.71
7479308	13743 1562.84
7525632	13746 1562.71
7571944	13745 1562.71
7618280	13748 1562.84
7664604	13749 1562.84
7710916	13752 1562.84
7757216	13757 1562.84
7803532	13748 1562.84
7849848	13763 1562.71
7896164	13775 1562.84
7942468	13771 1562.84
7988792	13781 1562.84
8035112	13775 1562.84
8081428	13779 1562.71
8127756	13784 1562.84
8174060	13790 1562.71
8220416	13790 1562.71
8266732	13791 1562.84
8313044	13800 1562.84
8359360	13798 1562.84
8405684	13794 1562.84
8452008	13804 1562.71
8498324	13805 1562.71
8544648	13807 1562.84
8590972	13808 1562.84
8637284	13817 1562.84
8683596	13810 1562.84
8729896	13823 1562.71
8776208	13827 1562.84
8822536	13816 1562.84
8868840	13822 1562.84
