""
"Test Method","Radhen_Load_Cntrl_Cmprsn_250N_12-7.msm"
"Sample I. D.","Sample1.mss"
"Specimen Number","20"

"TheCycle_Output ()","_Time (s)","_Load (N)","_Extension (mm)","RealTimeDepth (mm)","CycleNumber ()"

1,0.312,0.00,0.0800,0.07998,1.000
1,0.375,0.00,0.1427,0.14270,1.000
1,0.438,0.00,0.2052,0.20525,1.000
1,0.500,0.00,0.2679,0.26790,1.000
1,0.562,-0.01,0.3302,0.33025,1.000
1,0.625,0.00,0.3928,0.39285,1.000
1,0.688,-0.01,0.4553,0.45528,1.000
1,0.750,0.00,0.5179,0.51790,1.000
1,0.812,0.00,0.5802,0.58025,1.000
1,0.875,0.00,0.6428,0.64275,1.000
1,0.938,0.00,0.7053,0.70530,1.000
1,1.000,0.01,0.7676,0.76760,1.000
1,1.062,0.00,0.8303,0.83032,1.000
1,1.125,0.00,0.8928,0.89275,1.000
1,1.188,0.00,0.9555,0.95545,1.000
1,1.250,0.00,1.0179,1.01790,1.000
1,1.312,0.00,1.0804,1.08042,1.000
1,1.375,0.00,1.1429,1.14290,1.000
1,1.438,0.00,1.2054,1.20538,1.000
1,1.500,0.01,1.2679,1.26790,1.000
1,1.562,0.00,1.3303,1.33032,1.000
1,1.625,0.00,1.3928,1.39285,1.000
1,1.688,0.00,1.4552,1.45522,1.000
1,1.750,0.00,1.5179,1.51790,1.000
1,1.812,0.00,1.5804,1.58038,1.000
1,1.875,0.00,1.6428,1.64285,1.000
1,1.938,0.01,1.7054,1.70540,1.000
1,2.000,-0.01,1.7677,1.76770,1.000
1,2.062,0.00,1.8304,1.83042,1.000
1,2.125,0.00,1.8928,1.89280,1.000
1,2.188,0.02,1.9554,1.95540,1.000
1,2.250,0.03,2.0178,2.01780,1.000
1,2.312,0.05,2.0804,2.08038,1.000
1,2.375,0.06,2.1428,2.14285,1.000
1,2.438,0.08,2.2054,2.20538,1.000
1,2.500,0.11,2.2679,2.26790,1.000
1,2.562,0.14,2.3304,2.33035,1.000
1,2.625,0.18,2.3930,2.39300,1.000
1,2.688,0.25,2.4553,2.45532,1.000
1,2.750,0.32,2.5180,2.51800,1.000
1,2.812,0.43,2.5803,2.58025,1.000
1,2.875,0.56,2.6429,2.64290,1.000
1,2.938,0.71,2.7054,2.70542,1.000
1,3.000,0.88,2.7679,2.76790,1.000
1,3.125,1.14,2.8322,2.83220,1.000
1,3.188,0.89,2.7711,2.77110,1.000
1,3.250,0.69,2.7087,2.70870,1.000
1,3.312,0.52,2.6461,2.64612,1.000
1,3.375,0.39,2.5836,2.58355,1.000
1,3.438,0.29,2.5212,2.52115,1.000
1,3.500,0.21,2.4587,2.45870,1.000
1,3.562,0.15,2.3962,2.39620,1.000
1,3.625,0.10,2.3336,2.33355,1.000
1,3.688,0.07,2.2711,2.27112,1.000
1,3.750,0.06,2.2085,2.20850,1.000
1,3.812,0.04,2.1462,2.14615,1.000
1,3.875,0.03,2.0836,2.08355,1.000
1,3.938,0.02,2.0210,2.02095,1.000
1,4.000,0.00,1.9586,1.95860,1.000
1,4.062,0.01,1.8960,1.89603,1.000
1,4.125,0.00,1.8337,1.83370,1.000
1,4.188,0.00,1.7710,1.77100,1.000
1,4.250,-0.01,1.7086,1.70860,1.000
1,4.312,0.00,1.6460,1.64603,1.000
1,4.375,0.00,1.5836,1.58360,1.000
1,4.438,0.00,1.5210,1.52100,1.000
1,4.500,0.00,1.4584,1.45840,1.000
1,4.562,0.00,1.3961,1.39608,1.000
1,4.625,0.00,1.3334,1.33345,1.000
1,4.688,0.00,1.2711,1.27110,1.000
1,4.750,0.01,1.2085,1.20850,1.000
1,4.812,-0.02,1.1461,1.14608,1.000
1,4.875,0.01,1.0835,1.08350,1.000
1,4.938,0.00,1.0211,1.02110,1.000
1,5.000,-0.01,0.9586,0.95860,1.000
1,5.062,0.00,0.8960,0.89600,1.000
1,5.125,0.00,0.8336,0.83355,1.000
1,5.188,0.00,0.7709,0.77093,1.000
1,5.250,0.00,0.7085,0.70850,1.000
1,5.312,0.00,0.6459,0.64593,1.000
1,5.375,0.00,0.5834,0.58345,1.000
1,5.438,0.00,0.5209,0.52090,1.000
1,5.500,-0.01,0.4584,0.45840,1.000
1,5.562,0.00,0.3960,0.39595,1.000
1,5.625,0.00,0.3334,0.33335,1.000
1,5.688,0.00,0.2711,0.27110,1.000
1,5.750,0.00,0.2084,0.20840,1.000
1,5.812,0.00,0.1459,0.14590,1.000
1,5.875,0.00,0.0832,0.08320,1.000
1,5.938,0.01,0.0208,0.02075,1.000
1,6.062,0.00,-0.0107,-0.01073,1.000
1,6.125,0.00,-0.0002,-0.00020,1.000
1,6.188,0.00,-0.0002,-0.00020,1.000
1,6.250,0.00,-0.0002,-0.00020,1.000
1,6.312,0.00,-0.0002,-0.00020,1.000
1,6.375,0.00,-0.0002,-0.00020,1.000
1,6.438,0.00,-0.0002,-0.00020,1.000
1,6.500,0.00,-0.0002,-0.00020,1.000
1,6.562,0.00,-0.0002,-0.00020,1.000
1,6.625,0.00,-0.0002,-0.00020,1.000
1,6.688,0.00,-0.0002,-0.00020,1.000
1,6.750,0.00,-0.0002,-0.00020,1.000
1,6.812,0.00,-0.0002,-0.00020,1.000
1,6.875,0.00,-0.0002,-0.00020,1.000
1,6.938,0.00,-0.0002,-0.00020,1.000
1,7.000,0.00,-0.0002,-0.00020,1.000
1,7.062,0.00,-0.0002,-0.00020,1.000
1,7.125,0.00,-0.0002,-0.00020,1.000
1,7.188,0.00,-0.0002,-0.00020,1.000
1,7.250,0.00,-0.0002,-0.00020,1.000
1,7.312,0.00,-0.0002,-0.00020,1.000
1,7.375,0.00,-0.0002,-0.00020,1.000
1,7.438,0.00,-0.0002,-0.00020,1.000
1,7.500,0.00,-0.0002,-0.00020,1.000
1,7.562,0.00,-0.0002,-0.00020,1.000
1,7.625,0.00,-0.0002,-0.00020,1.000
1,7.688,0.00,-0.0002,-0.00020,1.000
1,7.750,-0.01,-0.0002,-0.00020,1.000
1,7.812,-0.01,-0.0001,-0.00010,1.000
1,7.875,0.00,-0.0001,-0.00010,1.000
1,7.938,0.00,-0.0001,-0.00010,1.000
1,8.000,0.00,-0.0001,-0.00010,1.000
1,8.062,0.00,-0.0001,-0.00010,1.000
1,8.125,0.00,-0.0001,-0.00010,1.000
1,8.188,-0.01,-0.0001,-0.00010,1.000
1,8.250,-0.01,-0.0001,-0.00010,1.000
1,8.312,0.00,-0.0001,-0.00010,1.000
1,8.375,0.01,-0.0001,-0.00010,1.000
1,8.438,0.00,-0.0001,-0.00010,1.000
1,8.500,-0.01,-0.0001,-0.00010,1.000
1,8.562,0.01,-0.0001,-0.00010,1.000
1,8.625,0.00,-0.0001,-0.00010,1.000
1,8.688,0.00,-0.0001,-0.00010,1.000
1,8.750,0.00,-0.0001,-0.00010,1.000
1,8.812,0.00,-0.0001,-0.00010,1.000
1,8.875,0.00,-0.0001,-0.00010,1.000
1,8.938,0.00,-0.0001,-0.00010,1.000
1,9.000,-0.01,-0.0001,-0.00010,1.000
2,9.312,-0.01,0.0660,0.06600,2.000
2,9.375,-0.01,0.1284,0.12845,2.000
2,9.438,-0.02,0.1913,0.19133,2.000
2,9.500,-0.01,0.2537,0.25370,2.000
2,9.562,-0.01,0.3163,0.31627,2.000
2,9.625,-0.01,0.3787,0.37870,2.000
2,9.688,-0.02,0.4412,0.44118,2.000
2,9.750,-0.04,0.5037,0.50370,2.000
2,9.812,-0.02,0.5661,0.56610,2.000
2,9.875,-0.01,0.6287,0.62870,2.000
2,9.938,-0.01,0.6912,0.69120,2.000
2,10.000,-0.01,0.7538,0.75380,2.000
2,10.062,-0.01,0.8161,0.81615,2.000
2,10.125,-0.02,0.8787,0.87875,2.000
2,10.188,-0.02,0.9413,0.94128,2.000
2,10.250,-0.01,1.0037,1.00370,2.000
2,10.312,-0.01,1.0663,1.06632,2.000
2,10.375,-0.01,1.1287,1.12875,2.000
2,10.438,-0.02,1.1915,1.19145,2.000
2,10.500,-0.02,1.2538,1.25380,2.000
2,10.562,-0.01,1.3163,1.31635,2.000
2,10.625,-0.02,1.3787,1.37870,2.000
2,10.688,-0.02,1.4413,1.44125,2.000
2,10.750,-0.01,1.5037,1.50370,2.000
2,10.812,-0.01,1.5662,1.56625,2.000
2,10.875,-0.01,1.6288,1.62880,2.000
2,10.938,-0.01,1.6913,1.69128,2.000
2,11.000,-0.01,1.7539,1.75390,2.000
2,11.062,-0.01,1.8163,1.81630,2.000
2,11.125,-0.01,1.8788,1.87885,2.000
2,11.188,0.00,1.9413,1.94130,2.000
2,11.250,0.02,2.0037,2.00370,2.000
2,11.312,0.03,2.0663,2.06630,2.000
2,11.375,0.04,2.1287,2.12875,2.000
2,11.438,0.06,2.1914,2.19135,2.000
2,11.500,0.08,2.2538,2.25380,2.000
2,11.562,0.12,2.3164,2.31640,2.000
2,11.625,0.17,2.3788,2.37880,2.000
2,11.688,0.22,2.4414,2.44140,2.000
2,11.750,0.30,2.5037,2.50370,2.000
2,11.812,0.40,2.5662,2.56622,2.000
2,11.875,0.52,2.6288,2.62880,2.000
2,11.938,0.66,2.6913,2.69133,2.000
2,12.000,0.83,2.7539,2.75390,2.000
2,12.188,0.98,2.7970,2.79700,2.000
2,12.250,0.75,2.7346,2.73460,2.000
2,12.312,0.57,2.6722,2.67215,2.000
2,12.375,0.43,2.6095,2.60950,2.000
2,12.438,0.32,2.5470,2.54700,2.000
2,12.500,0.22,2.4845,2.48450,2.000
2,12.562,0.16,2.4221,2.42208,2.000
2,12.625,0.11,2.3597,2.35965,2.000
2,12.688,0.08,2.2969,2.29695,2.000
2,12.750,0.04,2.2346,2.23460,2.000
2,12.812,0.04,2.1720,2.17195,2.000
2,12.875,0.01,2.1096,2.10960,2.000
2,12.938,0.01,2.0469,2.04695,2.000
2,13.000,-0.01,1.9846,1.98460,2.000
2,13.062,-0.01,1.9220,1.92200,2.000
2,13.125,-0.01,1.8595,1.85950,2.000
2,13.188,-0.01,1.7970,1.79702,2.000
2,13.250,-0.01,1.7344,1.73440,2.000
2,13.312,-0.01,1.6720,1.67203,2.000
2,13.375,-0.01,1.6094,1.60940,2.000
2,13.438,-0.01,1.5471,1.54707,2.000
2,13.500,-0.01,1.4845,1.48450,2.000
2,13.562,-0.01,1.4220,1.42203,2.000
2,13.625,-0.02,1.3594,1.35940,2.000
2,13.688,-0.01,1.2969,1.29695,2.000
2,13.750,0.00,1.2346,1.23460,2.000
2,13.812,-0.02,1.1720,1.17200,2.000
2,13.875,-0.02,1.1096,1.10960,2.000
2,13.938,-0.01,1.0470,1.04697,2.000
2,14.000,-0.02,0.9845,0.98450,2.000
2,14.062,-0.02,0.9220,0.92200,2.000
2,14.125,-0.02,0.8595,0.85945,2.000
2,14.188,-0.01,0.7969,0.79690,2.000
2,14.250,-0.02,0.7343,0.73430,2.000
2,14.312,-0.01,0.6719,0.67193,2.000
2,14.375,-0.02,0.6092,0.60920,2.000
2,14.438,-0.02,0.5469,0.54692,2.000
2,14.500,-0.01,0.4843,0.48430,2.000
2,14.562,-0.01,0.4220,0.42195,2.000
2,14.625,-0.01,0.3594,0.35935,2.000
2,14.688,-0.01,0.2969,0.29692,2.000
2,14.750,-0.01,0.2345,0.23450,2.000
2,14.812,-0.01,0.1718,0.17175,2.000
2,14.875,-0.01,0.1094,0.10935,2.000
2,14.938,-0.02,0.0467,0.04667,2.000
2,15.000,-0.02,-0.0156,-0.01560,2.000
2,15.062,-0.01,-0.0372,-0.03723,2.000
2,15.125,-0.02,-0.0001,-0.00005,2.000
2,15.188,-0.01,-0.0002,-0.00020,2.000
2,15.250,-0.02,-0.0002,-0.00020,2.000
2,15.312,-0.01,-0.0002,-0.00020,2.000
2,15.375,-0.01,-0.0002,-0.00020,2.000
2,15.438,-0.01,-0.0002,-0.00020,2.000
2,15.500,-0.02,-0.0002,-0.00020,2.000
2,15.562,-0.01,-0.0002,-0.00020,2.000
2,15.625,-0.01,-0.0002,-0.00020,2.000
2,15.688,-0.02,-0.0002,-0.00020,2.000
2,15.750,-0.01,-0.0002,-0.00020,2.000
2,15.812,-0.01,-0.0002,-0.00020,2.000
2,15.875,-0.01,-0.0002,-0.00020,2.000
2,15.938,-0.02,-0.0002,-0.00020,2.000
2,16.000,-0.02,-0.0002,-0.00020,2.000
2,16.062,-0.01,-0.0002,-0.00020,2.000
2,16.125,-0.01,-0.0002,-0.00020,2.000
2,16.188,-0.01,-0.0002,-0.00020,2.000
2,16.250,-0.01,-0.0002,-0.00020,2.000
2,16.312,-0.01,-0.0002,-0.00020,2.000
2,16.375,-0.01,-0.0002,-0.00020,2.000
2,16.438,-0.02,-0.0002,-0.00020,2.000
2,16.500,-0.01,-0.0002,-0.00020,2.000
2,16.562,-0.01,-0.0002,-0.00020,2.000
2,16.625,-0.01,-0.0002,-0.00020,2.000
2,16.688,-0.02,-0.0002,-0.00020,2.000
2,16.750,-0.01,-0.0002,-0.00020,2.000
2,16.812,-0.01,-0.0002,-0.00020,2.000
2,16.875,-0.01,-0.0002,-0.00020,2.000
2,16.938,-0.01,-0.0002,-0.00020,2.000
2,17.000,-0.01,-0.0002,-0.00020,2.000
2,17.062,-0.01,-0.0002,-0.00020,2.000
2,17.125,-0.01,-0.0002,-0.00020,2.000
2,17.188,-0.02,-0.0002,-0.00020,2.000
2,17.250,-0.01,-0.0002,-0.00020,2.000
2,17.312,-0.01,-0.0002,-0.00020,2.000
2,17.375,-0.01,-0.0002,-0.00020,2.000
2,17.438,-0.01,-0.0002,-0.00020,2.000
2,17.500,-0.01,-0.0002,-0.00020,2.000
2,17.562,-0.02,-0.0002,-0.00020,2.000
2,17.625,-0.01,-0.0002,-0.00020,2.000
2,17.688,-0.01,-0.0002,-0.00020,2.000
2,17.750,-0.01,-0.0002,-0.00020,2.000
2,17.812,-0.01,-0.0002,-0.00020,2.000
2,17.875,-0.01,-0.0002,-0.00020,2.000
2,17.938,-0.01,-0.0002,-0.00020,2.000
2,18.000,-0.02,-0.0002,-0.00020,2.000
3,18.312,0.00,0.0610,0.06095,3.000
3,18.375,0.00,0.1235,0.12350,3.000
3,18.438,0.00,0.1862,0.18620,3.000
3,18.500,0.01,0.2486,0.24860,3.000
3,18.562,0.00,0.3112,0.31123,3.000
3,18.625,0.00,0.3737,0.37365,3.000
3,18.688,0.00,0.4363,0.43627,3.000
3,18.750,0.00,0.4987,0.49870,3.000
3,18.812,-0.01,0.5612,0.56123,3.000
3,18.875,0.01,0.6237,0.62370,3.000
3,18.938,0.00,0.6861,0.68615,3.000
3,19.000,0.00,0.7488,0.74880,3.000
3,19.062,0.01,0.8112,0.81120,3.000
3,19.125,0.00,0.8738,0.87375,3.000
3,19.188,0.00,0.9362,0.93625,3.000
3,19.250,0.00,0.9989,0.99890,3.000
3,19.312,0.00,1.0613,1.06125,3.000
3,19.375,0.00,1.1238,1.12375,3.000
3,19.438,0.00,1.1864,1.18637,3.000
3,19.500,0.00,1.2487,1.24870,3.000
3,19.562,0.00,1.3113,1.31133,3.000
3,19.625,0.00,1.3737,1.37370,3.000
3,19.688,0.00,1.4364,1.43637,3.000
3,19.750,0.00,1.4988,1.49880,3.000
3,19.812,0.00,1.5613,1.56133,3.000
3,19.875,0.00,1.6238,1.62380,3.000
3,19.938,0.00,1.6862,1.68625,3.000
3,20.000,0.00,1.7487,1.74870,3.000
3,20.062,0.00,1.8112,1.81123,3.000
3,20.125,0.01,1.8738,1.87385,3.000
3,20.188,0.01,1.9363,1.93627,3.000
3,20.250,0.03,1.9989,1.99890,3.000
3,20.312,0.05,2.0612,2.06120,3.000
3,20.375,0.06,2.1238,2.12380,3.000
3,20.438,0.08,2.1862,2.18622,3.000
3,20.500,0.11,2.2487,2.24870,3.000
3,20.562,0.13,2.3113,2.31133,3.000
3,20.625,0.18,2.3738,2.37380,3.000
3,20.688,0.23,2.4364,2.43645,3.000
3,20.750,0.30,2.4987,2.49870,3.000
3,20.812,0.40,2.5613,2.56130,3.000
3,20.875,0.53,2.6238,2.62380,3.000
3,20.938,0.66,2.6864,2.68640,3.000
3,21.000,0.83,2.7490,2.74900,3.000
3,21.062,1.02,2.8113,2.81130,3.000
3,21.188,1.14,2.8319,2.83188,3.000
3,21.250,0.88,2.7696,2.76960,3.000
3,21.312,0.67,2.7071,2.70715,3.000
3,21.375,0.51,2.6446,2.64455,3.000
3,21.438,0.39,2.5819,2.58193,3.000
3,21.500,0.28,2.5195,2.51950,3.000
3,21.562,0.18,2.4570,2.45702,3.000
3,21.625,0.14,2.3946,2.39465,3.000
3,21.688,0.10,2.3320,2.33198,3.000
3,21.750,0.07,2.2696,2.26960,3.000
3,21.812,0.05,2.2069,2.20692,3.000
3,21.875,0.04,2.1445,2.14450,3.000
3,21.938,0.03,2.0820,2.08200,3.000
3,22.000,0.02,2.0195,2.01950,3.000
3,22.062,0.01,1.9571,1.95707,3.000
3,22.125,0.01,1.8945,1.89445,3.000
3,22.188,-0.01,1.8320,1.83203,3.000
3,22.250,0.01,1.7694,1.76940,3.000
3,22.312,0.01,1.7070,1.70705,3.000
3,22.375,0.00,1.6444,1.64445,3.000
3,22.438,0.01,1.5820,1.58195,3.000
3,22.500,0.00,1.5195,1.51950,3.000
3,22.562,0.01,1.4569,1.45695,3.000
3,22.625,0.01,1.3944,1.39445,3.000
3,22.688,0.00,1.3319,1.33190,3.000
3,22.750,0.01,1.2696,1.26960,3.000
3,22.812,0.01,1.2069,1.20692,3.000
3,22.875,0.01,1.1445,1.14450,3.000
3,22.938,0.00,1.0819,1.08190,3.000
3,23.000,0.00,1.0195,1.01950,3.000
3,23.062,0.00,0.9569,0.95695,3.000
3,23.125,0.00,0.8944,0.89435,3.000
3,23.188,0.01,0.8319,0.83193,3.000
3,23.250,0.00,0.7693,0.76930,3.000
3,23.312,0.01,0.7069,0.70690,3.000
3,23.375,0.00,0.6444,0.64435,3.000
3,23.438,0.00,0.5819,0.58190,3.000
3,23.500,0.01,0.5194,0.51940,3.000
3,23.562,0.00,0.4568,0.45685,3.000
3,23.625,0.00,0.3944,0.39440,3.000
3,23.688,-0.01,0.3318,0.33183,3.000
3,23.750,0.01,0.2695,0.26950,3.000
3,23.812,0.01,0.2068,0.20685,3.000
3,23.875,0.00,0.1444,0.14440,3.000
3,23.938,0.00,0.0817,0.08168,3.000
3,24.000,0.01,0.0192,0.01920,3.000
3,24.125,0.01,-0.0242,-0.02425,3.000
3,24.188,0.00,-0.0002,-0.00023,3.000
3,24.250,-0.01,-0.0002,-0.00020,3.000
3,24.312,0.00,-0.0002,-0.00020,3.000
3,24.375,0.00,-0.0002,-0.00020,3.000
3,24.438,-0.01,-0.0002,-0.00020,3.000
3,24.500,0.00,-0.0002,-0.00020,3.000
3,24.562,0.00,-0.0002,-0.00020,3.000
3,24.625,0.00,-0.0002,-0.00020,3.000
3,24.688,0.01,-0.0002,-0.00020,3.000
3,24.750,0.01,-0.0002,-0.00020,3.000
3,24.812,0.01,-0.0002,-0.00020,3.000
3,24.875,0.00,-0.0002,-0.00020,3.000
3,24.938,0.01,-0.0002,-0.00020,3.000
3,25.000,0.00,-0.0002,-0.00020,3.000
3,25.062,0.00,-0.0002,-0.00020,3.000
3,25.125,0.00,-0.0002,-0.00020,3.000
3,25.188,0.00,-0.0002,-0.00020,3.000
3,25.250,0.00,-0.0002,-0.00020,3.000
3,25.312,0.00,-0.0002,-0.00020,3.000
3,25.375,0.00,-0.0002,-0.00020,3.000
3,25.438,0.00,-0.0002,-0.00020,3.000
3,25.500,0.01,-0.0002,-0.00020,3.000
3,25.562,0.00,-0.0002,-0.00020,3.000
3,25.625,0.00,-0.0002,-0.00020,3.000
3,25.688,0.01,-0.0002,-0.00020,3.000
3,25.750,0.00,-0.0002,-0.00020,3.000
3,25.812,0.00,-0.0002,-0.00020,3.000
3,25.875,0.00,-0.0002,-0.00020,3.000
3,25.938,0.00,-0.0002,-0.00020,3.000
3,26.000,0.00,-0.0002,-0.00020,3.000
3,26.062,0.00,-0.0002,-0.00020,3.000
3,26.125,0.00,-0.0002,-0.00020,3.000
3,26.188,0.00,-0.0002,-0.00020,3.000
3,26.250,0.00,-0.0002,-0.00020,3.000
3,26.312,0.00,-0.0002,-0.00020,3.000
3,26.375,0.00,-0.0002,-0.00020,3.000
3,26.438,0.00,-0.0002,-0.00020,3.000
3,26.500,0.00,-0.0002,-0.00020,3.000
3,26.562,0.01,-0.0002,-0.00020,3.000
3,26.625,0.01,-0.0002,-0.00020,3.000
3,26.688,0.00,-0.0002,-0.00020,3.000
3,26.750,0.01,-0.0002,-0.00020,3.000
3,26.812,-0.01,-0.0002,-0.00020,3.000
3,26.875,0.00,-0.0002,-0.00020,3.000
3,26.938,-0.01,-0.0002,-0.00020,3.000
3,27.000,0.01,-0.0002,-0.00020,3.000
3,27.062,0.01,-0.0002,-0.00020,3.000
4,27.375,-0.01,0.0725,0.07250,4.000
4,27.438,-0.01,0.1350,0.13500,4.000
4,27.500,0.00,0.1979,0.19790,4.000
4,27.562,-0.01,0.2603,0.26030,4.000
4,27.625,-0.01,0.3227,0.32275,4.000
4,27.688,-0.01,0.3852,0.38520,4.000
4,27.750,-0.01,0.4476,0.44760,4.000
4,27.812,-0.01,0.5103,0.51030,4.000
4,27.875,-0.01,0.5726,0.57265,4.000
4,27.938,-0.01,0.6352,0.63522,4.000
4,28.000,-0.01,0.6977,0.69770,4.000
4,28.062,-0.01,0.7602,0.76025,4.000
4,28.125,-0.01,0.8227,0.82270,4.000
4,28.188,-0.01,0.8852,0.88522,4.000
4,28.250,-0.01,0.9478,0.94780,4.000
4,28.312,-0.01,1.0102,1.01020,4.000
4,28.375,-0.01,1.0729,1.07285,4.000
4,28.438,-0.01,1.1353,1.13527,4.000
4,28.500,-0.01,1.1979,1.19790,4.000
4,28.562,-0.01,1.2602,1.26025,4.000
4,28.625,-0.01,1.3228,1.32280,4.000
4,28.688,-0.01,1.3852,1.38520,4.000
4,28.750,-0.01,1.4478,1.44780,4.000
4,28.812,-0.01,1.5103,1.51030,4.000
4,28.875,-0.01,1.5727,1.57270,4.000
4,28.938,-0.01,1.6353,1.63530,4.000
4,29.000,0.00,1.6977,1.69770,4.000
4,29.062,-0.01,1.7603,1.76035,4.000
4,29.125,-0.01,1.8228,1.82280,4.000
4,29.188,0.00,1.8852,1.88525,4.000
4,29.250,0.01,1.9479,1.94790,4.000
4,29.312,0.02,2.0102,2.01020,4.000
4,29.375,0.04,2.0728,2.07280,4.000
4,29.438,0.05,2.1353,2.13527,4.000
4,29.500,0.07,2.1979,2.19790,4.000
4,29.562,0.10,2.2602,2.26020,4.000
4,29.625,0.13,2.3228,2.32285,4.000
4,29.688,0.17,2.3853,2.38535,4.000
4,29.750,0.24,2.4478,2.44780,4.000
4,29.812,0.31,2.5103,2.51032,4.000
4,29.875,0.42,2.5728,2.57275,4.000
4,29.938,0.54,2.6354,2.63537,4.000
4,30.000,0.68,2.6978,2.69780,4.000
4,30.062,0.85,2.7604,2.76042,4.000
4,30.125,1.04,2.8228,2.82280,4.000
4,30.250,1.15,2.8383,2.83830,4.000
4,30.312,0.88,2.7760,2.77603,4.000
4,30.375,0.68,2.7137,2.71365,4.000
4,30.438,0.52,2.6510,2.65100,4.000
4,30.500,0.38,2.5886,2.58860,4.000
4,30.562,0.28,2.5260,2.52603,4.000
4,30.625,0.20,2.4635,2.46355,4.000
4,30.688,0.14,2.4011,2.40108,4.000
4,30.750,0.09,2.3384,2.33840,4.000
4,30.812,0.06,2.2761,2.27610,4.000
4,30.875,0.04,2.2134,2.21345,4.000
4,30.938,0.02,2.1510,2.15103,4.000
4,31.000,0.01,2.0885,2.08850,4.000
4,31.062,0.01,2.0260,2.02598,4.000
4,31.125,0.00,1.9634,1.96345,4.000
4,31.188,-0.01,1.9009,1.90093,4.000
4,31.250,-0.01,1.8386,1.83860,4.000
4,31.312,-0.01,1.7760,1.77598,4.000
4,31.375,-0.01,1.7135,1.71350,4.000
4,31.438,-0.01,1.6509,1.65090,4.000
4,31.500,-0.01,1.5885,1.58850,4.000
4,31.562,-0.01,1.5260,1.52600,4.000
4,31.625,-0.01,1.4635,1.46350,4.000
4,31.688,-0.01,1.4010,1.40095,4.000
4,31.750,-0.01,1.3383,1.33830,4.000
4,31.812,-0.01,1.2760,1.27603,4.000
4,31.875,-0.01,1.2135,1.21350,4.000
4,31.938,-0.01,1.1511,1.15110,4.000
4,32.000,-0.01,1.0884,1.08840,4.000
4,32.062,-0.01,1.0260,1.02600,4.000
4,32.125,-0.01,0.9634,0.96345,4.000
4,32.188,-0.01,0.9010,0.90100,4.000
4,32.250,-0.01,0.8385,0.83850,4.000
4,32.312,-0.01,0.7759,0.77588,4.000
4,32.375,-0.01,0.7134,0.71345,4.000
4,32.438,-0.01,0.6508,0.65080,4.000
4,32.500,-0.01,0.5885,0.58850,4.000
4,32.562,-0.01,0.5258,0.52575,4.000
4,32.625,-0.01,0.4634,0.46345,4.000
4,32.688,0.00,0.4008,0.40085,4.000
4,32.750,0.00,0.3385,0.33850,4.000
4,32.812,-0.01,0.2760,0.27595,4.000
4,32.875,0.00,0.2134,0.21340,4.000
4,32.938,-0.02,0.1509,0.15090,4.000
4,33.000,-0.02,0.0880,0.08800,4.000
4,33.062,-0.01,0.0257,0.02573,4.000
4,33.188,-0.01,-0.0426,-0.04262,4.000
4,33.250,-0.02,0.0010,0.00100,4.000
4,33.312,-0.01,-0.0002,-0.00020,4.000
4,33.375,-0.01,-0.0002,-0.00020,4.000
4,33.438,0.00,-0.0002,-0.00020,4.000
4,33.500,0.00,-0.0002,-0.00020,4.000
4,33.562,-0.01,-0.0002,-0.00020,4.000
4,33.625,-0.01,-0.0002,-0.00020,4.000
4,33.688,-0.01,-0.0002,-0.00020,4.000
4,33.750,0.00,-0.0002,-0.00020,4.000
4,33.812,0.00,-0.0002,-0.00020,4.000
4,33.875,-0.01,-0.0002,-0.00020,4.000
4,33.938,-0.01,-0.0002,-0.00020,4.000
4,34.000,-0.01,-0.0002,-0.00020,4.000
4,34.062,-0.01,-0.0002,-0.00020,4.000
4,34.125,-0.01,-0.0002,-0.00020,4.000
4,34.188,-0.01,-0.0002,-0.00020,4.000
4,34.250,-0.01,-0.0002,-0.00020,4.000
4,34.312,0.00,-0.0002,-0.00020,4.000
4,34.375,-0.01,-0.0002,-0.00020,4.000
4,34.438,-0.01,-0.0002,-0.00020,4.000
4,34.500,-0.01,-0.0002,-0.00020,4.000
4,34.562,0.00,-0.0002,-0.00020,4.000
4,34.625,-0.01,-0.0002,-0.00020,4.000
4,34.688,-0.01,-0.0002,-0.00020,4.000
4,34.750,-0.01,-0.0002,-0.00020,4.000
4,34.812,-0.01,-0.0002,-0.00020,4.000
4,34.875,-0.01,-0.0002,-0.00020,4.000
4,34.938,-0.01,-0.0002,-0.00020,4.000
4,35.000,-0.01,-0.0002,-0.00020,4.000
4,35.062,-0.01,-0.0002,-0.00020,4.000
4,35.125,-0.01,-0.0002,-0.00020,4.000
4,35.188,0.00,-0.0002,-0.00020,4.000
4,35.250,0.00,-0.0002,-0.00020,4.000
4,35.312,0.00,-0.0002,-0.00020,4.000
4,35.375,0.00,-0.0002,-0.00020,4.000
4,35.438,-0.01,-0.0002,-0.00020,4.000
4,35.500,-0.01,-0.0002,-0.00020,4.000
4,35.562,-0.02,-0.0001,-0.00010,4.000
4,35.625,-0.01,-0.0001,-0.00010,4.000
4,35.688,-0.01,-0.0001,-0.00010,4.000
4,35.750,0.00,-0.0001,-0.00010,4.000
4,35.812,-0.01,-0.0001,-0.00010,4.000
4,35.875,-0.01,-0.0001,-0.00010,4.000
4,35.938,-0.01,-0.0001,-0.00010,4.000
4,36.000,0.00,-0.0001,-0.00010,4.000
4,36.062,-0.02,-0.0001,-0.00010,4.000
4,36.125,-0.01,-0.0001,-0.00010,4.000
5,36.500,-0.01,0.0835,0.08360,5.000
5,36.562,0.00,0.1460,0.14615,5.000
5,36.625,-0.01,0.2087,0.20880,5.000
5,36.688,-0.01,0.2714,0.27145,5.000
5,36.750,-0.01,0.3337,0.33380,5.000
5,36.812,-0.01,0.3962,0.39630,5.000
5,36.875,0.00,0.4587,0.45880,5.000
5,36.938,0.00,0.5212,0.52125,5.000
5,37.000,0.00,0.5836,0.58370,5.000
5,37.062,-0.01,0.6461,0.64622,5.000
5,37.125,-0.01,0.7088,0.70885,5.000
5,37.188,0.00,0.7711,0.77115,5.000
5,37.250,0.00,0.8339,0.83400,5.000
5,37.312,-0.01,0.8961,0.89625,5.000
5,37.375,0.00,0.9588,0.95890,5.000
5,37.438,-0.01,1.0213,1.02138,5.000
5,37.500,0.00,1.0838,1.08390,5.000
5,37.562,0.00,1.1463,1.14640,5.000
5,37.625,0.00,1.2088,1.20890,5.000
5,37.688,-0.02,1.2714,1.27148,5.000
5,37.750,0.00,1.3337,1.33380,5.000
5,37.812,-0.01,1.3962,1.39632,5.000
5,37.875,-0.01,1.4587,1.45880,5.000
5,37.938,0.00,1.5213,1.52138,5.000
5,38.000,-0.01,1.5838,1.58390,5.000
5,38.062,0.00,1.6462,1.64627,5.000
5,38.125,-0.01,1.7088,1.70890,5.000
5,38.188,0.00,1.7712,1.77125,5.000
5,38.250,-0.01,1.8338,1.83390,5.000
5,38.312,0.00,1.8962,1.89627,5.000
5,38.375,0.01,1.9589,1.95895,5.000
5,38.438,0.02,2.0212,2.02130,5.000
5,38.500,0.04,2.0838,2.08390,5.000
5,38.562,0.05,2.1463,2.14640,5.000
5,38.625,0.07,2.2087,2.20880,5.000
5,38.688,0.10,2.2714,2.27145,5.000
5,38.750,0.13,2.3337,2.33380,5.000
5,38.812,0.19,2.3964,2.39647,5.000
5,38.875,0.26,2.4588,2.45890,5.000
5,38.938,0.33,2.5213,2.52140,5.000
5,39.000,0.43,2.5838,2.58390,5.000
5,39.062,0.56,2.6463,2.64640,5.000
5,39.125,0.71,2.7089,2.70900,5.000
5,39.188,0.88,2.7714,2.77145,5.000
5,39.312,1.16,2.8400,2.84010,5.000
5,39.375,0.92,2.7795,2.77960,5.000
5,39.438,0.69,2.7171,2.71722,5.000
5,39.500,0.53,2.6545,2.65460,5.000
5,39.562,0.40,2.5921,2.59215,5.000
5,39.625,0.29,2.5295,2.52955,5.000
5,39.688,0.20,2.4671,2.46717,5.000
5,39.750,0.14,2.4045,2.40460,5.000
5,39.812,0.10,2.3420,2.34208,5.000
5,39.875,0.07,2.2795,2.27960,5.000
5,39.938,0.05,2.2169,2.21702,5.000
5,40.000,0.03,2.1546,2.15470,5.000
5,40.062,0.02,2.0919,2.09198,5.000
5,40.125,0.01,2.0295,2.02960,5.000
5,40.188,0.00,1.9669,1.96700,5.000
5,40.250,-0.01,1.9044,1.90450,5.000
5,40.312,-0.01,1.8420,1.84213,5.000
5,40.375,-0.01,1.7795,1.77955,5.000
5,40.438,0.00,1.7170,1.71715,5.000
5,40.500,0.00,1.6544,1.65450,5.000
5,40.562,-0.01,1.5921,1.59218,5.000
5,40.625,0.00,1.5294,1.52955,5.000
5,40.688,0.00,1.4669,1.46705,5.000
5,40.750,0.00,1.4044,1.40450,5.000
5,40.812,-0.02,1.3420,1.34205,5.000
5,40.875,-0.01,1.2795,1.27960,5.000
5,40.938,0.00,1.2169,1.21705,5.000
5,41.000,-0.01,1.1546,1.15470,5.000
5,41.062,0.00,1.0919,1.09195,5.000
5,41.125,0.00,1.0296,1.02965,5.000
5,41.188,-0.01,0.9669,0.96702,5.000
5,41.250,0.00,0.9045,0.90460,5.000
5,41.312,-0.01,0.8419,0.84203,5.000
5,41.375,-0.01,0.7794,0.77945,5.000
5,41.438,-0.01,0.7169,0.71700,5.000
5,41.500,0.00,0.6542,0.65430,5.000
5,41.562,-0.01,0.5919,0.59198,5.000
5,41.625,-0.01,0.5293,0.52940,5.000
5,41.688,-0.01,0.4670,0.46710,5.000
5,41.750,-0.01,0.4043,0.40440,5.000
5,41.812,0.00,0.3419,0.34198,5.000
5,41.875,0.00,0.2794,0.27955,5.000
5,41.938,0.00,0.2169,0.21705,5.000
5,42.000,-0.01,0.1543,0.15440,5.000
5,42.062,0.00,0.0916,0.09173,5.000
5,42.125,0.00,0.0292,0.02935,5.000
5,42.250,0.00,-0.0280,-0.02790,5.000
5,42.312,0.00,-0.0003,-0.00018,5.000
5,42.375,0.00,-0.0002,-0.00010,5.000
5,42.438,-0.01,-0.0002,-0.00010,5.000
5,42.500,0.00,-0.0002,-0.00010,5.000
5,42.562,0.00,-0.0002,-0.00010,5.000
5,42.625,-0.01,-0.0002,-0.00010,5.000
5,42.688,-0.01,-0.0002,-0.00010,5.000
5,42.750,-0.01,-0.0002,-0.00010,5.000
5,42.812,-0.01,-0.0002,-0.00010,5.000
5,42.875,-0.01,-0.0002,-0.00010,5.000
5,42.938,-0.01,-0.0002,-0.00010,5.000
5,43.000,0.00,-0.0002,-0.00010,5.000
5,43.062,-0.02,-0.0002,-0.00010,5.000
5,43.125,-0.01,-0.0002,-0.00010,5.000
5,43.188,-0.01,-0.0002,-0.00010,5.000
5,43.250,0.00,-0.0002,-0.00010,5.000
5,43.312,0.00,-0.0002,-0.00010,5.000
5,43.375,-0.02,-0.0002,-0.00010,5.000
5,43.438,-0.01,-0.0002,-0.00010,5.000
5,43.500,0.00,-0.0002,-0.00010,5.000
5,43.562,0.00,-0.0002,-0.00010,5.000
5,43.625,0.00,-0.0002,-0.00010,5.000
5,43.688,-0.01,-0.0002,-0.00010,5.000
5,43.750,0.00,-0.0002,-0.00010,5.000
5,43.812,-0.01,-0.0002,-0.00010,5.000
5,43.875,-0.01,-0.0002,-0.00010,5.000
5,43.938,0.00,-0.0002,-0.00010,5.000
5,44.000,-0.01,-0.0002,-0.00010,5.000
5,44.062,0.00,-0.0002,-0.00010,5.000
5,44.125,-0.01,-0.0002,-0.00010,5.000
5,44.188,-0.01,-0.0002,-0.00010,5.000
5,44.250,-0.01,-0.0002,-0.00010,5.000
5,44.312,-0.01,-0.0002,-0.00010,5.000
5,44.375,-0.01,-0.0002,-0.00010,5.000
5,44.438,0.00,-0.0002,-0.00010,5.000
5,44.500,-0.02,-0.0002,-0.00010,5.000
5,44.562,0.00,-0.0002,-0.00010,5.000
5,44.625,-0.01,-0.0002,-0.00010,5.000
5,44.688,0.00,-0.0002,-0.00010,5.000
5,44.750,0.00,-0.0002,-0.00010,5.000
5,44.812,-0.01,-0.0002,-0.00010,5.000
5,44.875,0.00,-0.0002,-0.00010,5.000
5,44.938,0.00,-0.0002,-0.00010,5.000
5,45.000,0.00,-0.0002,-0.00010,5.000
5,45.062,0.00,-0.0002,-0.00010,5.000
5,45.125,0.00,-0.0002,-0.00005,5.000
5,45.188,0.00,-0.0001,0.00000,5.000
5,45.250,0.00,-0.0001,0.00000,5.000
6,45.562,0.02,0.0859,0.08600,6.000
6,45.625,0.01,0.1486,0.14875,6.000
6,45.688,0.02,0.2112,0.21130,6.000
6,45.750,0.02,0.2737,0.27380,6.000
6,45.812,0.01,0.3362,0.33632,6.000
6,45.875,0.01,0.3988,0.39885,6.000
6,45.938,0.02,0.4612,0.46130,6.000
6,46.000,0.02,0.5237,0.52380,6.000
6,46.062,0.02,0.5861,0.58625,6.000
6,46.125,0.02,0.6487,0.64875,6.000
6,46.188,0.01,0.7112,0.71133,6.000
6,46.250,0.00,0.7737,0.77380,6.000
6,46.312,0.01,0.8363,0.83637,6.000
6,46.375,0.02,0.8987,0.89880,6.000
6,46.438,0.02,0.9613,0.96140,6.000
6,46.500,0.02,1.0237,1.02380,6.000
6,46.562,0.01,1.0862,1.08632,6.000
6,46.625,0.02,1.1488,1.14890,6.000
6,46.688,0.02,1.2112,1.21128,6.000
6,46.750,0.00,1.2739,1.27400,6.000
6,46.812,0.02,1.3361,1.33625,6.000
6,46.875,0.02,1.3988,1.39885,6.000
6,46.938,0.01,1.4613,1.46135,6.000
6,47.000,0.02,1.5238,1.52390,6.000
6,47.062,0.02,1.5863,1.58640,6.000
6,47.125,0.02,1.6488,1.64885,6.000
6,47.188,0.03,1.7113,1.71140,6.000
6,47.250,0.01,1.7736,1.77370,6.000
6,47.312,0.02,1.8363,1.83642,6.000
6,47.375,0.03,1.8987,1.89880,6.000
6,47.438,0.04,1.9613,1.96140,6.000
6,47.500,0.06,2.0238,2.02390,6.000
6,47.562,0.06,2.0862,2.08630,6.000
6,47.625,0.09,2.1488,2.14890,6.000
6,47.688,0.11,2.2112,2.21128,6.000
6,47.750,0.13,2.2739,2.27400,6.000
6,47.812,0.17,2.3363,2.33637,6.000
6,47.875,0.22,2.3989,2.39900,6.000
6,47.938,0.27,2.4613,2.46140,6.000
6,48.000,0.36,2.5239,2.52400,6.000
6,48.062,0.46,2.5862,2.58632,6.000
6,48.125,0.59,2.6487,2.64885,6.000
6,48.188,0.73,2.7115,2.71158,6.000
6,48.250,0.91,2.7738,2.77390,6.000
6,48.375,1.12,2.8194,2.81945,6.000
6,48.438,0.86,2.7572,2.75732,6.000
6,48.500,0.67,2.6945,2.69460,6.000
6,48.562,0.50,2.6321,2.63218,6.000
6,48.625,0.38,2.5695,2.56960,6.000
6,48.688,0.28,2.5071,2.50717,6.000
6,48.750,0.20,2.4447,2.44480,6.000
6,48.812,0.15,2.3820,2.38208,6.000
6,48.875,0.11,2.3196,2.31965,6.000
6,48.938,0.09,2.2570,2.25710,6.000
6,49.000,0.06,2.1946,2.19470,6.000
6,49.062,0.04,2.1320,2.13205,6.000
6,49.125,0.03,2.0695,2.06960,6.000
6,49.188,0.03,2.0070,2.00707,6.000
6,49.250,0.02,1.9445,1.94460,6.000
6,49.312,0.02,1.8820,1.88213,6.000
6,49.375,0.02,1.8195,1.81960,6.000
6,49.438,0.02,1.7570,1.75715,6.000
6,49.500,0.02,1.6943,1.69440,6.000
6,49.562,0.02,1.6321,1.63215,6.000
6,49.625,0.02,1.5694,1.56950,6.000
6,49.688,0.02,1.5070,1.50712,6.000
6,49.750,0.02,1.4444,1.44450,6.000
6,49.812,0.01,1.3820,1.38205,6.000
6,49.875,0.01,1.3195,1.31960,6.000
6,49.938,0.02,1.2569,1.25697,6.000
6,50.000,0.02,1.1946,1.19470,6.000
6,50.062,0.02,1.1319,1.13200,6.000
6,50.125,0.02,1.0695,1.06960,6.000
6,50.188,0.02,1.0069,1.00705,6.000
6,50.250,0.02,0.9445,0.94460,6.000
6,50.312,0.02,0.8820,0.88213,6.000
6,50.375,0.02,0.8194,0.81945,6.000
6,50.438,0.03,0.7570,0.75707,6.000
6,50.500,0.02,0.6943,0.69440,6.000
6,50.562,0.02,0.6320,0.63205,6.000
6,50.625,0.02,0.5693,0.56935,6.000
6,50.688,0.02,0.5069,0.50702,6.000
6,50.750,0.02,0.4444,0.44450,6.000
6,50.812,0.02,0.3819,0.38198,6.000
6,50.875,0.02,0.3194,0.31950,6.000
6,50.938,0.01,0.2569,0.25702,6.000
6,51.000,0.00,0.1945,0.19460,6.000
6,51.062,0.02,0.1317,0.13180,6.000
6,51.125,0.01,0.0693,0.06935,6.000
6,51.188,0.02,0.0068,0.00687,6.000
6,51.312,0.02,-0.0235,-0.02343,6.000
6,51.375,0.02,-0.0003,-0.00020,6.000
6,51.438,0.01,-0.0002,-0.00010,6.000
6,51.500,0.01,-0.0002,-0.00010,6.000
6,51.562,0.02,-0.0002,-0.00010,6.000
6,51.625,0.01,-0.0002,-0.00010,6.000
6,51.688,0.01,-0.0002,-0.00010,6.000
6,51.750,0.01,-0.0002,-0.00010,6.000
6,51.812,0.02,-0.0002,-0.00010,6.000
6,51.875,0.02,-0.0002,-0.00010,6.000
6,51.938,0.01,-0.0002,-0.00010,6.000
6,52.000,0.02,-0.0002,-0.00010,6.000
6,52.062,0.01,-0.0002,-0.00010,6.000
6,52.125,0.01,-0.0002,-0.00010,6.000
6,52.188,0.01,-0.0002,-0.00010,6.000
6,52.250,0.01,-0.0002,-0.00010,6.000
6,52.312,0.01,-0.0002,-0.00010,6.000
6,52.375,0.01,-0.0002,-0.00010,6.000
6,52.438,0.02,-0.0002,-0.00010,6.000
6,52.500,0.02,-0.0002,-0.00010,6.000
6,52.562,0.01,-0.0002,-0.00010,6.000
6,52.625,0.01,-0.0002,-0.00010,6.000
6,52.688,0.01,-0.0002,-0.00010,6.000
6,52.750,0.02,-0.0002,-0.00010,6.000
6,52.812,0.01,-0.0002,-0.00010,6.000
6,52.875,0.01,-0.0002,-0.00010,6.000
6,52.938,0.01,-0.0002,-0.00010,6.000
6,53.000,0.01,-0.0002,-0.00010,6.000
6,53.062,0.02,-0.0002,-0.00010,6.000
6,53.125,0.01,-0.0002,-0.00010,6.000
6,53.188,0.02,-0.0002,-0.00010,6.000
6,53.250,0.02,-0.0002,-0.00010,6.000
6,53.312,0.02,-0.0002,-0.00010,6.000
6,53.375,0.01,-0.0002,-0.00010,6.000
6,53.438,0.01,-0.0002,-0.00010,6.000
6,53.500,0.01,-0.0002,-0.00010,6.000
6,53.562,0.02,-0.0002,-0.00010,6.000
6,53.625,0.01,-0.0002,-0.00010,6.000
6,53.688,0.01,-0.0002,-0.00010,6.000
6,53.750,0.02,-0.0002,-0.00010,6.000
6,53.812,0.02,-0.0002,-0.00010,6.000
6,53.875,0.02,-0.0002,-0.00010,6.000
6,53.938,0.01,-0.0002,-0.00010,6.000
6,54.000,0.02,-0.0002,-0.00010,6.000
6,54.062,0.02,-0.0002,-0.00010,6.000
6,54.125,0.02,-0.0002,-0.00010,6.000
6,54.188,0.01,-0.0002,-0.00010,6.000
6,54.250,0.01,-0.0002,-0.00010,6.000
7,54.562,-0.01,0.0809,0.08095,7.000
7,54.625,-0.01,0.1436,0.14360,7.000
7,54.688,-0.01,0.2062,0.20620,7.000
7,54.750,-0.01,0.2688,0.26880,7.000
7,54.812,-0.01,0.3312,0.33120,7.000
7,54.875,-0.01,0.3937,0.39375,7.000
7,54.938,-0.02,0.4562,0.45618,7.000
7,55.000,-0.01,0.5188,0.51880,7.000
7,55.062,-0.01,0.5811,0.58107,7.000
7,55.125,-0.01,0.6436,0.64365,7.000
7,55.188,-0.01,0.7063,0.70625,7.000
7,55.250,-0.01,0.7688,0.76880,7.000
7,55.312,-0.01,0.8313,0.83132,7.000
7,55.375,-0.01,0.8937,0.89370,7.000
7,55.438,-0.01,0.9563,0.95630,7.000
7,55.500,-0.02,1.0188,1.01880,7.000
7,55.562,-0.02,1.0813,1.08130,7.000
7,55.625,-0.01,1.1438,1.14385,7.000
7,55.688,-0.01,1.2064,1.20635,7.000
7,55.750,-0.01,1.2688,1.26880,7.000
7,55.812,-0.01,1.3312,1.33122,7.000
7,55.875,-0.01,1.3938,1.39380,7.000
7,55.938,-0.02,1.4562,1.45620,7.000
7,56.000,-0.02,1.5189,1.51890,7.000
7,56.062,-0.01,1.5812,1.58122,7.000
7,56.125,-0.01,1.6438,1.64380,7.000
7,56.188,-0.01,1.7063,1.70628,7.000
7,56.250,-0.01,1.7687,1.76870,7.000
7,56.312,-0.01,1.8313,1.83132,7.000
7,56.375,-0.01,1.8937,1.89375,7.000
7,56.438,0.01,1.9564,1.95640,7.000
7,56.500,0.02,2.0187,2.01870,7.000
7,56.562,0.04,2.0813,2.08127,7.000
7,56.625,0.05,2.1437,2.14370,7.000
7,56.688,0.08,2.2063,2.20625,7.000
7,56.750,0.10,2.2687,2.26870,7.000
7,56.812,0.14,2.3313,2.33127,7.000
7,56.875,0.18,2.3939,2.39390,7.000
7,56.938,0.24,2.4563,2.45630,7.000
7,57.000,0.32,2.5189,2.51890,7.000
7,57.062,0.43,2.5811,2.58115,7.000
7,57.125,0.55,2.6438,2.64385,7.000
7,57.188,0.70,2.7064,2.70638,7.000
7,57.250,0.87,2.7690,2.76900,7.000
7,57.375,1.19,2.8491,2.84910,7.000
7,57.438,0.96,2.7921,2.79207,7.000
7,57.500,0.74,2.7296,2.72960,7.000
7,57.562,0.55,2.6671,2.66705,7.000
7,57.625,0.42,2.6045,2.60450,7.000
7,57.688,0.30,2.5419,2.54192,7.000
7,57.750,0.22,2.4797,2.47970,7.000
7,57.812,0.15,2.4171,2.41708,7.000
7,57.875,0.10,2.3546,2.35460,7.000
7,57.938,0.07,2.2920,2.29197,7.000
7,58.000,0.04,2.2295,2.22950,7.000
7,58.062,0.03,2.1670,2.16700,7.000
7,58.125,0.02,2.1045,2.10445,7.000
7,58.188,0.01,2.0419,2.04190,7.000
7,58.250,0.00,1.9795,1.97950,7.000
7,58.312,-0.01,1.9171,1.91708,7.000
7,58.375,-0.01,1.8545,1.85445,7.000
7,58.438,-0.01,1.7921,1.79210,7.000
7,58.500,0.00,1.7294,1.72940,7.000
7,58.562,-0.02,1.6671,1.66705,7.000
7,58.625,-0.01,1.6045,1.60445,7.000
7,58.688,-0.01,1.5419,1.54195,7.000
7,58.750,-0.01,1.4795,1.47950,7.000
7,58.812,-0.01,1.4168,1.41683,7.000
7,58.875,-0.01,1.3545,1.35445,7.000
7,58.938,-0.01,1.2919,1.29190,7.000
7,59.000,-0.01,1.2296,1.22960,7.000
7,59.062,-0.01,1.1670,1.16695,7.000
7,59.125,-0.01,1.1045,1.10445,7.000
7,59.188,-0.01,1.0420,1.04205,7.000
7,59.250,-0.01,0.9795,0.97950,7.000
7,59.312,-0.01,0.9170,0.91700,7.000
7,59.375,-0.01,0.8544,0.85440,7.000
7,59.438,-0.01,0.7920,0.79200,7.000
7,59.500,-0.01,0.7293,0.72930,7.000
7,59.562,-0.01,0.6670,0.66695,7.000
7,59.625,-0.01,0.6044,0.60435,7.000
7,59.688,-0.01,0.5418,0.54185,7.000
7,59.750,-0.02,0.4794,0.47940,7.000
7,59.812,-0.01,0.4168,0.41680,7.000
7,59.875,-0.01,0.3544,0.35440,7.000
7,59.938,-0.02,0.2919,0.29190,7.000
7,60.000,0.00,0.2296,0.22960,7.000
7,60.062,0.00,0.1669,0.16688,7.000
7,60.125,-0.01,0.1043,0.10425,7.000
7,60.188,-0.01,0.0417,0.04175,7.000
7,60.312,-0.01,-0.0268,-0.02683,7.000
7,60.375,-0.01,-0.0003,-0.00030,7.000
7,60.438,-0.01,-0.0002,-0.00020,7.000
7,60.500,-0.02,-0.0002,-0.00020,7.000
7,60.562,-0.02,-0.0002,-0.00020,7.000
7,60.625,0.00,-0.0002,-0.00020,7.000
7,60.688,-0.01,-0.0002,-0.00020,7.000
7,60.750,-0.01,-0.0002,-0.00020,7.000
7,60.812,-0.01,-0.0002,-0.00020,7.000
7,60.875,-0.01,-0.0002,-0.00020,7.000
7,60.938,-0.02,-0.0002,-0.00020,7.000
7,61.000,-0.01,-0.0002,-0.00020,7.000
7,61.062,-0.01,-0.0002,-0.00020,7.000
7,61.125,-0.01,-0.0002,-0.00020,7.000
7,61.188,-0.01,-0.0002,-0.00020,7.000
7,61.250,-0.01,-0.0002,-0.00020,7.000
7,61.312,-0.02,-0.0002,-0.00020,7.000
7,61.375,-0.01,-0.0002,-0.00020,7.000
7,61.438,-0.01,-0.0002,-0.00020,7.000
7,61.500,-0.01,-0.0002,-0.00020,7.000
7,61.562,-0.01,-0.0002,-0.00020,7.000
7,61.625,-0.01,-0.0002,-0.00020,7.000
7,61.688,-0.01,-0.0002,-0.00020,7.000
7,61.750,-0.01,-0.0002,-0.00020,7.000
7,61.812,-0.01,-0.0002,-0.00020,7.000
7,61.875,-0.01,-0.0002,-0.00020,7.000
7,61.938,-0.01,-0.0002,-0.00020,7.000
7,62.000,-0.01,-0.0002,-0.00020,7.000
7,62.062,-0.01,-0.0002,-0.00020,7.000
7,62.125,-0.01,-0.0002,-0.00020,7.000
7,62.188,-0.01,-0.0002,-0.00020,7.000
7,62.250,-0.02,-0.0002,-0.00020,7.000
7,62.312,-0.02,-0.0002,-0.00020,7.000
7,62.375,-0.01,-0.0002,-0.00020,7.000
7,62.438,-0.01,-0.0001,-0.00010,7.000
7,62.500,-0.01,-0.0001,-0.00010,7.000
7,62.562,0.00,-0.0001,-0.00010,7.000
7,62.625,-0.02,-0.0001,-0.00010,7.000
7,62.688,-0.02,-0.0001,-0.00010,7.000
7,62.750,-0.01,-0.0001,-0.00010,7.000
7,62.812,-0.01,-0.0001,-0.00010,7.000
7,62.875,-0.01,-0.0001,-0.00010,7.000
7,62.938,-0.01,-0.0001,-0.00010,7.000
7,63.000,-0.01,-0.0001,-0.00010,7.000
7,63.062,-0.01,-0.0001,-0.00010,7.000
7,63.125,-0.01,-0.0001,-0.00010,7.000
7,63.188,-0.01,-0.0001,-0.00010,7.000
7,63.250,-0.01,-0.0001,-0.00010,7.000
8,63.500,-0.01,0.0000,0.00000,8.000
8,63.562,-0.01,0.0260,0.02600,8.000
8,63.625,-0.01,0.0884,0.08840,8.000
8,63.688,0.00,0.1511,0.15115,8.000
8,63.750,0.00,0.2135,0.21350,8.000
8,63.812,0.00,0.2763,0.27627,8.000
8,63.875,0.00,0.3386,0.33865,8.000
8,63.938,0.00,0.4012,0.40122,8.000
8,64.000,0.00,0.4637,0.46370,8.000
8,64.062,0.01,0.5261,0.52615,8.000
8,64.125,-0.02,0.5888,0.58875,8.000
8,64.188,0.00,0.6511,0.65105,8.000
8,64.250,0.00,0.7137,0.71370,8.000
8,64.312,0.00,0.7760,0.77605,8.000
8,64.375,0.00,0.8388,0.83880,8.000
8,64.438,0.00,0.9012,0.90118,8.000
8,64.500,0.00,0.9638,0.96380,8.000
8,64.562,0.00,1.0263,1.02630,8.000
8,64.625,-0.01,1.0887,1.08870,8.000
8,64.688,-0.01,1.1514,1.15135,8.000
8,64.750,0.00,1.2137,1.21370,8.000
8,64.812,0.01,1.2764,1.27637,8.000
8,64.875,0.00,1.3386,1.33865,8.000
8,64.938,0.00,1.4012,1.40123,8.000
8,65.000,0.00,1.4637,1.46370,8.000
8,65.062,0.00,1.5262,1.52625,8.000
8,65.125,-0.01,1.5888,1.58875,8.000
8,65.188,0.00,1.6512,1.65118,8.000
8,65.250,0.00,1.7137,1.71370,8.000
8,65.312,-0.01,1.7761,1.77615,8.000
8,65.375,0.00,1.8388,1.83880,8.000
8,65.438,0.01,1.9012,1.90120,8.000
8,65.500,0.02,1.9638,1.96380,8.000
8,65.562,0.03,2.0263,2.02627,8.000
8,65.625,0.04,2.0887,2.08870,8.000
8,65.688,0.06,2.1513,2.15132,8.000
8,65.750,0.08,2.2138,2.21380,8.000
8,65.812,0.11,2.2762,2.27625,8.000
8,65.875,0.14,2.3388,2.33875,8.000
8,65.938,0.20,2.4014,2.40145,8.000
8,66.000,0.25,2.4638,2.46380,8.000
8,66.062,0.34,2.5263,2.52627,8.000
8,66.125,0.45,2.5887,2.58870,8.000
8,66.188,0.58,2.6513,2.65130,8.000
8,66.250,0.72,2.7138,2.71380,8.000
8,66.312,0.91,2.7763,2.77630,8.000
8,66.438,1.20,2.8530,2.85295,8.000
8,66.500,0.97,2.7946,2.79460,8.000
8,66.562,0.75,2.7321,2.73213,8.000
8,66.625,0.57,2.6696,2.66955,8.000
8,66.688,0.43,2.6069,2.60692,8.000
8,66.750,0.31,2.5444,2.54440,8.000
8,66.812,0.23,2.4821,2.48210,8.000
8,66.875,0.16,2.4196,2.41955,8.000
8,66.938,0.10,2.3571,2.35710,8.000
8,67.000,0.08,2.2944,2.29440,8.000
8,67.062,0.05,2.2320,2.23200,8.000
8,67.125,0.04,2.1695,2.16950,8.000
8,67.188,0.03,2.1070,2.10702,8.000
8,67.250,0.01,2.0445,2.04450,8.000
8,67.312,0.01,1.9819,1.98190,8.000
8,67.375,0.01,1.9195,1.91950,8.000
8,67.438,-0.01,1.8569,1.85692,8.000
8,67.500,-0.01,1.7946,1.79460,8.000
8,67.562,0.00,1.7319,1.73188,8.000
8,67.625,-0.01,1.6694,1.66945,8.000
8,67.688,0.00,1.6070,1.60698,8.000
8,67.750,0.00,1.5445,1.54450,8.000
8,67.812,-0.01,1.4820,1.48195,8.000
8,67.875,0.00,1.4194,1.41935,8.000
8,67.938,0.00,1.3569,1.35692,8.000
8,68.000,-0.01,1.2944,1.29440,8.000
8,68.062,0.00,1.2320,1.23203,8.000
8,68.125,0.00,1.1694,1.16940,8.000
8,68.188,0.00,1.1069,1.10692,8.000
8,68.250,0.00,1.0445,1.04450,8.000
8,68.312,0.01,0.9820,0.98198,8.000
8,68.375,-0.01,0.9195,0.91945,8.000
8,68.438,0.00,0.8569,0.85685,8.000
8,68.500,0.00,0.7945,0.79450,8.000
8,68.562,-0.01,0.7318,0.73183,8.000
8,68.625,-0.01,0.6694,0.66940,8.000
8,68.688,-0.01,0.6068,0.60680,8.000
8,68.750,0.00,0.5445,0.54450,8.000
8,68.812,-0.01,0.4819,0.48190,8.000
8,68.875,0.00,0.4194,0.41935,8.000
8,68.938,0.00,0.3569,0.35690,8.000
8,69.000,-0.02,0.2944,0.29440,8.000
8,69.062,0.00,0.2321,0.23208,8.000
8,69.125,-0.01,0.1694,0.16935,8.000
8,69.188,-0.01,0.1067,0.10672,8.000
8,69.250,0.00,0.0442,0.04420,8.000
8,69.438,-0.01,-0.0039,-0.00390,8.000
8,69.500,0.00,-0.0002,-0.00020,8.000
8,69.562,-0.01,-0.0002,-0.00020,8.000
8,69.625,0.00,-0.0002,-0.00020,8.000
8,69.688,0.00,-0.0002,-0.00020,8.000
8,69.750,0.00,-0.0002,-0.00020,8.000
8,69.812,0.00,-0.0002,-0.00020,8.000
8,69.875,0.00,-0.0002,-0.00020,8.000
8,69.938,0.00,-0.0002,-0.00020,8.000
8,70.000,-0.01,-0.0002,-0.00020,8.000
8,70.062,0.00,-0.0002,-0.00020,8.000
8,70.125,-0.01,-0.0002,-0.00020,8.000
8,70.188,-0.01,-0.0002,-0.00020,8.000
8,70.250,0.00,-0.0002,-0.00020,8.000
8,70.312,-0.01,-0.0002,-0.00020,8.000
8,70.375,0.00,-0.0002,-0.00020,8.000
8,70.438,0.00,-0.0002,-0.00020,8.000
8,70.500,0.00,-0.0002,-0.00020,8.000
8,70.562,-0.01,-0.0002,-0.00020,8.000
8,70.625,0.00,-0.0002,-0.00020,8.000
8,70.688,-0.01,-0.0002,-0.00020,8.000
8,70.750,-0.02,-0.0002,-0.00020,8.000
8,70.812,-0.01,-0.0002,-0.00020,8.000
8,70.875,0.00,-0.0002,-0.00020,8.000
8,70.938,0.00,-0.0002,-0.00020,8.000
8,71.000,-0.01,-0.0002,-0.00020,8.000
8,71.062,-0.01,-0.0002,-0.00020,8.000
8,71.125,-0.01,-0.0002,-0.00020,8.000
8,71.188,0.00,-0.0002,-0.00020,8.000
8,71.250,-0.02,-0.0002,-0.00020,8.000
8,71.312,0.00,-0.0002,-0.00020,8.000
8,71.375,0.00,-0.0002,-0.00020,8.000
8,71.438,-0.01,-0.0002,-0.00020,8.000
8,71.500,0.00,-0.0002,-0.00020,8.000
8,71.562,-0.01,-0.0002,-0.00020,8.000
8,71.625,0.00,-0.0002,-0.00020,8.000
8,71.688,-0.01,-0.0002,-0.00020,8.000
8,71.750,-0.01,-0.0002,-0.00020,8.000
8,71.812,0.00,-0.0002,-0.00020,8.000
8,71.875,-0.01,-0.0002,-0.00020,8.000
8,71.938,0.00,-0.0002,-0.00020,8.000
8,72.000,0.00,-0.0002,-0.00020,8.000
8,72.062,0.00,-0.0002,-0.00020,8.000
8,72.125,-0.01,-0.0002,-0.00020,8.000
8,72.188,0.00,-0.0001,-0.00010,8.000
8,72.250,-0.01,-0.0001,-0.00010,8.000
8,72.312,0.00,-0.0001,-0.00010,8.000
8,72.375,-0.01,-0.0001,-0.00010,8.000
9,72.625,0.01,0.0286,0.02855,9.000
9,72.688,0.00,0.0909,0.09090,9.000
9,72.750,0.00,0.1536,0.15360,9.000
9,72.812,-0.01,0.2161,0.21615,9.000
9,72.875,0.00,0.2788,0.27880,9.000
9,72.938,0.00,0.3412,0.34125,9.000
9,73.000,0.01,0.4038,0.40380,9.000
9,73.062,0.00,0.4662,0.46620,9.000
9,73.125,0.00,0.5286,0.52860,9.000
9,73.188,0.01,0.5913,0.59125,9.000
9,73.250,0.00,0.6536,0.65360,9.000
9,73.312,0.01,0.7162,0.71622,9.000
9,73.375,0.00,0.7786,0.77865,9.000
9,73.438,0.00,0.8414,0.84135,9.000
9,73.500,0.00,0.9037,0.90370,9.000
9,73.562,0.00,0.9663,0.96627,9.000
9,73.625,0.00,1.0288,1.02880,9.000
9,73.688,-0.01,1.0912,1.09122,9.000
9,73.750,0.00,1.1538,1.15380,9.000
9,73.812,0.00,1.2163,1.21627,9.000
9,73.875,0.00,1.2788,1.27885,9.000
9,73.938,0.00,1.3412,1.34120,9.000
9,74.000,-0.01,1.4038,1.40380,9.000
9,74.062,0.00,1.4663,1.46627,9.000
9,74.125,0.00,1.5287,1.52870,9.000
9,74.188,0.00,1.5912,1.59120,9.000
9,74.250,0.00,1.6536,1.65360,9.000
9,74.312,0.00,1.7162,1.71625,9.000
9,74.375,0.01,1.7787,1.77870,9.000
9,74.438,0.01,1.8413,1.84132,9.000
9,74.500,0.01,1.9038,1.90380,9.000
9,74.562,0.02,1.9662,1.96625,9.000
9,74.625,0.04,2.0287,2.02870,9.000
9,74.688,0.05,2.0912,2.09117,9.000
9,74.750,0.07,2.1538,2.15380,9.000
9,74.812,0.09,2.2162,2.21617,9.000
9,74.875,0.11,2.2789,2.27885,9.000
9,74.938,0.15,2.3413,2.34128,9.000
9,75.000,0.20,2.4040,2.40400,9.000
9,75.062,0.26,2.4663,2.46630,9.000
9,75.125,0.35,2.5288,2.52880,9.000
9,75.188,0.45,2.5912,2.59120,9.000
9,75.250,0.59,2.6538,2.65380,9.000
9,75.312,0.74,2.7165,2.71650,9.000
9,75.375,0.92,2.7788,2.77885,9.000
9,75.500,1.21,2.8518,2.85180,9.000
9,75.562,0.97,2.7921,2.79208,9.000
9,75.625,0.75,2.7297,2.72965,9.000
9,75.688,0.57,2.6670,2.66705,9.000
9,75.750,0.41,2.6045,2.60450,9.000
9,75.812,0.32,2.5420,2.54198,9.000
9,75.875,0.23,2.4796,2.47960,9.000
9,75.938,0.17,2.4171,2.41708,9.000
9,76.000,0.12,2.3546,2.35460,9.000
9,76.062,0.08,2.2920,2.29200,9.000
9,76.125,0.06,2.2295,2.22955,9.000
9,76.188,0.04,2.1670,2.16705,9.000
9,76.250,0.03,2.1044,2.10440,9.000
9,76.312,0.02,2.0420,2.04195,9.000
9,76.375,0.02,1.9794,1.97940,9.000
9,76.438,0.01,1.9170,1.91703,9.000
9,76.500,0.00,1.8544,1.85440,9.000
9,76.562,0.00,1.7921,1.79205,9.000
9,76.625,0.00,1.7294,1.72940,9.000
9,76.688,0.00,1.6670,1.66700,9.000
9,76.750,0.00,1.6044,1.60440,9.000
9,76.812,0.00,1.5419,1.54190,9.000
9,76.875,0.00,1.4795,1.47950,9.000
9,76.938,0.00,1.4169,1.41688,9.000
9,77.000,0.00,1.3545,1.35450,9.000
9,77.062,0.00,1.2920,1.29198,9.000
9,77.125,0.00,1.2296,1.22955,9.000
9,77.188,0.00,1.1671,1.16705,9.000
9,77.250,0.00,1.1045,1.10450,9.000
9,77.312,0.00,1.0420,1.04203,9.000
9,77.375,0.00,0.9794,0.97940,9.000
9,77.438,0.00,0.9170,0.91700,9.000
9,77.500,0.00,0.8544,0.85440,9.000
9,77.562,0.00,0.7921,0.79205,9.000
9,77.625,0.00,0.7294,0.72935,9.000
9,77.688,0.00,0.6668,0.66685,9.000
9,77.750,0.00,0.6044,0.60440,9.000
9,77.812,0.00,0.5418,0.54178,9.000
9,77.875,0.00,0.4794,0.47940,9.000
9,77.938,0.00,0.4168,0.41678,9.000
9,78.000,0.00,0.3545,0.35450,9.000
9,78.062,0.00,0.2919,0.29185,9.000
9,78.125,0.00,0.2295,0.22950,9.000
9,78.188,0.00,0.1669,0.16685,9.000
9,78.250,0.00,0.1042,0.10420,9.000
9,78.312,0.00,0.0417,0.04170,9.000
9,78.500,-0.01,-0.0028,-0.00280,9.000
9,78.562,0.00,-0.0001,-0.00012,9.000
9,78.625,0.01,-0.0002,-0.00020,9.000
9,78.688,0.00,-0.0001,-0.00010,9.000
9,78.750,0.01,-0.0001,-0.00010,9.000
9,78.812,0.00,-0.0001,-0.00010,9.000
9,78.875,0.01,-0.0001,-0.00010,9.000
9,78.938,0.01,-0.0001,-0.00010,9.000
9,79.000,0.00,-0.0001,-0.00010,9.000
9,79.062,0.00,-0.0001,-0.00010,9.000
9,79.125,0.00,-0.0001,-0.00010,9.000
9,79.188,0.00,-0.0001,-0.00010,9.000
9,79.250,0.01,-0.0001,-0.00010,9.000
9,79.312,0.00,-0.0001,-0.00010,9.000
9,79.375,0.00,-0.0001,-0.00010,9.000
9,79.438,0.00,-0.0001,-0.00010,9.000
9,79.500,-0.01,-0.0001,-0.00010,9.000
9,79.562,0.00,-0.0001,-0.00010,9.000
9,79.625,-0.01,-0.0001,-0.00010,9.000
9,79.688,0.00,-0.0001,-0.00010,9.000
9,79.750,0.00,-0.0001,-0.00010,9.000
9,79.812,0.01,-0.0001,-0.00010,9.000
9,79.875,0.00,-0.0001,-0.00010,9.000
9,79.938,0.00,-0.0001,-0.00010,9.000
9,80.000,0.00,-0.0001,-0.00010,9.000
9,80.062,0.00,-0.0001,-0.00010,9.000
9,80.125,0.00,-0.0001,-0.00010,9.000
9,80.188,0.00,-0.0001,-0.00010,9.000
9,80.250,0.00,-0.0001,-0.00010,9.000
9,80.312,0.00,-0.0001,-0.00010,9.000
9,80.375,0.00,-0.0001,-0.00010,9.000
9,80.438,0.00,-0.0001,-0.00010,9.000
9,80.500,0.00,-0.0001,-0.00010,9.000
9,80.562,0.00,-0.0001,-0.00010,9.000
9,80.625,0.00,-0.0001,-0.00010,9.000
9,80.688,0.00,-0.0001,-0.00010,9.000
9,80.750,0.01,-0.0001,-0.00010,9.000
9,80.812,0.00,-0.0001,-0.00010,9.000
9,80.875,0.00,-0.0001,-0.00010,9.000
9,80.938,0.01,-0.0001,-0.00010,9.000
9,81.000,-0.01,-0.0001,-0.00010,9.000
9,81.062,0.00,-0.0001,-0.00010,9.000
9,81.125,0.00,-0.0001,-0.00010,9.000
9,81.188,0.01,-0.0001,-0.00010,9.000
9,81.250,0.00,-0.0001,-0.00010,9.000
9,81.312,0.01,-0.0001,-0.00010,9.000
9,81.375,0.00,-0.0001,-0.00010,9.000
9,81.438,0.00,-0.0001,-0.00010,9.000
10,81.750,-0.01,0.0984,0.09840,10.000
10,81.812,-0.01,0.1611,0.16115,10.000
10,81.875,-0.01,0.2238,0.22375,10.000
10,81.938,-0.01,0.2862,0.28615,10.000
10,82.000,0.00,0.3487,0.34870,10.000
10,82.062,-0.01,0.4111,0.41112,10.000
10,82.125,-0.01,0.4737,0.47370,10.000
10,82.188,-0.01,0.5361,0.53610,10.000
10,82.250,-0.01,0.5988,0.59880,10.000
10,82.312,0.00,0.6611,0.66112,10.000
10,82.375,0.00,0.7236,0.72365,10.000
10,82.438,-0.01,0.7862,0.78618,10.000
10,82.500,-0.02,0.8486,0.84860,10.000
10,82.562,0.00,0.9112,0.91120,10.000
10,82.625,-0.01,0.9737,0.97370,10.000
10,82.688,-0.01,1.0362,1.03622,10.000
10,82.750,0.00,1.0986,1.09860,10.000
10,82.812,0.00,1.1613,1.16135,10.000
10,82.875,0.00,1.2238,1.22375,10.000
10,82.938,-0.01,1.2863,1.28630,10.000
10,83.000,0.00,1.3488,1.34880,10.000
10,83.062,0.00,1.4111,1.41110,10.000
10,83.125,0.00,1.4738,1.47375,10.000
10,83.188,-0.01,1.5361,1.53612,10.000
10,83.250,0.00,1.5987,1.59870,10.000
10,83.312,0.00,1.6611,1.66115,10.000
10,83.375,-0.01,1.7237,1.72370,10.000
10,83.438,0.00,1.7862,1.78620,10.000
10,83.500,0.00,1.8487,1.84870,10.000
10,83.562,0.00,1.9113,1.91130,10.000
10,83.625,0.02,1.9737,1.97370,10.000
10,83.688,0.03,2.0362,2.03622,10.000
10,83.750,0.03,2.0986,2.09860,10.000
10,83.812,0.06,2.1613,2.16135,10.000
10,83.875,0.08,2.2236,2.22365,10.000
10,83.938,0.11,2.2863,2.28628,10.000
10,84.000,0.16,2.3487,2.34870,10.000
10,84.062,0.19,2.4113,2.41130,10.000
10,84.125,0.27,2.4738,2.47380,10.000
10,84.188,0.36,2.5362,2.53620,10.000
10,84.250,0.47,2.5988,2.59880,10.000
10,84.312,0.60,2.6612,2.66122,10.000
10,84.375,0.75,2.7239,2.72390,10.000
10,84.438,0.93,2.7862,2.78625,10.000
10,84.562,1.16,2.8369,2.83685,10.000
10,84.625,0.90,2.7745,2.77450,10.000
10,84.688,0.68,2.7121,2.71210,10.000
10,84.750,0.52,2.6496,2.64960,10.000
10,84.812,0.39,2.5870,2.58695,10.000
10,84.875,0.29,2.5245,2.52450,10.000
10,84.938,0.20,2.4620,2.46202,10.000
10,85.000,0.15,2.3997,2.39970,10.000
10,85.062,0.10,2.3369,2.33693,10.000
10,85.125,0.06,2.2746,2.27455,10.000
10,85.188,0.04,2.2120,2.21198,10.000
10,85.250,0.04,2.1496,2.14960,10.000
10,85.312,0.03,2.0870,2.08698,10.000
10,85.375,0.01,2.0244,2.02440,10.000
10,85.438,0.00,1.9620,1.96198,10.000
10,85.500,0.00,1.8993,1.89930,10.000
10,85.562,0.00,1.8370,1.83703,10.000
10,85.625,-0.01,1.7744,1.77445,10.000
10,85.688,0.00,1.7120,1.71200,10.000
10,85.750,-0.02,1.6495,1.64950,10.000
10,85.812,0.00,1.5870,1.58695,10.000
10,85.875,0.00,1.5244,1.52445,10.000
10,85.938,0.00,1.4618,1.46185,10.000
10,86.000,-0.01,1.3994,1.39940,10.000
10,86.062,-0.01,1.3368,1.33683,10.000
10,86.125,-0.01,1.2746,1.27455,10.000
10,86.188,0.00,1.2120,1.21198,10.000
10,86.250,0.00,1.1495,1.14950,10.000
10,86.312,0.00,1.0870,1.08698,10.000
10,86.375,-0.01,1.0245,1.02445,10.000
10,86.438,0.00,0.9620,0.96198,10.000
10,86.500,0.00,0.8993,0.89930,10.000
10,86.562,-0.01,0.8369,0.83693,10.000
10,86.625,0.00,0.7743,0.77430,10.000
10,86.688,-0.01,0.7119,0.71192,10.000
10,86.750,-0.01,0.6493,0.64930,10.000
10,86.812,0.00,0.5869,0.58685,10.000
10,86.875,-0.01,0.5244,0.52435,10.000
10,86.938,-0.01,0.4618,0.46175,10.000
10,87.000,-0.01,0.3994,0.39940,10.000
10,87.062,0.00,0.3367,0.33673,10.000
10,87.125,-0.01,0.2745,0.27450,10.000
10,87.188,-0.01,0.2119,0.21188,10.000
10,87.250,-0.01,0.1495,0.14950,10.000
10,87.312,0.00,0.0867,0.08670,10.000
10,87.375,-0.01,0.0242,0.02420,10.000
10,87.500,0.00,-0.0312,-0.03120,10.000
10,87.562,-0.01,-0.0004,-0.00038,10.000
10,87.625,-0.01,-0.0002,-0.00020,10.000
10,87.688,0.00,-0.0002,-0.00020,10.000
10,87.750,-0.01,-0.0002,-0.00020,10.000
10,87.812,-0.01,-0.0002,-0.00020,10.000
10,87.875,-0.01,-0.0002,-0.00020,10.000
10,87.938,-0.02,-0.0002,-0.00020,10.000
10,88.000,0.00,-0.0002,-0.00020,10.000
10,88.062,-0.01,-0.0002,-0.00020,10.000
10,88.125,0.00,-0.0002,-0.00020,10.000
10,88.188,-0.01,-0.0002,-0.00020,10.000
10,88.250,-0.02,-0.0002,-0.00020,10.000
10,88.312,-0.01,-0.0002,-0.00020,10.000
10,88.375,-0.01,-0.0002,-0.00020,10.000
10,88.438,-0.01,-0.0002,-0.00020,10.000
10,88.500,-0.01,-0.0002,-0.00020,10.000
10,88.562,0.00,-0.0002,-0.00020,10.000
10,88.625,-0.01,-0.0002,-0.00020,10.000
10,88.688,0.00,-0.0002,-0.00020,10.000
10,88.750,-0.01,-0.0002,-0.00020,10.000
10,88.812,-0.01,-0.0002,-0.00020,10.000
10,88.875,-0.01,-0.0002,-0.00020,10.000
10,88.938,-0.01,-0.0002,-0.00020,10.000
10,89.000,0.00,-0.0002,-0.00020,10.000
10,89.062,0.00,-0.0002,-0.00020,10.000
10,89.125,-0.01,-0.0002,-0.00020,10.000
10,89.188,-0.01,-0.0002,-0.00020,10.000
10,89.250,0.00,-0.0002,-0.00020,10.000
10,89.312,-0.01,-0.0002,-0.00020,10.000
10,89.375,-0.01,-0.0002,-0.00020,10.000
10,89.438,-0.01,-0.0002,-0.00020,10.000
10,89.500,0.00,-0.0002,-0.00020,10.000
10,89.562,-0.01,-0.0002,-0.00020,10.000
10,89.625,0.00,-0.0002,-0.00020,10.000
10,89.688,0.00,-0.0002,-0.00020,10.000
10,89.750,-0.01,-0.0002,-0.00020,10.000
10,89.812,0.00,-0.0001,-0.00010,10.000
10,89.875,-0.01,-0.0001,-0.00010,10.000
10,89.938,-0.01,-0.0001,-0.00010,10.000
10,90.000,0.00,-0.0001,-0.00010,10.000
10,90.062,-0.01,-0.0001,-0.00010,10.000
10,90.125,0.00,-0.0001,-0.00010,10.000
10,90.188,-0.01,-0.0001,-0.00010,10.000
10,90.250,0.00,-0.0001,-0.00010,10.000
10,90.312,0.00,-0.0001,-0.00010,10.000
10,90.375,-0.01,-0.0001,-0.00010,10.000
10,90.438,0.00,-0.0001,-0.00010,10.000
10,90.500,0.00,-0.0001,-0.00010,10.000


