""
"Test Method","Radhen_Load_Cntrl_Cmprsn_250N_12-7.msm"
"Sample I. D.","Sample1.mss"
"Specimen Number","18"

"TheCycle_Output ()","_Time (s)","_Load (N)","_Extension (mm)","RealTimeDepth (mm)","CycleNumber ()"

1,0.312,0.00,0.0941,0.09408,1.000
1,0.375,0.00,0.1566,0.15660,1.000
1,0.438,0.01,0.2193,0.21932,1.000
1,0.500,0.00,0.2818,0.28180,1.000
1,0.562,0.01,0.3442,0.34425,1.000
1,0.625,0.01,0.4068,0.40680,1.000
1,0.688,0.00,0.4692,0.46920,1.000
1,0.750,0.00,0.5319,0.53190,1.000
1,0.812,0.01,0.5942,0.59418,1.000
1,0.875,0.00,0.6568,0.65680,1.000
1,0.938,0.01,0.7192,0.71920,1.000
1,1.000,0.01,0.7818,0.78180,1.000
1,1.062,0.00,0.8443,0.84432,1.000
1,1.125,0.00,0.9068,0.90675,1.000
1,1.188,0.01,0.9694,0.96940,1.000
1,1.250,0.01,1.0317,1.03170,1.000
1,1.312,0.01,1.0943,1.09432,1.000
1,1.375,0.00,1.1568,1.15680,1.000
1,1.438,0.01,1.2194,1.21942,1.000
1,1.500,0.00,1.2819,1.28190,1.000
1,1.562,0.01,1.3444,1.34435,1.000
1,1.625,0.00,1.4068,1.40680,1.000
1,1.688,0.00,1.4693,1.46930,1.000
1,1.750,0.01,1.5318,1.53180,1.000
1,1.812,0.00,1.5942,1.59415,1.000
1,1.875,0.01,1.6569,1.65690,1.000
1,1.938,0.00,1.7193,1.71928,1.000
1,2.000,0.00,1.7820,1.78200,1.000
1,2.062,0.00,1.8444,1.84440,1.000
1,2.125,0.01,1.9069,1.90690,1.000
1,2.188,0.03,1.9694,1.96937,1.000
1,2.250,0.04,2.0317,2.03170,1.000
1,2.312,0.05,2.0944,2.09440,1.000
1,2.375,0.07,2.1567,2.15675,1.000
1,2.438,0.09,2.2194,2.21938,1.000
1,2.500,0.12,2.2818,2.28180,1.000
1,2.562,0.16,2.3444,2.34442,1.000
1,2.625,0.21,2.4069,2.40690,1.000
1,2.688,0.27,2.4693,2.46932,1.000
1,2.750,0.36,2.5319,2.53190,1.000
1,2.812,0.47,2.5942,2.59422,1.000
1,2.875,0.59,2.6570,2.65695,1.000
1,2.938,0.75,2.7194,2.71940,1.000
1,3.000,0.93,2.7821,2.78210,1.000
1,3.062,1.14,2.8443,2.84432,1.000
1,3.125,1.37,2.9069,2.90690,1.000
1,3.188,1.63,2.9694,2.96940,1.000
1,3.250,1.92,3.0318,3.03180,1.000
1,3.312,2.25,3.0944,3.09442,1.000
1,3.375,2.61,3.1569,3.15685,1.000
1,3.438,3.01,3.2194,3.21942,1.000
1,3.500,3.46,3.2818,3.28180,1.000
1,3.562,3.94,3.3445,3.34453,1.000
1,3.625,4.48,3.4069,3.40690,1.000
1,3.688,5.06,3.4694,3.46940,1.000
1,3.750,5.68,3.5319,3.53190,1.000
1,3.812,6.36,3.5943,3.59432,1.000
1,3.875,7.10,3.6570,3.65695,1.000
1,3.938,7.90,3.7193,3.71930,1.000
1,4.000,8.76,3.7819,3.78190,1.000
1,4.062,9.68,3.8443,3.84432,1.000
1,4.125,10.67,3.9069,3.90690,1.000
1,4.188,11.72,3.9694,3.96945,1.000
1,4.250,12.82,4.0320,4.03200,1.000
1,4.312,14.00,4.0944,4.09442,1.000
1,4.375,15.25,4.1569,4.15685,1.000
1,4.438,16.59,4.2194,4.21940,1.000
1,4.500,18.01,4.2818,4.28180,1.000
1,4.562,19.52,4.3444,4.34437,1.000
1,4.625,21.11,4.4068,4.40680,1.000
1,4.688,22.80,4.4693,4.46930,1.000
1,4.750,24.60,4.5319,4.53190,1.000
1,4.812,26.52,4.5943,4.59430,1.000
1,4.875,28.56,4.6569,4.65690,1.000
1,5.062,27.72,4.6801,4.68008,1.000
1,5.125,24.21,4.6178,4.61775,1.000
1,5.188,21.36,4.5551,4.55510,1.000
1,5.250,18.92,4.4927,4.49270,1.000
1,5.312,16.80,4.4301,4.43005,1.000
1,5.375,14.94,4.3676,4.36765,1.000
1,5.438,13.29,4.3052,4.30518,1.000
1,5.500,11.86,4.2425,4.24250,1.000
1,5.562,10.58,4.1802,4.18020,1.000
1,5.625,9.44,4.1176,4.11755,1.000
1,5.688,8.42,4.0552,4.05520,1.000
1,5.750,7.52,3.9926,3.99260,1.000
1,5.812,6.69,3.9301,3.93010,1.000
1,5.875,5.96,3.8676,3.86755,1.000
1,5.938,5.31,3.8050,3.80500,1.000
1,6.000,4.73,3.7425,3.74250,1.000
1,6.062,4.22,3.6799,3.67993,1.000
1,6.125,3.75,3.6176,3.61755,1.000
1,6.188,3.33,3.5549,3.55490,1.000
1,6.250,2.95,3.4926,3.49260,1.000
1,6.312,2.60,3.4301,3.43010,1.000
1,6.375,2.30,3.3676,3.36755,1.000
1,6.438,2.02,3.3052,3.30515,1.000
1,6.500,1.76,3.2425,3.24250,1.000
1,6.562,1.53,3.1801,3.18010,1.000
1,6.625,1.32,3.1174,3.11745,1.000
1,6.688,1.13,3.0552,3.05515,1.000
1,6.750,0.97,2.9925,2.99250,1.000
1,6.812,0.80,2.9300,2.93000,1.000
1,6.875,0.66,2.8675,2.86750,1.000
1,6.938,0.53,2.8050,2.80495,1.000
1,7.000,0.41,2.7426,2.74260,1.000
1,7.062,0.32,2.6800,2.68000,1.000
1,7.125,0.24,2.6175,2.61750,1.000
1,7.188,0.17,2.5548,2.55483,1.000
1,7.250,0.13,2.4925,2.49250,1.000
1,7.312,0.09,2.4300,2.43000,1.000
1,7.375,0.07,2.3674,2.36745,1.000
1,7.438,0.05,2.3049,2.30490,1.000
1,7.500,0.04,2.2423,2.24230,1.000
1,7.562,0.02,2.1800,2.17995,1.000
1,7.625,0.02,2.1174,2.11735,1.000
1,7.688,0.01,2.0550,2.05505,1.000
1,7.750,0.01,1.9923,1.99230,1.000
1,7.812,0.01,1.9300,1.92998,1.000
1,7.875,0.00,1.8674,1.86740,1.000
1,7.938,0.00,1.8049,1.80493,1.000
1,8.000,0.00,1.7424,1.74240,1.000
1,8.062,0.00,1.6799,1.67988,1.000
1,8.125,0.00,1.6174,1.61740,1.000
1,8.188,0.00,1.5548,1.55482,1.000
1,8.250,0.00,1.4924,1.49240,1.000
1,8.312,0.00,1.4298,1.42983,1.000
1,8.375,0.00,1.3674,1.36740,1.000
1,8.438,0.00,1.3049,1.30490,1.000
1,8.500,0.00,1.2424,1.24240,1.000
1,8.562,0.00,1.1800,1.18000,1.000
1,8.625,0.00,1.1174,1.11740,1.000
1,8.688,0.01,1.0550,1.05497,1.000
1,8.750,0.00,0.9923,0.99230,1.000
1,8.812,0.00,0.9299,0.92993,1.000
1,8.875,0.00,0.8673,0.86730,1.000
1,8.938,0.00,0.8049,0.80492,1.000
1,9.000,0.01,0.7424,0.74240,1.000
1,9.062,0.00,0.6799,0.67985,1.000
1,9.125,0.00,0.6174,0.61735,1.000
1,9.188,0.00,0.5547,0.55472,1.000
1,9.250,0.02,0.4923,0.49230,1.000
1,9.312,0.00,0.4297,0.42973,1.000
1,9.375,0.01,0.3674,0.36735,1.000
1,9.438,0.00,0.3048,0.30485,1.000
1,9.500,0.01,0.2425,0.24250,1.000
1,9.562,0.00,0.1799,0.17990,1.000
1,9.625,0.00,0.1172,0.11720,1.000
1,9.688,0.00,0.0546,0.05462,1.000
1,9.750,0.01,-0.0079,-0.00790,1.000
1,9.875,0.00,-0.0065,-0.00650,1.000
1,9.938,0.01,-0.0003,-0.00032,1.000
1,10.000,0.01,-0.0003,-0.00030,1.000
1,10.062,0.00,-0.0003,-0.00028,1.000
1,10.125,0.01,-0.0002,-0.00020,1.000
1,10.188,0.00,-0.0003,-0.00028,1.000
1,10.250,0.00,-0.0002,-0.00020,1.000
1,10.312,0.00,-0.0002,-0.00020,1.000
1,10.375,0.00,-0.0002,-0.00020,1.000
1,10.438,0.00,-0.0002,-0.00020,1.000
1,10.500,0.00,-0.0002,-0.00020,1.000
1,10.562,0.00,-0.0002,-0.00020,1.000
1,10.625,0.01,-0.0002,-0.00020,1.000
1,10.688,0.00,-0.0002,-0.00020,1.000
1,10.750,0.00,-0.0002,-0.00020,1.000
1,10.812,0.00,-0.0002,-0.00020,1.000
1,10.875,0.00,-0.0002,-0.00020,1.000
1,10.938,0.01,-0.0002,-0.00020,1.000
1,11.000,0.00,-0.0002,-0.00020,1.000
1,11.062,0.00,-0.0002,-0.00020,1.000
1,11.125,0.01,-0.0002,-0.00020,1.000
1,11.188,0.00,-0.0002,-0.00020,1.000
1,11.250,0.00,-0.0002,-0.00020,1.000
1,11.312,0.00,-0.0002,-0.00020,1.000
1,11.375,0.00,-0.0002,-0.00020,1.000
1,11.438,0.01,-0.0002,-0.00020,1.000
1,11.500,0.01,-0.0002,-0.00020,1.000
1,11.562,0.01,-0.0002,-0.00020,1.000
1,11.625,0.01,-0.0002,-0.00020,1.000
1,11.688,0.00,-0.0002,-0.00020,1.000
1,11.750,0.00,-0.0002,-0.00020,1.000
1,11.812,0.00,-0.0002,-0.00020,1.000
1,11.875,0.00,-0.0002,-0.00020,1.000
1,11.938,0.01,-0.0002,-0.00020,1.000
1,12.000,0.01,-0.0002,-0.00020,1.000
1,12.062,0.01,-0.0002,-0.00020,1.000
1,12.125,0.00,-0.0002,-0.00020,1.000
1,12.188,0.00,-0.0002,-0.00020,1.000
1,12.250,0.01,-0.0002,-0.00020,1.000
1,12.312,0.00,-0.0002,-0.00020,1.000
1,12.375,0.00,-0.0002,-0.00020,1.000
1,12.438,0.01,-0.0002,-0.00020,1.000
1,12.500,0.00,-0.0002,-0.00020,1.000
1,12.562,0.00,-0.0002,-0.00020,1.000
1,12.625,0.00,-0.0002,-0.00020,1.000
1,12.688,0.00,-0.0002,-0.00020,1.000
1,12.750,0.00,-0.0002,-0.00020,1.000
1,12.812,0.00,-0.0002,-0.00020,1.000
2,13.125,0.01,0.0965,0.09660,2.000
2,13.188,0.01,0.1591,0.15915,2.000
2,13.250,0.01,0.2217,0.22180,2.000
2,13.312,0.01,0.2841,0.28425,2.000
2,13.375,0.00,0.3466,0.34670,2.000
2,13.438,0.01,0.4091,0.40923,2.000
2,13.500,0.01,0.4716,0.47170,2.000
2,13.562,0.00,0.5341,0.53422,2.000
2,13.625,0.01,0.5965,0.59665,2.000
2,13.688,0.01,0.6592,0.65925,2.000
2,13.750,0.00,0.7216,0.72170,2.000
2,13.812,0.01,0.7842,0.78432,2.000
2,13.875,0.01,0.8467,0.84685,2.000
2,13.938,0.01,0.9091,0.90923,2.000
2,14.000,0.01,0.9718,0.97190,2.000
2,14.062,0.01,1.0341,1.03422,2.000
2,14.125,0.01,1.0967,1.09685,2.000
2,14.188,0.01,1.1593,1.15938,2.000
2,14.250,0.01,1.2218,1.22190,2.000
2,14.312,0.01,1.2843,1.28440,2.000
2,14.375,0.00,1.3466,1.34675,2.000
2,14.438,0.01,1.4092,1.40930,2.000
2,14.500,0.01,1.4716,1.47170,2.000
2,14.562,0.01,1.5343,1.53437,2.000
2,14.625,0.01,1.5966,1.59675,2.000
2,14.688,0.01,1.6593,1.65940,2.000
2,14.750,0.00,1.7217,1.72180,2.000
2,14.812,0.00,1.7843,1.78442,2.000
2,14.875,0.01,1.8468,1.84690,2.000
2,14.938,0.01,1.9092,1.90933,2.000
2,15.000,0.02,1.9719,1.97200,2.000
2,15.062,0.04,2.0341,2.03425,2.000
2,15.125,0.05,2.0967,2.09685,2.000
2,15.188,0.07,2.1592,2.15930,2.000
2,15.250,0.09,2.2218,2.22190,2.000
2,15.312,0.11,2.2842,2.28430,2.000
2,15.375,0.15,2.3467,2.34685,2.000
2,15.438,0.19,2.4093,2.40940,2.000
2,15.500,0.25,2.4717,2.47180,2.000
2,15.562,0.34,2.5343,2.53440,2.000
2,15.625,0.45,2.5966,2.59675,2.000
2,15.688,0.57,2.6593,2.65943,2.000
2,15.750,0.72,2.7218,2.72190,2.000
2,15.812,0.90,2.7844,2.78455,2.000
2,15.875,1.10,2.8467,2.84680,2.000
2,15.938,1.33,2.9093,2.90940,2.000
2,16.000,1.59,2.9718,2.97190,2.000
2,16.062,1.88,3.0343,3.03438,2.000
2,16.125,2.20,3.0969,3.09700,2.000
2,16.188,2.57,3.1593,3.15940,2.000
2,16.250,2.97,3.2219,3.22200,2.000
2,16.312,3.41,3.2843,3.28435,2.000
2,16.375,3.91,3.3469,3.34700,2.000
2,16.438,4.44,3.4093,3.40945,2.000
2,16.500,5.02,3.4717,3.47180,2.000
2,16.562,5.65,3.5343,3.53435,2.000
2,16.625,6.34,3.5967,3.59680,2.000
2,16.688,7.08,3.6594,3.65952,2.000
2,16.750,7.88,3.7217,3.72180,2.000
2,16.812,8.75,3.7843,3.78438,2.000
2,16.875,9.69,3.8467,3.84680,2.000
2,16.938,10.69,3.9093,3.90940,2.000
2,17.000,11.73,3.9718,3.97190,2.000
2,17.062,12.84,4.0343,4.03440,2.000
2,17.125,14.04,4.0968,4.09695,2.000
2,17.188,15.31,4.1593,4.15940,2.000
2,17.250,16.64,4.2218,4.22190,2.000
2,17.312,18.07,4.2842,4.28433,2.000
2,17.375,19.60,4.3468,4.34695,2.000
2,17.438,21.21,4.4092,4.40932,2.000
2,17.500,22.92,4.4717,4.47180,2.000
2,17.562,24.75,4.5343,4.53443,2.000
2,17.625,26.69,4.5968,4.59685,2.000
2,17.688,28.76,4.6593,4.65940,2.000
2,17.750,30.99,4.7217,4.72180,2.000
2,17.875,28.68,4.6976,4.69770,2.000
2,17.938,25.01,4.6351,4.63518,2.000
2,18.000,22.04,4.5727,4.57280,2.000
2,18.062,19.50,4.5100,4.51012,2.000
2,18.125,17.32,4.4475,4.44765,2.000
2,18.188,15.39,4.3852,4.38528,2.000
2,18.250,13.70,4.3225,4.32260,2.000
2,18.312,12.21,4.2601,4.26020,2.000
2,18.375,10.89,4.1975,4.19760,2.000
2,18.438,9.72,4.1352,4.13528,2.000
2,18.500,8.68,4.0726,4.07270,2.000
2,18.562,7.74,4.0101,4.01025,2.000
2,18.625,6.89,3.9476,3.94770,2.000
2,18.688,6.14,3.8850,3.88513,2.000
2,18.750,5.46,3.8225,3.82260,2.000
2,18.812,4.87,3.7598,3.75995,2.000
2,18.875,4.34,3.6976,3.69765,2.000
2,18.938,3.85,3.6350,3.63508,2.000
2,19.000,3.42,3.5725,3.57260,2.000
2,19.062,3.03,3.5099,3.50997,2.000
2,19.125,2.68,3.4475,3.44760,2.000
2,19.188,2.37,3.3851,3.38518,2.000
2,19.250,2.08,3.3225,3.32260,2.000
2,19.312,1.83,3.2601,3.26017,2.000
2,19.375,1.59,3.1975,3.19755,2.000
2,19.438,1.37,3.1351,3.13520,2.000
2,19.500,1.19,3.0725,3.07260,2.000
2,19.562,1.01,3.0100,3.01007,2.000
2,19.625,0.85,2.9474,2.94750,2.000
2,19.688,0.69,2.8849,2.88498,2.000
2,19.750,0.55,2.8224,2.82250,2.000
2,19.812,0.44,2.7600,2.76012,2.000
2,19.875,0.34,2.6976,2.69770,2.000
2,19.938,0.26,2.6349,2.63500,2.000
2,20.000,0.19,2.5725,2.57260,2.000
2,20.062,0.14,2.5098,2.50987,2.000
2,20.125,0.10,2.4474,2.44755,2.000
2,20.188,0.08,2.3850,2.38505,2.000
2,20.250,0.05,2.3224,2.32250,2.000
2,20.312,0.04,2.2599,2.26002,2.000
2,20.375,0.03,2.1973,2.19740,2.000
2,20.438,0.02,2.1350,2.13508,2.000
2,20.500,0.02,2.0723,2.07240,2.000
2,20.562,0.02,2.0099,2.00997,2.000
2,20.625,0.00,1.9473,1.94740,2.000
2,20.688,0.01,1.8849,1.88495,2.000
2,20.750,0.01,1.8224,1.82250,2.000
2,20.812,0.01,1.7598,1.75990,2.000
2,20.875,0.00,1.6974,1.69750,2.000
2,20.938,0.01,1.6348,1.63490,2.000
2,21.000,0.01,1.5724,1.57250,2.000
2,21.062,0.01,1.5097,1.50985,2.000
2,21.125,0.01,1.4474,1.44750,2.000
2,21.188,0.01,1.3849,1.38495,2.000
2,21.250,0.01,1.3223,1.32240,2.000
2,21.312,0.01,1.2599,1.26000,2.000
2,21.375,0.01,1.1974,1.19750,2.000
2,21.438,0.00,1.1349,1.13500,2.000
2,21.500,0.00,1.0723,1.07240,2.000
2,21.562,0.01,1.0099,1.01000,2.000
2,21.625,0.00,0.9473,0.94740,2.000
2,21.688,0.01,0.8848,0.88493,2.000
2,21.750,0.01,0.8224,0.82250,2.000
2,21.812,0.01,0.7598,0.75995,2.000
2,21.875,0.01,0.6974,0.69750,2.000
2,21.938,0.01,0.6347,0.63483,2.000
2,22.000,0.01,0.5723,0.57240,2.000
2,22.062,0.01,0.5097,0.50977,2.000
2,22.125,0.01,0.4473,0.44740,2.000
2,22.188,0.01,0.3848,0.38493,2.000
2,22.250,0.00,0.3224,0.32250,2.000
2,22.312,0.01,0.2598,0.25995,2.000
2,22.375,0.00,0.1973,0.19740,2.000
2,22.438,0.01,0.1348,0.13490,2.000
2,22.500,0.01,0.0720,0.07210,2.000
2,22.562,0.00,0.0097,0.00980,2.000
2,22.688,0.01,-0.0447,-0.04455,2.000
2,22.750,0.00,0.0002,0.00030,2.000
2,22.812,0.01,-0.0003,-0.00020,2.000
2,22.875,0.01,-0.0003,-0.00020,2.000
2,22.938,0.00,-0.0003,-0.00020,2.000
2,23.000,0.00,-0.0003,-0.00020,2.000
2,23.062,0.01,-0.0003,-0.00020,2.000
2,23.125,0.01,-0.0003,-0.00020,2.000
2,23.188,0.01,-0.0003,-0.00020,2.000
2,23.250,0.00,-0.0003,-0.00020,2.000
2,23.312,0.00,-0.0003,-0.00020,2.000
2,23.375,0.01,-0.0003,-0.00020,2.000
2,23.438,0.00,-0.0003,-0.00020,2.000
2,23.500,0.01,-0.0003,-0.00020,2.000
2,23.562,0.01,-0.0003,-0.00020,2.000
2,23.625,0.01,-0.0003,-0.00020,2.000
2,23.688,0.01,-0.0003,-0.00020,2.000
2,23.750,0.01,-0.0003,-0.00020,2.000
2,23.812,0.00,-0.0003,-0.00020,2.000
2,23.875,0.01,-0.0003,-0.00020,2.000
2,23.938,0.01,-0.0003,-0.00020,2.000
2,24.000,0.00,-0.0003,-0.00020,2.000
2,24.062,0.01,-0.0003,-0.00020,2.000
2,24.125,0.01,-0.0003,-0.00020,2.000
2,24.188,0.01,-0.0003,-0.00020,2.000
2,24.250,0.01,-0.0003,-0.00020,2.000
2,24.312,0.01,-0.0003,-0.00020,2.000
2,24.375,0.01,-0.0003,-0.00020,2.000
2,24.438,0.01,-0.0003,-0.00020,2.000
2,24.500,0.01,-0.0003,-0.00020,2.000
2,24.562,0.01,-0.0003,-0.00020,2.000
2,24.625,0.00,-0.0003,-0.00020,2.000
2,24.688,0.00,-0.0003,-0.00020,2.000
2,24.750,0.01,-0.0003,-0.00020,2.000
2,24.812,0.01,-0.0003,-0.00020,2.000
2,24.875,0.01,-0.0003,-0.00020,2.000
2,24.938,0.00,-0.0003,-0.00020,2.000
2,25.000,0.01,-0.0003,-0.00020,2.000
2,25.062,0.01,-0.0003,-0.00020,2.000
2,25.125,0.00,-0.0002,-0.00010,2.000
2,25.188,0.01,-0.0002,-0.00010,2.000
2,25.250,0.01,-0.0002,-0.00010,2.000
2,25.312,0.01,-0.0002,-0.00010,2.000
2,25.375,0.01,-0.0002,-0.00010,2.000
2,25.438,0.01,-0.0002,-0.00010,2.000
2,25.500,0.01,-0.0002,-0.00010,2.000
2,25.562,0.01,-0.0002,-0.00010,2.000
2,25.625,0.01,-0.0002,-0.00010,2.000
3,25.938,0.00,0.0889,0.08902,3.000
3,26.000,0.00,0.1514,0.15150,3.000
3,26.062,0.00,0.2142,0.21432,3.000
3,26.125,0.00,0.2766,0.27675,3.000
3,26.188,0.00,0.3392,0.33930,3.000
3,26.250,0.00,0.4016,0.40170,3.000
3,26.312,0.00,0.4642,0.46427,3.000
3,26.375,0.00,0.5267,0.52675,3.000
3,26.438,0.00,0.5891,0.58920,3.000
3,26.500,0.01,0.6518,0.65190,3.000
3,26.562,0.00,0.7141,0.71420,3.000
3,26.625,0.00,0.7768,0.77685,3.000
3,26.688,0.00,0.8391,0.83920,3.000
3,26.750,0.00,0.9017,0.90180,3.000
3,26.812,0.00,0.9643,0.96440,3.000
3,26.875,0.00,1.0267,1.02680,3.000
3,26.938,0.01,1.0892,1.08932,3.000
3,27.000,0.00,1.1516,1.15170,3.000
3,27.062,0.00,1.2143,1.21442,3.000
3,27.125,0.00,1.2768,1.27685,3.000
3,27.188,0.00,1.3393,1.33945,3.000
3,27.250,0.00,1.4016,1.40170,3.000
3,27.312,0.00,1.4642,1.46427,3.000
3,27.375,0.00,1.5266,1.52675,3.000
3,27.438,0.00,1.5891,1.58925,3.000
3,27.500,0.00,1.6517,1.65180,3.000
3,27.562,0.00,1.7141,1.71425,3.000
3,27.625,0.00,1.7768,1.77690,3.000
3,27.688,0.00,1.8392,1.83935,3.000
3,27.750,0.01,1.9019,1.90200,3.000
3,27.812,0.02,1.9642,1.96432,3.000
3,27.875,0.03,2.0267,2.02685,3.000
3,27.938,0.05,2.0892,2.08930,3.000
3,28.000,0.06,2.1516,2.15170,3.000
3,28.062,0.08,2.2142,2.21435,3.000
3,28.125,0.10,2.2767,2.27685,3.000
3,28.188,0.14,2.3394,2.33950,3.000
3,28.250,0.18,2.4017,2.40180,3.000
3,28.312,0.24,2.4643,2.46445,3.000
3,28.375,0.32,2.5267,2.52685,3.000
3,28.438,0.42,2.5892,2.58932,3.000
3,28.500,0.54,2.6519,2.65200,3.000
3,28.562,0.69,2.7143,2.71440,3.000
3,28.625,0.86,2.7769,2.77700,3.000
3,28.688,1.06,2.8392,2.83935,3.000
3,28.750,1.29,2.9018,2.90190,3.000
3,28.812,1.55,2.9642,2.96435,3.000
3,28.875,1.83,3.0268,3.02695,3.000
3,28.938,2.15,3.0893,3.08940,3.000
3,29.000,2.51,3.1519,3.15200,3.000
3,29.062,2.90,3.2143,3.21445,3.000
3,29.125,3.34,3.2768,3.27690,3.000
3,29.188,3.82,3.3394,3.33955,3.000
3,29.250,4.35,3.4018,3.40190,3.000
3,29.312,4.92,3.4644,3.46450,3.000
3,29.375,5.54,3.5268,3.52685,3.000
3,29.438,6.22,3.5893,3.58942,3.000
3,29.500,6.95,3.6519,3.65200,3.000
3,29.562,7.75,3.7143,3.71440,3.000
3,29.625,8.61,3.7768,3.77690,3.000
3,29.688,9.54,3.8392,3.83930,3.000
3,29.750,10.52,3.9018,3.90190,3.000
3,29.812,11.57,3.9642,3.96432,3.000
3,29.875,12.69,4.0269,4.02700,3.000
3,29.938,13.86,4.0893,4.08937,3.000
3,30.000,15.11,4.1519,4.15200,3.000
3,30.062,16.45,4.2143,4.21440,3.000
3,30.125,17.87,4.2768,4.27685,3.000
3,30.188,19.37,4.3394,4.33947,3.000
3,30.250,20.97,4.4017,4.40180,3.000
3,30.312,22.67,4.4643,4.46440,3.000
3,30.375,24.46,4.5267,4.52680,3.000
3,30.438,26.39,4.5894,4.58947,3.000
3,30.500,28.45,4.6518,4.65190,3.000
3,30.562,30.64,4.7143,4.71445,3.000
3,30.688,29.13,4.7051,4.70515,3.000
3,30.750,25.35,4.6425,4.64260,3.000
3,30.812,22.32,4.5801,4.58023,3.000
3,30.875,19.75,4.5176,4.51765,3.000
3,30.938,17.53,4.4551,4.45518,3.000
3,31.000,15.58,4.3926,4.39270,3.000
3,31.062,13.86,4.3302,4.33025,3.000
3,31.125,12.36,4.2676,4.26770,3.000
3,31.188,11.03,4.2050,4.20505,3.000
3,31.250,9.83,4.1426,4.14270,3.000
3,31.312,8.79,4.0800,4.08008,3.000
3,31.375,7.84,4.0177,4.01775,3.000
3,31.438,6.99,3.9551,3.95515,3.000
3,31.500,6.23,3.8925,3.89260,3.000
3,31.562,5.54,3.8300,3.83005,3.000
3,31.625,4.94,3.7675,3.76760,3.000
3,31.688,4.40,3.7051,3.70518,3.000
3,31.750,3.92,3.6423,3.64240,3.000
3,31.812,3.47,3.5801,3.58020,3.000
3,31.875,3.08,3.5174,3.51750,3.000
3,31.938,2.72,3.4551,3.45518,3.000
3,32.000,2.40,3.3925,3.39260,3.000
3,32.062,2.12,3.3301,3.33015,3.000
3,32.125,1.85,3.2675,3.26760,3.000
3,32.188,1.61,3.2049,3.20505,3.000
3,32.250,1.39,3.1426,3.14270,3.000
3,32.312,1.20,3.0799,3.08003,3.000
3,32.375,1.02,3.0174,3.01755,3.000
3,32.438,0.86,2.9548,2.95492,3.000
3,32.500,0.70,2.8925,2.89260,3.000
3,32.562,0.56,2.8299,2.82998,3.000
3,32.625,0.44,2.7676,2.76765,3.000
3,32.688,0.34,2.7051,2.70517,3.000
3,32.750,0.26,2.6423,2.64240,3.000
3,32.812,0.19,2.5799,2.58003,3.000
3,32.875,0.14,2.5174,2.51745,3.000
3,32.938,0.10,2.4551,2.45517,3.000
3,33.000,0.07,2.3924,2.39250,3.000
3,33.062,0.05,2.3300,2.33005,3.000
3,33.125,0.04,2.2674,2.26750,3.000
3,33.188,0.03,2.2048,2.20492,3.000
3,33.250,0.02,2.1425,2.14260,3.000
3,33.312,0.02,2.0798,2.07990,3.000
3,33.375,0.01,2.0174,2.01750,3.000
3,33.438,0.00,1.9548,1.95492,3.000
3,33.500,0.00,1.8924,1.89250,3.000
3,33.562,0.00,1.8298,1.82988,3.000
3,33.625,0.00,1.7674,1.76750,3.000
3,33.688,0.00,1.7049,1.70497,3.000
3,33.750,0.00,1.6423,1.64240,3.000
3,33.812,0.00,1.5799,1.58000,3.000
3,33.875,0.00,1.5173,1.51740,3.000
3,33.938,0.00,1.4549,1.45497,3.000
3,34.000,0.00,1.3922,1.39230,3.000
3,34.062,0.00,1.3299,1.32998,3.000
3,34.125,0.00,1.2674,1.26745,3.000
3,34.188,0.00,1.2049,1.20502,3.000
3,34.250,0.00,1.1423,1.14240,3.000
3,34.312,0.00,1.0797,1.07983,3.000
3,34.375,0.00,1.0174,1.01755,3.000
3,34.438,0.00,0.9549,0.95497,3.000
3,34.500,0.00,0.8924,0.89250,3.000
3,34.562,0.00,0.8298,0.82990,3.000
3,34.625,0.00,0.7674,0.76745,3.000
3,34.688,0.00,0.7048,0.70490,3.000
3,34.750,0.01,0.6422,0.64230,3.000
3,34.812,0.00,0.5798,0.57993,3.000
3,34.875,0.00,0.5172,0.51730,3.000
3,34.938,0.00,0.4548,0.45492,3.000
3,35.000,0.01,0.3922,0.39230,3.000
3,35.062,0.00,0.3298,0.32990,3.000
3,35.125,0.00,0.2673,0.26740,3.000
3,35.188,0.00,0.2048,0.20495,3.000
3,35.250,0.00,0.1423,0.14240,3.000
3,35.312,0.00,0.0797,0.07975,3.000
3,35.375,0.00,0.0172,0.01730,3.000
3,35.500,0.00,-0.0285,-0.02840,3.000
3,35.562,0.00,-0.0009,-0.00075,3.000
3,35.625,0.00,-0.0003,-0.00020,3.000
3,35.688,0.01,-0.0003,-0.00020,3.000
3,35.750,0.00,-0.0003,-0.00020,3.000
3,35.812,0.00,-0.0003,-0.00020,3.000
3,35.875,0.00,-0.0003,-0.00020,3.000
3,35.938,0.00,-0.0003,-0.00020,3.000
3,36.000,0.00,-0.0003,-0.00020,3.000
3,36.062,0.00,-0.0003,-0.00020,3.000
3,36.125,0.01,-0.0003,-0.00020,3.000
3,36.188,0.00,-0.0003,-0.00020,3.000
3,36.250,0.01,-0.0003,-0.00020,3.000
3,36.312,0.00,-0.0003,-0.00020,3.000
3,36.375,0.00,-0.0003,-0.00020,3.000
3,36.438,0.00,-0.0003,-0.00020,3.000
3,36.500,0.01,-0.0003,-0.00020,3.000
3,36.562,0.01,-0.0003,-0.00020,3.000
3,36.625,0.00,-0.0003,-0.00020,3.000
3,36.688,0.01,-0.0003,-0.00020,3.000
3,36.750,0.00,-0.0003,-0.00020,3.000
3,36.812,0.00,-0.0003,-0.00020,3.000
3,36.875,0.00,-0.0003,-0.00020,3.000
3,36.938,0.01,-0.0003,-0.00020,3.000
3,37.000,0.00,-0.0003,-0.00020,3.000
3,37.062,0.01,-0.0003,-0.00020,3.000
3,37.125,0.01,-0.0003,-0.00020,3.000
3,37.188,0.00,-0.0003,-0.00020,3.000
3,37.250,0.00,-0.0003,-0.00020,3.000
3,37.312,0.00,-0.0002,-0.00010,3.000
3,37.375,0.00,-0.0002,-0.00010,3.000
3,37.438,0.00,-0.0002,-0.00010,3.000
3,37.500,0.00,-0.0002,-0.00010,3.000
3,37.562,0.00,-0.0002,-0.00010,3.000
3,37.625,0.00,-0.0002,-0.00010,3.000
3,37.688,0.00,-0.0002,-0.00010,3.000
3,37.750,0.00,-0.0002,-0.00010,3.000
3,37.812,0.00,-0.0002,-0.00010,3.000
3,37.875,0.00,-0.0002,-0.00010,3.000
3,37.938,0.00,-0.0002,-0.00010,3.000
3,38.000,0.00,-0.0002,-0.00010,3.000
3,38.062,0.00,-0.0002,-0.00010,3.000
3,38.125,0.00,-0.0002,-0.00010,3.000
3,38.188,0.00,-0.0002,-0.00010,3.000
3,38.250,0.00,-0.0002,-0.00010,3.000
3,38.312,0.00,-0.0002,-0.00010,3.000
3,38.375,0.00,-0.0002,-0.00010,3.000
3,38.438,0.00,-0.0002,-0.00010,3.000
4,38.750,-0.01,0.0584,0.05850,4.000
4,38.812,-0.01,0.1210,0.12110,4.000
4,38.875,0.00,0.1836,0.18375,4.000
4,38.938,0.00,0.2462,0.24633,4.000
4,39.000,-0.01,0.3086,0.30870,4.000
4,39.062,-0.01,0.3711,0.37125,4.000
4,39.125,0.00,0.4336,0.43370,4.000
4,39.188,0.00,0.4963,0.49635,4.000
4,39.250,0.00,0.5585,0.55860,4.000
4,39.312,0.00,0.6212,0.62127,4.000
4,39.375,-0.01,0.6837,0.68375,4.000
4,39.438,-0.01,0.7462,0.74625,4.000
4,39.500,0.00,0.8087,0.80880,4.000
4,39.562,0.00,0.8712,0.87127,4.000
4,39.625,0.00,0.9338,0.93385,4.000
4,39.688,-0.01,0.9962,0.99633,4.000
4,39.750,0.00,1.0589,1.05900,4.000
4,39.812,-0.01,1.1212,1.12132,4.000
4,39.875,0.00,1.1838,1.18390,4.000
4,39.938,0.00,1.2464,1.24645,4.000
4,40.000,-0.01,1.3087,1.30880,4.000
4,40.062,-0.01,1.3712,1.37127,4.000
4,40.125,-0.01,1.4336,1.43375,4.000
4,40.188,-0.01,1.4963,1.49638,4.000
4,40.250,-0.01,1.5586,1.55870,4.000
4,40.312,-0.01,1.6213,1.62137,4.000
4,40.375,-0.01,1.6837,1.68380,4.000
4,40.438,-0.01,1.7463,1.74635,4.000
4,40.500,0.00,1.8087,1.80880,4.000
4,40.562,-0.01,1.8712,1.87132,4.000
4,40.625,0.01,1.9338,1.93395,4.000
4,40.688,0.02,1.9962,1.99630,4.000
4,40.750,0.03,2.0589,2.05900,4.000
4,40.812,0.05,2.1212,2.12130,4.000
4,40.875,0.06,2.1838,2.18385,4.000
4,40.938,0.08,2.2463,2.24638,4.000
4,41.000,0.11,2.3087,2.30880,4.000
4,41.062,0.15,2.3712,2.37135,4.000
4,41.125,0.20,2.4338,2.43385,4.000
4,41.188,0.27,2.4963,2.49640,4.000
4,41.250,0.36,2.5586,2.55870,4.000
4,41.312,0.47,2.6212,2.62132,4.000
4,41.375,0.61,2.6838,2.68390,4.000
4,41.438,0.76,2.7465,2.74660,4.000
4,41.500,0.95,2.8088,2.80890,4.000
4,41.562,1.16,2.8713,2.87142,4.000
4,41.625,1.40,2.9339,2.93395,4.000
4,41.688,1.67,2.9962,2.99628,4.000
4,41.750,1.97,3.0589,3.05900,4.000
4,41.812,2.31,3.1212,3.12135,4.000
4,41.875,2.69,3.1839,3.18400,4.000
4,41.938,3.10,3.2464,3.24645,4.000
4,42.000,3.56,3.3089,3.30900,4.000
4,42.062,4.06,3.3713,3.37145,4.000
4,42.125,4.61,3.4338,3.43385,4.000
4,42.188,5.21,3.4964,3.49648,4.000
4,42.250,5.86,3.5587,3.55880,4.000
4,42.312,6.57,3.6214,3.62147,4.000
4,42.375,7.34,3.6838,3.68385,4.000
4,42.438,8.16,3.7463,3.74640,4.000
4,42.500,9.05,3.8087,3.80880,4.000
4,42.562,10.01,3.8713,3.87137,4.000
4,42.625,11.03,3.9338,3.93395,4.000
4,42.688,12.11,3.9963,3.99635,4.000
4,42.750,13.26,4.0589,4.05900,4.000
4,42.812,14.48,4.1212,4.12132,4.000
4,42.875,15.77,4.1839,4.18395,4.000
4,42.938,17.14,4.2462,4.24630,4.000
4,43.000,18.61,4.3089,4.30900,4.000
4,43.062,20.16,4.3712,4.37135,4.000
4,43.125,21.80,4.4338,4.43385,4.000
4,43.188,23.55,4.4962,4.49630,4.000
4,43.250,25.42,4.5587,4.55880,4.000
4,43.312,27.40,4.6214,4.62150,4.000
4,43.375,29.54,4.6838,4.68385,4.000
4,43.500,30.33,4.7154,4.71550,4.000
4,43.562,26.17,4.6532,4.65325,4.000
4,43.625,22.98,4.5907,4.59080,4.000
4,43.688,20.32,4.5280,4.52812,4.000
4,43.750,18.01,4.4655,4.46560,4.000
4,43.812,16.01,4.4030,4.40313,4.000
4,43.875,14.23,4.3406,4.34075,4.000
4,43.938,12.69,4.2780,4.27815,4.000
4,44.000,11.31,4.2156,4.21570,4.000
4,44.062,10.09,4.1531,4.15320,4.000
4,44.125,9.00,4.0906,4.09070,4.000
4,44.188,8.03,4.0282,4.02827,4.000
4,44.250,7.15,3.9655,3.96560,4.000
4,44.312,6.37,3.9031,3.90320,4.000
4,44.375,5.67,3.8404,3.84055,4.000
4,44.438,5.04,3.7781,3.77820,4.000
4,44.500,4.50,3.7155,3.71560,4.000
4,44.562,3.99,3.6531,3.65315,4.000
4,44.625,3.54,3.5905,3.59060,4.000
4,44.688,3.14,3.5280,3.52810,4.000
4,44.750,2.77,3.4656,3.46570,4.000
4,44.812,2.45,3.4030,3.40308,4.000
4,44.875,2.16,3.3406,3.34070,4.000
4,44.938,1.89,3.2779,3.27802,4.000
4,45.000,1.64,3.2155,3.21560,4.000
4,45.062,1.42,3.1530,3.15310,4.000
4,45.125,1.22,3.0906,3.09065,4.000
4,45.188,1.04,3.0280,3.02810,4.000
4,45.250,0.88,2.9654,2.96550,4.000
4,45.312,0.72,2.9030,2.90308,4.000
4,45.375,0.58,2.8404,2.84050,4.000
4,45.438,0.45,2.7781,2.77825,4.000
4,45.500,0.35,2.7155,2.71560,4.000
4,45.562,0.26,2.6530,2.65308,4.000
4,45.625,0.19,2.5904,2.59050,4.000
4,45.688,0.14,2.5278,2.52787,4.000
4,45.750,0.10,2.4655,2.46560,4.000
4,45.812,0.07,2.4029,2.40300,4.000
4,45.875,0.05,2.3405,2.34060,4.000
4,45.938,0.03,2.2778,2.27792,4.000
4,46.000,0.02,2.2154,2.21550,4.000
4,46.062,0.01,2.1528,2.15293,4.000
4,46.125,0.01,2.0904,2.09050,4.000
4,46.188,0.01,2.0278,2.02795,4.000
4,46.250,-0.01,1.9653,1.96540,4.000
4,46.312,0.00,1.9029,1.90295,4.000
4,46.375,0.00,1.8403,1.84040,4.000
4,46.438,0.00,1.7779,1.77800,4.000
4,46.500,-0.01,1.7152,1.71530,4.000
4,46.562,-0.01,1.6529,1.65300,4.000
4,46.625,-0.01,1.5903,1.59040,4.000
4,46.688,-0.01,1.5278,1.52792,4.000
4,46.750,0.00,1.4653,1.46540,4.000
4,46.812,-0.01,1.4029,1.40295,4.000
4,46.875,-0.01,1.3404,1.34045,4.000
4,46.938,0.00,1.2778,1.27792,4.000
4,47.000,-0.01,1.2155,1.21560,4.000
4,47.062,-0.01,1.1528,1.15293,4.000
4,47.125,-0.01,1.0904,1.09045,4.000
4,47.188,0.00,1.0278,1.02790,4.000
4,47.250,-0.01,0.9653,0.96540,4.000
4,47.312,-0.01,0.9029,0.90295,4.000
4,47.375,0.00,0.8403,0.84040,4.000
4,47.438,0.00,0.7778,0.77792,4.000
4,47.500,0.00,0.7152,0.71530,4.000
4,47.562,-0.01,0.6528,0.65293,4.000
4,47.625,-0.01,0.5902,0.59030,4.000
4,47.688,0.00,0.5278,0.52792,4.000
4,47.750,-0.01,0.4653,0.46540,4.000
4,47.812,0.00,0.4028,0.40285,4.000
4,47.875,-0.01,0.3403,0.34040,4.000
4,47.938,-0.01,0.2777,0.27782,4.000
4,48.000,0.00,0.2154,0.21550,4.000
4,48.062,0.00,0.1527,0.15275,4.000
4,48.125,-0.01,0.0903,0.09035,4.000
4,48.188,0.00,0.0276,0.02775,4.000
4,48.312,0.00,-0.0321,-0.03195,4.000
4,48.375,-0.01,-0.0002,-0.00015,4.000
4,48.438,-0.01,-0.0003,-0.00020,4.000
4,48.500,0.00,-0.0003,-0.00020,4.000
4,48.562,-0.01,-0.0003,-0.00020,4.000
4,48.625,-0.01,-0.0003,-0.00020,4.000
4,48.688,-0.01,-0.0003,-0.00020,4.000
4,48.750,0.00,-0.0003,-0.00020,4.000
4,48.812,-0.01,-0.0003,-0.00020,4.000
4,48.875,-0.01,-0.0003,-0.00020,4.000
4,48.938,-0.01,-0.0003,-0.00020,4.000
4,49.000,0.00,-0.0003,-0.00020,4.000
4,49.062,-0.01,-0.0003,-0.00020,4.000
4,49.125,-0.01,-0.0003,-0.00020,4.000
4,49.188,-0.01,-0.0003,-0.00020,4.000
4,49.250,0.00,-0.0003,-0.00020,4.000
4,49.312,-0.01,-0.0003,-0.00020,4.000
4,49.375,-0.01,-0.0003,-0.00020,4.000
4,49.438,-0.01,-0.0003,-0.00020,4.000
4,49.500,-0.01,-0.0003,-0.00020,4.000
4,49.562,0.00,-0.0003,-0.00020,4.000
4,49.625,-0.01,-0.0003,-0.00020,4.000
4,49.688,0.00,-0.0003,-0.00020,4.000
4,49.750,-0.01,-0.0003,-0.00020,4.000
4,49.812,-0.01,-0.0003,-0.00020,4.000
4,49.875,0.00,-0.0003,-0.00020,4.000
4,49.938,0.00,-0.0003,-0.00020,4.000
4,50.000,-0.01,-0.0003,-0.00020,4.000
4,50.062,-0.01,-0.0003,-0.00020,4.000
4,50.125,-0.01,-0.0003,-0.00020,4.000
4,50.188,-0.01,-0.0003,-0.00020,4.000
4,50.250,0.00,-0.0003,-0.00020,4.000
4,50.312,0.00,-0.0003,-0.00020,4.000
4,50.375,0.00,-0.0003,-0.00020,4.000
4,50.438,-0.01,-0.0003,-0.00020,4.000
4,50.500,-0.01,-0.0003,-0.00020,4.000
4,50.562,-0.01,-0.0003,-0.00020,4.000
4,50.625,0.00,-0.0003,-0.00020,4.000
4,50.688,-0.01,-0.0002,-0.00010,4.000
4,50.750,0.00,-0.0002,-0.00010,4.000
4,50.812,0.00,-0.0002,-0.00010,4.000
4,50.875,-0.01,-0.0002,-0.00010,4.000
4,50.938,-0.01,-0.0002,-0.00010,4.000
4,51.000,-0.01,-0.0002,-0.00010,4.000
4,51.062,0.00,-0.0002,-0.00010,4.000
4,51.125,-0.01,-0.0002,-0.00010,4.000
4,51.188,-0.01,-0.0002,-0.00010,4.000
4,51.250,-0.01,-0.0002,-0.00010,4.000
5,51.562,0.00,0.0840,0.08410,5.000
5,51.625,0.00,0.1465,0.14660,5.000
5,51.688,0.00,0.2093,0.20935,5.000
5,51.750,0.00,0.2716,0.27170,5.000
5,51.812,0.00,0.3343,0.33437,5.000
5,51.875,0.00,0.3966,0.39670,5.000
5,51.938,0.00,0.4592,0.45930,5.000
5,52.000,0.00,0.5216,0.52170,5.000
5,52.062,0.00,0.5842,0.58432,5.000
5,52.125,0.00,0.6467,0.64680,5.000
5,52.188,0.00,0.7092,0.70925,5.000
5,52.250,0.00,0.7718,0.77190,5.000
5,52.312,0.00,0.8341,0.83420,5.000
5,52.375,0.00,0.8967,0.89685,5.000
5,52.438,0.00,0.9593,0.95935,5.000
5,52.500,0.00,1.0217,1.02180,5.000
5,52.562,0.00,1.0842,1.08430,5.000
5,52.625,0.00,1.1468,1.14690,5.000
5,52.688,0.00,1.2094,1.20945,5.000
5,52.750,0.00,1.2717,1.27180,5.000
5,52.812,0.00,1.3342,1.33435,5.000
5,52.875,0.00,1.3966,1.39670,5.000
5,52.938,0.00,1.4592,1.45933,5.000
5,53.000,0.00,1.5216,1.52170,5.000
5,53.062,0.00,1.5842,1.58435,5.000
5,53.125,0.00,1.6467,1.64680,5.000
5,53.188,0.01,1.7093,1.70935,5.000
5,53.250,0.00,1.7717,1.77180,5.000
5,53.312,0.00,1.8341,1.83425,5.000
5,53.375,0.01,1.8968,1.89690,5.000
5,53.438,0.02,1.9592,1.95930,5.000
5,53.500,0.03,2.0219,2.02200,5.000
5,53.562,0.05,2.0842,2.08432,5.000
5,53.625,0.06,2.1467,2.14685,5.000
5,53.688,0.08,2.2092,2.20930,5.000
5,53.750,0.10,2.2717,2.27180,5.000
5,53.812,0.13,2.3342,2.33435,5.000
5,53.875,0.18,2.3968,2.39690,5.000
5,53.938,0.23,2.4594,2.45948,5.000
5,54.000,0.31,2.5217,2.52180,5.000
5,54.062,0.41,2.5842,2.58432,5.000
5,54.125,0.53,2.6468,2.64690,5.000
5,54.188,0.68,2.7095,2.70955,5.000
5,54.250,0.84,2.7719,2.77200,5.000
5,54.312,1.04,2.8343,2.83442,5.000
5,54.375,1.26,2.8968,2.89690,5.000
5,54.438,1.51,2.9593,2.95935,5.000
5,54.500,1.79,3.0219,3.02200,5.000
5,54.562,2.11,3.0842,3.08432,5.000
5,54.625,2.46,3.1468,3.14695,5.000
5,54.688,2.85,3.2094,3.20945,5.000
5,54.750,3.29,3.2719,3.27200,5.000
5,54.812,3.77,3.3343,3.33445,5.000
5,54.875,4.29,3.3968,3.39695,5.000
5,54.938,4.85,3.4593,3.45943,5.000
5,55.000,5.48,3.5217,3.52180,5.000
5,55.062,6.14,3.5843,3.58442,5.000
5,55.125,6.88,3.6467,3.64685,5.000
5,55.188,7.67,3.7094,3.70948,5.000
5,55.250,8.51,3.7718,3.77190,5.000
5,55.312,9.44,3.8342,3.83435,5.000
5,55.375,10.42,3.8968,3.89695,5.000
5,55.438,11.47,3.9593,3.95935,5.000
5,55.500,12.56,4.0219,4.02200,5.000
5,55.562,13.75,4.0842,4.08432,5.000
5,55.625,14.99,4.1468,4.14695,5.000
5,55.688,16.32,4.2093,4.20938,5.000
5,55.750,17.73,4.2718,4.27190,5.000
5,55.812,19.23,4.3343,4.33440,5.000
5,55.875,20.82,4.3968,4.39690,5.000
5,55.938,22.50,4.4592,4.45933,5.000
5,56.000,24.30,4.5216,4.52170,5.000
5,56.062,26.21,4.5844,4.58447,5.000
5,56.125,28.26,4.6467,4.64685,5.000
5,56.188,30.45,4.7095,4.70955,5.000
5,56.312,28.55,4.6920,4.69205,5.000
5,56.375,24.86,4.6297,4.62975,5.000
5,56.438,21.92,4.5670,4.56712,5.000
5,56.500,19.37,4.5046,4.50470,5.000
5,56.562,17.22,4.4420,4.44210,5.000
5,56.625,15.30,4.3797,4.37975,5.000
5,56.688,13.62,4.3170,4.31715,5.000
5,56.750,12.14,4.2546,4.25470,5.000
5,56.812,10.83,4.1921,4.19218,5.000
5,56.875,9.66,4.1296,4.12965,5.000
5,56.938,8.62,4.0672,4.06727,5.000
5,57.000,7.69,4.0044,4.00450,5.000
5,57.062,6.84,3.9422,3.94228,5.000
5,57.125,6.10,3.8795,3.87960,5.000
5,57.188,5.42,3.8170,3.81712,5.000
5,57.250,4.83,3.7545,3.75460,5.000
5,57.312,4.30,3.6920,3.69208,5.000
5,57.375,3.82,3.6295,3.62960,5.000
5,57.438,3.39,3.5670,3.56710,5.000
5,57.500,3.00,3.5045,3.50460,5.000
5,57.562,2.65,3.4420,3.44208,5.000
5,57.625,2.34,3.3797,3.37975,5.000
5,57.688,2.05,3.3170,3.31715,5.000
5,57.750,1.79,3.2546,3.25470,5.000
5,57.812,1.56,3.1920,3.19205,5.000
5,57.875,1.34,3.1295,3.12955,5.000
5,57.938,1.15,3.0671,3.06717,5.000
5,58.000,0.98,3.0043,3.00440,5.000
5,58.062,0.82,2.9419,2.94203,5.000
5,58.125,0.67,2.8794,2.87945,5.000
5,58.188,0.53,2.8170,2.81710,5.000
5,58.250,0.41,2.7545,2.75460,5.000
5,58.312,0.32,2.6921,2.69215,5.000
5,58.375,0.24,2.6295,2.62955,5.000
5,58.438,0.17,2.5668,2.56687,5.000
5,58.500,0.13,2.5045,2.50460,5.000
5,58.562,0.09,2.4419,2.44195,5.000
5,58.625,0.07,2.3795,2.37960,5.000
5,58.688,0.04,2.3169,2.31697,5.000
5,58.750,0.03,2.2545,2.25460,5.000
5,58.812,0.02,2.1919,2.19200,5.000
5,58.875,0.02,2.1294,2.12945,5.000
5,58.938,0.01,2.0668,2.06695,5.000
5,59.000,0.00,2.0043,2.00440,5.000
5,59.062,0.00,1.9419,1.94200,5.000
5,59.125,0.00,1.8793,1.87940,5.000
5,59.188,0.00,1.8170,1.81707,5.000
5,59.250,0.00,1.7543,1.75440,5.000
5,59.312,0.00,1.6920,1.69205,5.000
5,59.375,0.00,1.6293,1.62940,5.000
5,59.438,0.00,1.5668,1.56692,5.000
5,59.500,0.01,1.5045,1.50460,5.000
5,59.562,0.00,1.4418,1.44188,5.000
5,59.625,0.00,1.3794,1.37945,5.000
5,59.688,0.00,1.3168,1.31692,5.000
5,59.750,0.00,1.2545,1.25460,5.000
5,59.812,0.00,1.1919,1.19195,5.000
5,59.875,0.00,1.1294,1.12950,5.000
5,59.938,0.00,1.0669,1.06697,5.000
5,60.000,0.00,1.0043,1.00440,5.000
5,60.062,0.00,0.9419,0.94200,5.000
5,60.125,0.00,0.8793,0.87940,5.000
5,60.188,0.00,0.8169,0.81700,5.000
5,60.250,0.00,0.7542,0.75430,5.000
5,60.312,0.00,0.6918,0.69190,5.000
5,60.375,0.00,0.6292,0.62930,5.000
5,60.438,0.00,0.5668,0.56690,5.000
5,60.500,0.00,0.5043,0.50440,5.000
5,60.562,0.00,0.4418,0.44185,5.000
5,60.625,0.00,0.3793,0.37935,5.000
5,60.688,0.00,0.3167,0.31677,5.000
5,60.750,0.00,0.2545,0.25460,5.000
5,60.812,0.00,0.1918,0.19185,5.000
5,60.875,0.00,0.1293,0.12935,5.000
5,60.938,0.00,0.0666,0.06667,5.000
5,61.000,0.00,0.0043,0.00440,5.000
5,61.125,0.00,-0.0120,-0.01190,5.000
5,61.188,0.01,-0.0003,-0.00018,5.000
5,61.250,0.00,-0.0003,-0.00020,5.000
5,61.312,0.00,-0.0003,-0.00020,5.000
5,61.375,0.00,-0.0003,-0.00020,5.000
5,61.438,-0.01,-0.0003,-0.00020,5.000
5,61.500,0.00,-0.0003,-0.00020,5.000
5,61.562,0.00,-0.0003,-0.00020,5.000
5,61.625,0.00,-0.0003,-0.00020,5.000
5,61.688,0.00,-0.0003,-0.00020,5.000
5,61.750,0.00,-0.0003,-0.00020,5.000
5,61.812,0.00,-0.0003,-0.00020,5.000
5,61.875,0.00,-0.0003,-0.00020,5.000
5,61.938,0.00,-0.0003,-0.00020,5.000
5,62.000,0.00,-0.0003,-0.00020,5.000
5,62.062,0.00,-0.0003,-0.00020,5.000
5,62.125,0.00,-0.0003,-0.00020,5.000
5,62.188,0.00,-0.0003,-0.00020,5.000
5,62.250,0.00,-0.0003,-0.00020,5.000
5,62.312,0.00,-0.0003,-0.00020,5.000
5,62.375,0.00,-0.0003,-0.00020,5.000
5,62.438,0.00,-0.0003,-0.00020,5.000
5,62.500,0.00,-0.0003,-0.00020,5.000
5,62.562,0.00,-0.0003,-0.00020,5.000
5,62.625,0.00,-0.0003,-0.00020,5.000
5,62.688,0.00,-0.0003,-0.00020,5.000
5,62.750,0.00,-0.0003,-0.00020,5.000
5,62.812,0.00,-0.0003,-0.00020,5.000
5,62.875,0.00,-0.0003,-0.00020,5.000
5,62.938,0.00,-0.0003,-0.00020,5.000
5,63.000,0.00,-0.0003,-0.00020,5.000
5,63.062,0.00,-0.0003,-0.00020,5.000
5,63.125,0.00,-0.0003,-0.00020,5.000
5,63.188,0.00,-0.0003,-0.00020,5.000
5,63.250,0.00,-0.0003,-0.00020,5.000
5,63.312,0.00,-0.0002,-0.00010,5.000
5,63.375,0.00,-0.0002,-0.00010,5.000
5,63.438,0.00,-0.0002,-0.00010,5.000
5,63.500,0.00,-0.0002,-0.00010,5.000
5,63.562,0.00,-0.0002,-0.00010,5.000
5,63.625,0.00,-0.0002,-0.00010,5.000
5,63.688,0.01,-0.0002,-0.00010,5.000
5,63.750,0.01,-0.0002,-0.00010,5.000
5,63.812,0.00,-0.0002,-0.00010,5.000
5,63.875,0.00,-0.0002,-0.00010,5.000
5,63.938,0.00,-0.0002,-0.00010,5.000
5,64.000,0.00,-0.0002,-0.00010,5.000
5,64.062,0.00,-0.0002,-0.00010,5.000
6,64.375,0.00,0.0865,0.08660,6.000
6,64.438,0.00,0.1490,0.14910,6.000
6,64.500,-0.01,0.2118,0.21190,6.000
6,64.562,-0.01,0.2741,0.27420,6.000
6,64.625,0.00,0.3368,0.33685,6.000
6,64.688,0.00,0.3991,0.39920,6.000
6,64.750,0.00,0.4617,0.46180,6.000
6,64.812,0.00,0.5241,0.52422,6.000
6,64.875,-0.01,0.5866,0.58675,6.000
6,64.938,-0.01,0.6492,0.64930,6.000
6,65.000,0.00,0.7116,0.71170,6.000
6,65.062,0.00,0.7742,0.77432,6.000
6,65.125,-0.01,0.8366,0.83675,6.000
6,65.188,-0.01,0.8993,0.89938,6.000
6,65.250,0.00,0.9617,0.96180,6.000
6,65.312,-0.01,1.0243,1.02442,6.000
6,65.375,0.00,1.0868,1.08685,6.000
6,65.438,-0.01,1.1493,1.14940,6.000
6,65.500,0.00,1.2118,1.21190,6.000
6,65.562,-0.01,1.2742,1.27430,6.000
6,65.625,0.00,1.3368,1.33685,6.000
6,65.688,0.00,1.3991,1.39922,6.000
6,65.750,0.00,1.4617,1.46180,6.000
6,65.812,0.00,1.5242,1.52430,6.000
6,65.875,0.00,1.5867,1.58680,6.000
6,65.938,0.00,1.6492,1.64930,6.000
6,66.000,-0.01,1.7117,1.71180,6.000
6,66.062,0.00,1.7743,1.77440,6.000
6,66.125,0.00,1.8368,1.83685,6.000
6,66.188,0.01,1.8994,1.89948,6.000
6,66.250,0.01,1.9617,1.96180,6.000
6,66.312,0.03,2.0243,2.02437,6.000
6,66.375,0.04,2.0866,2.08675,6.000
6,66.438,0.06,2.1492,2.14932,6.000
6,66.500,0.07,2.2118,2.21190,6.000
6,66.562,0.10,2.2743,2.27437,6.000
6,66.625,0.13,2.3368,2.33690,6.000
6,66.688,0.17,2.3993,2.39940,6.000
6,66.750,0.23,2.4619,2.46200,6.000
6,66.812,0.31,2.5241,2.52422,6.000
6,66.875,0.41,2.5868,2.58685,6.000
6,66.938,0.53,2.6493,2.64940,6.000
6,67.000,0.67,2.7119,2.71200,6.000
6,67.062,0.84,2.7744,2.77450,6.000
6,67.125,1.03,2.8368,2.83685,6.000
6,67.188,1.26,2.8993,2.89943,6.000
6,67.250,1.52,2.9617,2.96180,6.000
6,67.312,1.80,3.0243,3.02442,6.000
6,67.375,2.11,3.0868,3.08685,6.000
6,67.438,2.47,3.1494,3.14950,6.000
6,67.500,2.86,3.2119,3.21200,6.000
6,67.562,3.29,3.2744,3.27447,6.000
6,67.625,3.78,3.3369,3.33700,6.000
6,67.688,4.30,3.3993,3.39943,6.000
6,67.750,4.87,3.4619,3.46200,6.000
6,67.812,5.49,3.5241,3.52425,6.000
6,67.875,6.16,3.5868,3.58695,6.000
6,67.938,6.90,3.6493,3.64935,6.000
6,68.000,7.69,3.7119,3.71200,6.000
6,68.062,8.54,3.7743,3.77440,6.000
6,68.125,9.46,3.8368,3.83685,6.000
6,68.188,10.43,3.8994,3.89948,6.000
6,68.250,11.49,3.9617,3.96180,6.000
6,68.312,12.60,4.0244,4.02455,6.000
6,68.375,13.78,4.0868,4.08685,6.000
6,68.438,15.03,4.1494,4.14948,6.000
6,68.500,16.36,4.2118,4.21190,6.000
6,68.562,17.78,4.2743,4.27437,6.000
6,68.625,19.27,4.3368,4.33690,6.000
6,68.688,20.87,4.3992,4.39932,6.000
6,68.750,22.56,4.4618,4.46190,6.000
6,68.812,24.36,4.5241,4.52425,6.000
6,68.875,26.27,4.5868,4.58695,6.000
6,68.938,28.32,4.6493,4.64940,6.000
6,69.000,30.52,4.7118,4.71190,6.000
6,69.125,29.31,4.7076,4.70770,6.000
6,69.188,25.47,4.6450,4.64512,6.000
6,69.250,22.42,4.5826,4.58270,6.000
6,69.312,19.83,4.5200,4.52005,6.000
6,69.375,17.60,4.4576,4.45765,6.000
6,69.438,15.64,4.3952,4.39525,6.000
6,69.500,13.92,4.3326,4.33270,6.000
6,69.562,12.40,4.2701,4.27020,6.000
6,69.625,11.06,4.2075,4.20760,6.000
6,69.688,9.87,4.1451,4.14520,6.000
6,69.750,8.81,4.0826,4.08270,6.000
6,69.812,7.85,4.0202,4.02030,6.000
6,69.875,7.00,3.9576,3.95765,6.000
6,69.938,6.24,3.8950,3.89512,6.000
6,70.000,5.55,3.8326,3.83270,6.000
6,70.062,4.93,3.7700,3.77005,6.000
6,70.125,4.40,3.7076,3.70765,6.000
6,70.188,3.91,3.6449,3.64500,6.000
6,70.250,3.47,3.5826,3.58270,6.000
6,70.312,3.07,3.5199,3.52000,6.000
6,70.375,2.72,3.4576,3.45765,6.000
6,70.438,2.40,3.3950,3.39508,6.000
6,70.500,2.11,3.3326,3.33270,6.000
6,70.562,1.84,3.2700,3.27005,6.000
6,70.625,1.60,3.2075,3.20755,6.000
6,70.688,1.38,3.1450,3.14510,6.000
6,70.750,1.18,3.0823,3.08240,6.000
6,70.812,1.01,3.0201,3.02018,6.000
6,70.875,0.85,2.9574,2.95755,6.000
6,70.938,0.69,2.8949,2.89503,6.000
6,71.000,0.55,2.8324,2.83250,6.000
6,71.062,0.43,2.7701,2.77018,6.000
6,71.125,0.33,2.7076,2.70770,6.000
6,71.188,0.25,2.6448,2.64492,6.000
6,71.250,0.18,2.5825,2.58260,6.000
6,71.312,0.13,2.5198,2.51990,6.000
6,71.375,0.10,2.4575,2.45760,6.000
6,71.438,0.06,2.3949,2.39500,6.000
6,71.500,0.04,2.3324,2.33250,6.000
6,71.562,0.03,2.2699,2.27000,6.000
6,71.625,0.02,2.2074,2.20745,6.000
6,71.688,0.01,2.1449,2.14500,6.000
6,71.750,0.01,2.0823,2.08240,6.000
6,71.812,0.00,2.0199,2.02000,6.000
6,71.875,0.00,1.9573,1.95740,6.000
6,71.938,-0.01,1.8949,1.89500,6.000
6,72.000,-0.01,1.8324,1.83250,6.000
6,72.062,-0.01,1.7699,1.76998,6.000
6,72.125,-0.01,1.7074,1.70745,6.000
6,72.188,-0.01,1.6448,1.64492,6.000
6,72.250,0.00,1.5823,1.58240,6.000
6,72.312,-0.01,1.5198,1.51985,6.000
6,72.375,-0.01,1.4574,1.45750,6.000
6,72.438,-0.01,1.3947,1.39483,6.000
6,72.500,-0.01,1.3324,1.33250,6.000
6,72.562,-0.01,1.2699,1.26995,6.000
6,72.625,0.00,1.2074,1.20750,6.000
6,72.688,-0.01,1.1449,1.14498,6.000
6,72.750,-0.01,1.0823,1.08240,6.000
6,72.812,0.00,1.0199,1.02003,6.000
6,72.875,-0.01,0.9573,0.95740,6.000
6,72.938,-0.01,0.8949,0.89500,6.000
6,73.000,-0.01,0.8323,0.83240,6.000
6,73.062,0.00,0.7699,0.76995,6.000
6,73.125,0.00,0.7073,0.70740,6.000
6,73.188,0.00,0.6447,0.64482,6.000
6,73.250,-0.01,0.5822,0.58230,6.000
6,73.312,-0.01,0.5197,0.51980,6.000
6,73.375,-0.01,0.4573,0.45740,6.000
6,73.438,-0.01,0.3946,0.39475,6.000
6,73.500,-0.01,0.3324,0.33250,6.000
6,73.562,-0.01,0.2698,0.26990,6.000
6,73.625,0.00,0.2074,0.20750,6.000
6,73.688,-0.01,0.1448,0.14485,6.000
6,73.750,0.00,0.0820,0.08210,6.000
6,73.812,-0.01,0.0197,0.01980,6.000
6,73.938,-0.01,-0.0522,-0.05205,6.000
6,74.000,0.00,-0.0014,-0.00130,6.000
6,74.062,-0.01,-0.0004,-0.00030,6.000
6,74.125,-0.01,-0.0004,-0.00030,6.000
6,74.188,0.00,-0.0003,-0.00020,6.000
6,74.250,-0.01,-0.0003,-0.00020,6.000
6,74.312,-0.01,-0.0003,-0.00020,6.000
6,74.375,0.00,-0.0003,-0.00020,6.000
6,74.438,0.00,-0.0003,-0.00020,6.000
6,74.500,-0.01,-0.0003,-0.00020,6.000
6,74.562,-0.01,-0.0003,-0.00020,6.000
6,74.625,-0.01,-0.0003,-0.00020,6.000
6,74.688,-0.01,-0.0003,-0.00020,6.000
6,74.750,0.00,-0.0003,-0.00020,6.000
6,74.812,-0.01,-0.0003,-0.00020,6.000
6,74.875,0.00,-0.0003,-0.00020,6.000
6,74.938,-0.01,-0.0003,-0.00020,6.000
6,75.000,-0.01,-0.0003,-0.00020,6.000
6,75.062,-0.01,-0.0003,-0.00020,6.000
6,75.125,0.00,-0.0003,-0.00020,6.000
6,75.188,-0.01,-0.0003,-0.00020,6.000
6,75.250,0.00,-0.0003,-0.00020,6.000
6,75.312,0.00,-0.0003,-0.00020,6.000
6,75.375,-0.01,-0.0003,-0.00020,6.000
6,75.438,0.00,-0.0003,-0.00020,6.000
6,75.500,0.00,-0.0003,-0.00020,6.000
6,75.562,-0.01,-0.0003,-0.00020,6.000
6,75.625,-0.02,-0.0003,-0.00020,6.000
6,75.688,-0.01,-0.0003,-0.00020,6.000
6,75.750,0.00,-0.0003,-0.00020,6.000
6,75.812,-0.01,-0.0003,-0.00020,6.000
6,75.875,-0.01,-0.0003,-0.00020,6.000
6,75.938,-0.01,-0.0003,-0.00020,6.000
6,76.000,0.00,-0.0003,-0.00020,6.000
6,76.062,-0.01,-0.0003,-0.00020,6.000
6,76.125,0.00,-0.0003,-0.00020,6.000
6,76.188,-0.01,-0.0003,-0.00020,6.000
6,76.250,-0.01,-0.0003,-0.00020,6.000
6,76.312,-0.01,-0.0003,-0.00020,6.000
6,76.375,-0.01,-0.0003,-0.00020,6.000
6,76.438,-0.02,-0.0003,-0.00020,6.000
6,76.500,-0.01,-0.0003,-0.00020,6.000
6,76.562,0.00,-0.0003,-0.00020,6.000
6,76.625,-0.01,-0.0002,-0.00015,6.000
6,76.688,0.00,-0.0002,-0.00010,6.000
6,76.750,-0.02,-0.0002,-0.00010,6.000
6,76.812,-0.01,-0.0002,-0.00010,6.000
6,76.875,-0.01,-0.0002,-0.00010,6.000
6,76.938,0.00,-0.0002,-0.00010,6.000
7,77.188,0.00,0.0789,0.07900,7.000
7,77.250,0.00,0.1416,0.14170,7.000
7,77.312,-0.01,0.2041,0.20425,7.000
7,77.375,-0.01,0.2667,0.26680,7.000
7,77.438,0.00,0.3292,0.32930,7.000
7,77.500,-0.01,0.3916,0.39170,7.000
7,77.562,-0.01,0.4542,0.45430,7.000
7,77.625,-0.01,0.5166,0.51670,7.000
7,77.688,0.00,0.5793,0.57935,7.000
7,77.750,-0.01,0.6417,0.64180,7.000
7,77.812,-0.01,0.7042,0.70435,7.000
7,77.875,-0.01,0.7666,0.76675,7.000
7,77.938,-0.01,0.8292,0.82932,7.000
7,78.000,0.00,0.8918,0.89190,7.000
7,78.062,-0.01,0.9542,0.95430,7.000
7,78.125,-0.01,1.0168,1.01685,7.000
7,78.188,-0.01,1.0792,1.07928,7.000
7,78.250,-0.01,1.1419,1.14200,7.000
7,78.312,-0.01,1.2042,1.20435,7.000
7,78.375,-0.01,1.2668,1.26690,7.000
7,78.438,-0.01,1.3292,1.32930,7.000
7,78.500,-0.01,1.3917,1.39180,7.000
7,78.562,-0.01,1.4543,1.45440,7.000
7,78.625,-0.01,1.5167,1.51680,7.000
7,78.688,0.00,1.5793,1.57940,7.000
7,78.750,-0.01,1.6417,1.64180,7.000
7,78.812,-0.01,1.7043,1.70445,7.000
7,78.875,-0.01,1.7667,1.76680,7.000
7,78.938,-0.01,1.8292,1.82935,7.000
7,79.000,0.00,1.8918,1.89190,7.000
7,79.062,0.01,1.9542,1.95430,7.000
7,79.125,0.02,2.0168,2.01690,7.000
7,79.188,0.04,2.0792,2.07930,7.000
7,79.250,0.05,2.1418,2.14190,7.000
7,79.312,0.07,2.2041,2.20425,7.000
7,79.375,0.09,2.2668,2.26690,7.000
7,79.438,0.12,2.3293,2.32938,7.000
7,79.500,0.17,2.3919,2.39200,7.000
7,79.562,0.22,2.4543,2.45440,7.000
7,79.625,0.29,2.5167,2.51680,7.000
7,79.688,0.39,2.5793,2.57938,7.000
7,79.750,0.51,2.6417,2.64180,7.000
7,79.812,0.65,2.7044,2.70452,7.000
7,79.875,0.82,2.7668,2.76690,7.000
7,79.938,1.01,2.8294,2.82950,7.000
7,80.000,1.23,2.8918,2.89190,7.000
7,80.062,1.48,2.9543,2.95437,7.000
7,80.125,1.76,3.0168,3.01690,7.000
7,80.188,2.07,3.0792,3.07935,7.000
7,80.250,2.42,3.1418,3.14190,7.000
7,80.312,2.80,3.2042,3.20435,7.000
7,80.375,3.24,3.2669,3.26700,7.000
7,80.438,3.71,3.3293,3.32940,7.000
7,80.500,4.23,3.3919,3.39200,7.000
7,80.562,4.79,3.4543,3.45442,7.000
7,80.625,5.41,3.5168,3.51690,7.000
7,80.688,6.07,3.5793,3.57943,7.000
7,80.750,6.80,3.6418,3.64190,7.000
7,80.812,7.58,3.7044,3.70450,7.000
7,80.875,8.43,3.7667,3.76680,7.000
7,80.938,9.34,3.8293,3.82943,7.000
7,81.000,10.32,3.8918,3.89190,7.000
7,81.062,11.36,3.9544,3.95452,7.000
7,81.125,12.46,4.0168,4.01695,7.000
7,81.188,13.63,4.0793,4.07943,7.000
7,81.250,14.87,4.1419,4.14200,7.000
7,81.312,16.20,4.2042,4.20432,7.000
7,81.375,17.59,4.2669,4.26700,7.000
7,81.438,19.09,4.3292,4.32930,7.000
7,81.500,20.66,4.3918,4.39190,7.000
7,81.562,22.34,4.4542,4.45430,7.000
7,81.625,24.13,4.5168,4.51690,7.000
7,81.688,26.03,4.5794,4.57945,7.000
7,81.750,28.07,4.6417,4.64180,7.000
7,81.812,30.24,4.7043,4.70445,7.000
7,81.938,30.00,4.7171,4.71715,7.000
7,82.000,25.96,4.6546,4.65470,7.000
7,82.062,22.82,4.5922,4.59230,7.000
7,82.125,20.19,4.5295,4.52960,7.000
7,82.188,17.90,4.4672,4.46725,7.000
7,82.250,15.92,4.4044,4.40450,7.000
7,82.312,14.15,4.3421,4.34223,7.000
7,82.375,12.62,4.2795,4.27960,7.000
7,82.438,11.25,4.2171,4.21720,7.000
7,82.500,10.03,4.1546,4.15470,7.000
7,82.562,8.95,4.0921,4.09223,7.000
7,82.625,7.99,4.0296,4.02975,7.000
7,82.688,7.12,3.9670,3.96713,7.000
7,82.750,6.34,3.9046,3.90470,7.000
7,82.812,5.64,3.8419,3.84195,7.000
7,82.875,5.02,3.7796,3.77965,7.000
7,82.938,4.48,3.7171,3.71715,7.000
7,83.000,3.98,3.6545,3.65460,7.000
7,83.062,3.53,3.5921,3.59218,7.000
7,83.125,3.13,3.5294,3.52955,7.000
7,83.188,2.77,3.4671,3.46715,7.000
7,83.250,2.45,3.4044,3.40450,7.000
7,83.312,2.15,3.3422,3.34228,7.000
7,83.375,1.88,3.2795,3.27960,7.000
7,83.438,1.64,3.2171,3.21718,7.000
7,83.500,1.41,3.1546,3.15470,7.000
7,83.562,1.21,3.0920,3.09205,7.000
7,83.625,1.04,3.0296,3.02965,7.000
7,83.688,0.87,2.9668,2.96695,7.000
7,83.750,0.71,2.9045,2.90460,7.000
7,83.812,0.58,2.8419,2.84195,7.000
7,83.875,0.45,2.7796,2.77970,7.000
7,83.938,0.35,2.7171,2.71718,7.000
7,84.000,0.26,2.6546,2.65470,7.000
7,84.062,0.19,2.5919,2.59203,7.000
7,84.125,0.14,2.5294,2.52945,7.000
7,84.188,0.10,2.4670,2.46708,7.000
7,84.250,0.07,2.4044,2.40450,7.000
7,84.312,0.05,2.3420,2.34210,7.000
7,84.375,0.03,2.2793,2.27940,7.000
7,84.438,0.02,2.2170,2.21708,7.000
7,84.500,0.01,2.1543,2.15440,7.000
7,84.562,0.01,2.0919,2.09198,7.000
7,84.625,0.01,2.0294,2.02945,7.000
7,84.688,0.00,1.9668,1.96692,7.000
7,84.750,0.00,1.9044,1.90450,7.000
7,84.812,0.00,1.8418,1.84190,7.000
7,84.875,0.00,1.7794,1.77950,7.000
7,84.938,0.00,1.7168,1.71690,7.000
7,85.000,-0.01,1.6545,1.65460,7.000
7,85.062,-0.01,1.5918,1.59190,7.000
7,85.125,0.00,1.5294,1.52950,7.000
7,85.188,-0.01,1.4669,1.46698,7.000
7,85.250,0.00,1.4042,1.40430,7.000
7,85.312,0.00,1.3419,1.34198,7.000
7,85.375,-0.01,1.2793,1.27940,7.000
7,85.438,-0.01,1.2171,1.21715,7.000
7,85.500,-0.01,1.1543,1.15440,7.000
7,85.562,-0.01,1.0918,1.09190,7.000
7,85.625,0.00,1.0294,1.02945,7.000
7,85.688,0.00,0.9668,0.96692,7.000
7,85.750,-0.01,0.9044,0.90450,7.000
7,85.812,-0.01,0.8418,0.84193,7.000
7,85.875,-0.01,0.7794,0.77950,7.000
7,85.938,-0.01,0.7167,0.71678,7.000
7,86.000,-0.01,0.6543,0.65440,7.000
7,86.062,0.00,0.5917,0.59175,7.000
7,86.125,0.00,0.5292,0.52935,7.000
7,86.188,0.00,0.4668,0.46685,7.000
7,86.250,-0.01,0.4042,0.40430,7.000
7,86.312,0.00,0.3418,0.34193,7.000
7,86.375,0.00,0.2793,0.27940,7.000
7,86.438,0.00,0.2169,0.21700,7.000
7,86.500,0.00,0.1542,0.15430,7.000
7,86.562,-0.01,0.0917,0.09180,7.000
7,86.625,0.00,0.0292,0.02925,7.000
7,86.812,0.00,-0.0035,-0.00335,7.000
7,86.875,-0.01,-0.0004,-0.00025,7.000
7,86.938,-0.01,-0.0003,-0.00020,7.000
7,87.000,0.00,-0.0003,-0.00020,7.000
7,87.062,-0.01,-0.0003,-0.00020,7.000
7,87.125,-0.01,-0.0003,-0.00020,7.000
7,87.188,-0.01,-0.0003,-0.00020,7.000
7,87.250,0.00,-0.0003,-0.00020,7.000
7,87.312,-0.01,-0.0003,-0.00020,7.000
7,87.375,0.00,-0.0003,-0.00020,7.000
7,87.438,-0.01,-0.0003,-0.00020,7.000
7,87.500,-0.01,-0.0003,-0.00020,7.000
7,87.562,-0.01,-0.0003,-0.00020,7.000
7,87.625,-0.01,-0.0003,-0.00020,7.000
7,87.688,0.00,-0.0003,-0.00020,7.000
7,87.750,-0.01,-0.0003,-0.00020,7.000
7,87.812,-0.01,-0.0003,-0.00020,7.000
7,87.875,-0.01,-0.0003,-0.00020,7.000
7,87.938,-0.01,-0.0003,-0.00020,7.000
7,88.000,-0.01,-0.0003,-0.00020,7.000
7,88.062,0.00,-0.0003,-0.00020,7.000
7,88.125,-0.01,-0.0003,-0.00020,7.000
7,88.188,-0.01,-0.0003,-0.00020,7.000
7,88.250,0.00,-0.0003,-0.00020,7.000
7,88.312,0.00,-0.0003,-0.00020,7.000
7,88.375,0.00,-0.0003,-0.00020,7.000
7,88.438,-0.01,-0.0003,-0.00020,7.000
7,88.500,-0.01,-0.0003,-0.00020,7.000
7,88.562,0.00,-0.0003,-0.00020,7.000
7,88.625,0.00,-0.0003,-0.00020,7.000
7,88.688,-0.01,-0.0003,-0.00020,7.000
7,88.750,0.00,-0.0003,-0.00020,7.000
7,88.812,-0.01,-0.0003,-0.00020,7.000
7,88.875,0.00,-0.0003,-0.00020,7.000
7,88.938,0.00,-0.0003,-0.00020,7.000
7,89.000,0.00,-0.0003,-0.00020,7.000
7,89.062,-0.01,-0.0003,-0.00020,7.000
7,89.125,-0.01,-0.0003,-0.00020,7.000
7,89.188,-0.01,-0.0003,-0.00020,7.000
7,89.250,-0.01,-0.0003,-0.00020,7.000
7,89.312,-0.01,-0.0002,-0.00010,7.000
7,89.375,-0.01,-0.0002,-0.00010,7.000
7,89.438,0.00,-0.0002,-0.00010,7.000
7,89.500,0.00,-0.0002,-0.00010,7.000
7,89.562,-0.01,-0.0002,-0.00010,7.000
7,89.625,0.00,-0.0002,-0.00010,7.000
7,89.688,-0.01,-0.0002,-0.00010,7.000
7,89.750,-0.01,-0.0002,-0.00010,7.000
8,90.000,0.00,0.0584,0.05850,8.000
8,90.062,-0.01,0.1209,0.12102,8.000
8,90.125,0.00,0.1837,0.18380,8.000
8,90.188,0.00,0.2462,0.24628,8.000
8,90.250,-0.01,0.3087,0.30880,8.000
8,90.312,-0.01,0.3713,0.37137,8.000
8,90.375,0.00,0.4336,0.43370,8.000
8,90.438,0.00,0.4962,0.49628,8.000
8,90.500,-0.01,0.5585,0.55860,8.000
8,90.562,0.00,0.6212,0.62127,8.000
8,90.625,-0.01,0.6836,0.68370,8.000
8,90.688,0.00,0.7462,0.74630,8.000
8,90.750,-0.01,0.8087,0.80880,8.000
8,90.812,0.00,0.8711,0.87122,8.000
8,90.875,-0.01,0.9337,0.93380,8.000
8,90.938,0.00,0.9962,0.99625,8.000
8,91.000,-0.01,1.0587,1.05880,8.000
8,91.062,-0.01,1.1212,1.12132,8.000
8,91.125,0.00,1.1838,1.18395,8.000
8,91.188,0.00,1.2463,1.24638,8.000
8,91.250,0.00,1.3088,1.30890,8.000
8,91.312,0.00,1.3712,1.37130,8.000
8,91.375,-0.01,1.4336,1.43375,8.000
8,91.438,0.00,1.4963,1.49638,8.000
8,91.500,0.00,1.5586,1.55870,8.000
8,91.562,0.00,1.6213,1.62140,8.000
8,91.625,-0.01,1.6837,1.68380,8.000
8,91.688,0.00,1.7462,1.74635,8.000
8,91.750,0.00,1.8086,1.80870,8.000
8,91.812,0.00,1.8713,1.87140,8.000
8,91.875,0.00,1.9338,1.93390,8.000
8,91.938,0.02,1.9962,1.99630,8.000
8,92.000,0.03,2.0588,2.05890,8.000
8,92.062,0.05,2.1211,2.12122,8.000
8,92.125,0.06,2.1838,2.18385,8.000
8,92.188,0.09,2.2462,2.24635,8.000
8,92.250,0.11,2.3088,2.30890,8.000
8,92.312,0.15,2.3713,2.37142,8.000
8,92.375,0.20,2.4338,2.43390,8.000
8,92.438,0.26,2.4964,2.49645,8.000
8,92.500,0.35,2.5587,2.55880,8.000
8,92.562,0.47,2.6213,2.62140,8.000
8,92.625,0.60,2.6838,2.68390,8.000
8,92.688,0.76,2.7464,2.74655,8.000
8,92.750,0.94,2.8088,2.80890,8.000
8,92.812,1.15,2.8713,2.87145,8.000
8,92.875,1.39,2.9338,2.93390,8.000
8,92.938,1.66,2.9963,2.99635,8.000
8,93.000,1.96,3.0589,3.05900,8.000
8,93.062,2.30,3.1212,3.12132,8.000
8,93.125,2.67,3.1839,3.18395,8.000
8,93.188,3.09,3.2464,3.24645,8.000
8,93.250,3.55,3.3090,3.30910,8.000
8,93.312,4.05,3.3713,3.37145,8.000
8,93.375,4.60,3.4338,3.43395,8.000
8,93.438,5.20,3.4964,3.49645,8.000
8,93.500,5.84,3.5587,3.55880,8.000
8,93.562,6.55,3.6214,3.62147,8.000
8,93.625,7.31,3.6838,3.68385,8.000
8,93.688,8.14,3.7464,3.74648,8.000
8,93.750,9.02,3.8087,3.80880,8.000
8,93.812,9.98,3.8714,3.87147,8.000
8,93.875,11.00,3.9338,3.93385,8.000
8,93.938,12.08,3.9963,3.99643,8.000
8,94.000,13.22,4.0588,4.05890,8.000
8,94.062,14.44,4.1213,4.12137,8.000
8,94.125,15.74,4.1839,4.18400,8.000
8,94.188,17.12,4.2463,4.24640,8.000
8,94.250,18.57,4.3088,4.30890,8.000
8,94.312,20.13,4.3713,4.37137,8.000
8,94.375,21.78,4.4338,4.43390,8.000
8,94.438,23.52,4.4962,4.49630,8.000
8,94.500,25.38,4.5587,4.55880,8.000
8,94.562,27.36,4.6213,4.62142,8.000
8,94.625,29.51,4.6838,4.68390,8.000
8,94.750,30.97,4.7297,4.72980,8.000
8,94.812,26.76,4.6672,4.66728,8.000
8,94.875,23.48,4.6046,4.60465,8.000
8,94.938,20.75,4.5420,4.54212,8.000
8,95.000,18.38,4.4795,4.47960,8.000
8,95.062,16.34,4.4171,4.41718,8.000
8,95.125,14.53,4.3546,4.35470,8.000
8,95.188,12.95,4.2920,4.29208,8.000
8,95.250,11.53,4.2296,4.22970,8.000
8,95.312,10.29,4.1671,4.16718,8.000
8,95.375,9.18,4.1047,4.10475,8.000
8,95.438,8.19,4.0421,4.04218,8.000
8,95.500,7.30,3.9797,3.97980,8.000
8,95.562,6.50,3.9170,3.91713,8.000
8,95.625,5.79,3.8545,3.85460,8.000
8,95.688,5.15,3.7920,3.79208,8.000
8,95.750,4.59,3.7294,3.72950,8.000
8,95.812,4.08,3.6670,3.66713,8.000
8,95.875,3.62,3.6045,3.60455,8.000
8,95.938,3.21,3.5420,3.54213,8.000
8,96.000,2.84,3.4793,3.47940,8.000
8,96.062,2.51,3.4171,3.41718,8.000
8,96.125,2.21,3.3546,3.35465,8.000
8,96.188,1.93,3.2920,3.29208,8.000
8,96.250,1.68,3.2295,3.22960,8.000
8,96.312,1.45,3.1669,3.16703,8.000
8,96.375,1.25,3.1046,3.10465,8.000
8,96.438,1.07,3.0419,3.04200,8.000
8,96.500,0.91,2.9795,2.97960,8.000
8,96.562,0.74,2.9169,2.91700,8.000
8,96.625,0.60,2.8544,2.85455,8.000
8,96.688,0.47,2.7921,2.79218,8.000
8,96.750,0.37,2.7296,2.72970,8.000
8,96.812,0.28,2.6670,2.66713,8.000
8,96.875,0.20,2.6044,2.60445,8.000
8,96.938,0.14,2.5420,2.54205,8.000
8,97.000,0.11,2.4794,2.47950,8.000
8,97.062,0.08,2.4170,2.41710,8.000
8,97.125,0.05,2.3544,2.35445,8.000
8,97.188,0.03,2.2918,2.29192,8.000
8,97.250,0.02,2.2294,2.22950,8.000
8,97.312,0.01,2.1669,2.16698,8.000
8,97.375,0.01,2.1044,2.10450,8.000
8,97.438,0.01,2.0418,2.04190,8.000
8,97.500,-0.01,1.9795,1.97960,8.000
8,97.562,-0.01,1.9168,1.91685,8.000
8,97.625,-0.01,1.8544,1.85450,8.000
8,97.688,-0.01,1.7919,1.79195,8.000
8,97.750,-0.01,1.7294,1.72950,8.000
8,97.812,-0.01,1.6669,1.66700,8.000
8,97.875,-0.01,1.6043,1.60435,8.000
8,97.938,-0.01,1.5420,1.54205,8.000
8,98.000,-0.01,1.4792,1.47930,8.000
8,98.062,-0.01,1.4170,1.41705,8.000
8,98.125,-0.01,1.3542,1.35435,8.000
8,98.188,-0.01,1.2920,1.29208,8.000
8,98.250,-0.01,1.2295,1.22960,8.000
8,98.312,-0.01,1.1669,1.16703,8.000
8,98.375,-0.01,1.1044,1.10450,8.000
8,98.438,-0.01,1.0418,1.04190,8.000
8,98.500,0.00,0.9795,0.97960,8.000
8,98.562,-0.01,0.9168,0.91693,8.000
8,98.625,-0.01,0.8544,0.85450,8.000
8,98.688,0.00,0.7918,0.79195,8.000
8,98.750,-0.01,0.7294,0.72950,8.000
8,98.812,-0.01,0.6668,0.66690,8.000
8,98.875,-0.01,0.6042,0.60430,8.000
8,98.938,0.00,0.5418,0.54195,8.000
8,99.000,-0.01,0.4792,0.47930,8.000
8,99.062,0.00,0.4168,0.41690,8.000
8,99.125,-0.01,0.3542,0.35435,8.000
8,99.188,-0.01,0.2920,0.29208,8.000
8,99.250,0.00,0.2293,0.22940,8.000
8,99.312,-0.01,0.1669,0.16695,8.000
8,99.375,-0.01,0.1042,0.10430,8.000
8,99.438,-0.01,0.0416,0.04165,8.000
8,99.500,-0.01,-0.0206,-0.02050,8.000
8,99.625,-0.01,-0.0034,-0.00325,8.000
8,99.688,-0.01,-0.0003,-0.00023,8.000
8,99.750,0.00,-0.0004,-0.00030,8.000
8,99.812,-0.01,-0.0004,-0.00028,8.000
8,99.875,0.00,-0.0003,-0.00020,8.000
8,99.938,0.00,-0.0003,-0.00020,8.000
8,100.000,0.00,-0.0003,-0.00020,8.000
8,100.062,-0.01,-0.0003,-0.00020,8.000
8,100.125,-0.01,-0.0003,-0.00020,8.000
8,100.188,-0.01,-0.0003,-0.00020,8.000
8,100.250,0.00,-0.0003,-0.00020,8.000
8,100.312,-0.01,-0.0003,-0.00020,8.000
8,100.375,0.00,-0.0003,-0.00020,8.000
8,100.438,0.00,-0.0003,-0.00020,8.000
8,100.500,0.00,-0.0003,-0.00020,8.000
8,100.562,-0.01,-0.0003,-0.00020,8.000
8,100.625,0.00,-0.0003,-0.00020,8.000
8,100.688,0.00,-0.0003,-0.00020,8.000
8,100.750,-0.01,-0.0003,-0.00020,8.000
8,100.812,0.00,-0.0003,-0.00020,8.000
8,100.875,-0.01,-0.0003,-0.00020,8.000
8,100.938,-0.01,-0.0003,-0.00020,8.000
8,101.000,-0.01,-0.0003,-0.00020,8.000
8,101.062,-0.01,-0.0003,-0.00020,8.000
8,101.125,0.00,-0.0003,-0.00020,8.000
8,101.188,-0.01,-0.0003,-0.00020,8.000
8,101.250,-0.01,-0.0003,-0.00020,8.000
8,101.312,-0.01,-0.0003,-0.00020,8.000
8,101.375,-0.01,-0.0003,-0.00020,8.000
8,101.438,-0.01,-0.0003,-0.00020,8.000
8,101.500,-0.01,-0.0003,-0.00020,8.000
8,101.562,0.00,-0.0003,-0.00020,8.000
8,101.625,-0.01,-0.0003,-0.00020,8.000
8,101.688,-0.01,-0.0003,-0.00020,8.000
8,101.750,-0.01,-0.0003,-0.00020,8.000
8,101.812,-0.01,-0.0003,-0.00020,8.000
8,101.875,-0.01,-0.0003,-0.00020,8.000
8,101.938,0.00,-0.0003,-0.00020,8.000
8,102.000,0.00,-0.0003,-0.00020,8.000
8,102.062,-0.01,-0.0003,-0.00020,8.000
8,102.125,-0.01,-0.0003,-0.00020,8.000
8,102.188,-0.01,-0.0003,-0.00020,8.000
8,102.250,-0.01,-0.0003,-0.00020,8.000
8,102.312,-0.01,-0.0003,-0.00020,8.000
8,102.375,0.00,-0.0002,-0.00010,8.000
8,102.438,0.00,-0.0002,-0.00010,8.000
8,102.500,0.00,-0.0002,-0.00010,8.000
8,102.562,-0.01,-0.0002,-0.00010,8.000
9,102.812,0.00,0.0531,0.05317,9.000
9,102.875,0.00,0.1154,0.11550,9.000
9,102.938,0.00,0.1782,0.17830,9.000
9,103.000,0.00,0.2406,0.24070,9.000
9,103.062,0.00,0.3032,0.30330,9.000
9,103.125,0.00,0.3656,0.36570,9.000
9,103.188,0.00,0.4281,0.42822,9.000
9,103.250,0.00,0.4907,0.49080,9.000
9,103.312,0.00,0.5530,0.55312,9.000
9,103.375,0.00,0.6157,0.61580,9.000
9,103.438,0.00,0.6781,0.67820,9.000
9,103.500,0.00,0.7408,0.74090,9.000
9,103.562,0.00,0.8031,0.80322,9.000
9,103.625,0.00,0.8658,0.86585,9.000
9,103.688,0.00,0.9282,0.92828,9.000
9,103.750,0.00,0.9908,0.99090,9.000
9,103.812,0.00,1.0533,1.05340,9.000
9,103.875,0.00,1.1157,1.11580,9.000
9,103.938,0.00,1.1784,1.17848,9.000
9,104.000,0.00,1.2408,1.24090,9.000
9,104.062,0.00,1.3033,1.30340,9.000
9,104.125,0.00,1.3657,1.36580,9.000
9,104.188,0.00,1.4283,1.42838,9.000
9,104.250,0.00,1.4907,1.49080,9.000
9,104.312,0.00,1.5532,1.55327,9.000
9,104.375,0.00,1.6158,1.61585,9.000
9,104.438,0.00,1.6781,1.67822,9.000
9,104.500,0.00,1.7409,1.74100,9.000
9,104.562,0.00,1.8032,1.80332,9.000
9,104.625,0.00,1.8658,1.86595,9.000
9,104.688,0.01,1.9283,1.92838,9.000
9,104.750,0.02,1.9908,1.99090,9.000
9,104.812,0.04,2.0532,2.05332,9.000
9,104.875,0.05,2.1157,2.11580,9.000
9,104.938,0.07,2.1782,2.17830,9.000
9,105.000,0.09,2.2407,2.24080,9.000
9,105.062,0.11,2.3034,2.30347,9.000
9,105.125,0.15,2.3658,2.36585,9.000
9,105.188,0.20,2.4285,2.42855,9.000
9,105.250,0.26,2.4907,2.49080,9.000
9,105.312,0.35,2.5532,2.55335,9.000
9,105.375,0.46,2.6158,2.61590,9.000
9,105.438,0.59,2.6784,2.67845,9.000
9,105.500,0.74,2.7410,2.74110,9.000
9,105.562,0.93,2.8032,2.80332,9.000
9,105.625,1.14,2.8658,2.86595,9.000
9,105.688,1.37,2.9282,2.92830,9.000
9,105.750,1.64,2.9908,2.99090,9.000
9,105.812,1.94,3.0532,3.05335,9.000
9,105.875,2.27,3.1158,3.11595,9.000
9,105.938,2.64,3.1783,3.17843,9.000
9,106.000,3.05,3.2407,3.24080,9.000
9,106.062,3.51,3.3033,3.30345,9.000
9,106.125,4.01,3.3658,3.36595,9.000
9,106.188,4.55,3.4284,3.42850,9.000
9,106.250,5.14,3.4908,3.49090,9.000
9,106.312,5.79,3.5534,3.55347,9.000
9,106.375,6.49,3.6158,3.61590,9.000
9,106.438,7.25,3.6783,3.67843,9.000
9,106.500,8.06,3.7408,3.74090,9.000
9,106.562,8.95,3.8032,3.80332,9.000
9,106.625,9.89,3.8658,3.86595,9.000
9,106.688,10.91,3.9283,3.92838,9.000
9,106.750,11.98,3.9910,3.99110,9.000
9,106.812,13.12,4.0533,4.05340,9.000
9,106.875,14.33,4.1159,4.11600,9.000
9,106.938,15.62,4.1784,4.17845,9.000
9,107.000,16.99,4.2408,4.24090,9.000
9,107.062,18.44,4.3034,4.30347,9.000
9,107.125,19.99,4.3658,4.36585,9.000
9,107.188,21.62,4.4284,4.42845,9.000
9,107.250,23.37,4.4906,4.49070,9.000
9,107.312,25.22,4.5533,4.55345,9.000
9,107.375,27.19,4.6158,4.61590,9.000
9,107.438,29.31,4.6783,4.67843,9.000
9,107.562,31.43,4.7383,4.73835,9.000
9,107.625,27.27,4.6766,4.67670,9.000
9,107.688,23.90,4.6141,4.61418,9.000
9,107.750,21.09,4.5516,4.55170,9.000
9,107.812,18.71,4.4890,4.48908,9.000
9,107.875,16.62,4.4266,4.42670,9.000
9,107.938,14.78,4.3640,4.36410,9.000
9,108.000,13.16,4.3017,4.30180,9.000
9,108.062,11.74,4.2391,4.23918,9.000
9,108.125,10.47,4.1766,4.17665,9.000
9,108.188,9.34,4.1140,4.11412,9.000
9,108.250,8.33,4.0515,4.05160,9.000
9,108.312,7.43,3.9891,3.98923,9.000
9,108.375,6.63,3.9266,3.92665,9.000
9,108.438,5.90,3.8641,3.86420,9.000
9,108.500,5.25,3.8014,3.80150,9.000
9,108.562,4.68,3.7390,3.73910,9.000
9,108.625,4.17,3.6764,3.67655,9.000
9,108.688,3.70,3.6139,3.61403,9.000
9,108.750,3.28,3.5515,3.55160,9.000
9,108.812,2.90,3.4889,3.48900,9.000
9,108.875,2.56,3.4266,3.42670,9.000
9,108.938,2.26,3.3640,3.36410,9.000
9,109.000,1.98,3.3017,3.30180,9.000
9,109.062,1.73,3.2390,3.23905,9.000
9,109.125,1.49,3.1765,3.17660,9.000
9,109.188,1.29,3.1140,3.11408,9.000
9,109.250,1.10,3.0514,3.05150,9.000
9,109.312,0.93,2.9890,2.98910,9.000
9,109.375,0.77,2.9264,2.92650,9.000
9,109.438,0.62,2.8640,2.86410,9.000
9,109.500,0.49,2.8015,2.80160,9.000
9,109.562,0.39,2.7391,2.73920,9.000
9,109.625,0.29,2.6764,2.67655,9.000
9,109.688,0.22,2.6139,2.61403,9.000
9,109.750,0.16,2.5514,2.55150,9.000
9,109.812,0.12,2.4888,2.48893,9.000
9,109.875,0.08,2.4265,2.42660,9.000
9,109.938,0.06,2.3638,2.36392,9.000
9,110.000,0.04,2.3014,2.30150,9.000
9,110.062,0.03,2.2388,2.23893,9.000
9,110.125,0.02,2.1764,2.17650,9.000
9,110.188,0.02,2.1139,2.11398,9.000
9,110.250,0.02,2.0513,2.05140,9.000
9,110.312,0.01,1.9889,1.98900,9.000
9,110.375,0.00,1.9264,1.92645,9.000
9,110.438,0.00,1.8640,1.86405,9.000
9,110.500,0.01,1.8014,1.80150,9.000
9,110.562,0.00,1.7390,1.73905,9.000
9,110.625,0.00,1.6762,1.67635,9.000
9,110.688,0.00,1.6140,1.61405,9.000
9,110.750,0.00,1.5514,1.55150,9.000
9,110.812,0.00,1.4889,1.48898,9.000
9,110.875,0.00,1.4264,1.42645,9.000
9,110.938,0.00,1.3637,1.36382,9.000
9,111.000,0.00,1.3015,1.30160,9.000
9,111.062,0.00,1.2388,1.23888,9.000
9,111.125,0.00,1.1765,1.17660,9.000
9,111.188,0.00,1.1138,1.11395,9.000
9,111.250,0.00,1.0514,1.05150,9.000
9,111.312,0.00,0.9889,0.98895,9.000
9,111.375,0.00,0.9264,0.92645,9.000
9,111.438,0.00,0.8640,0.86408,9.000
9,111.500,0.00,0.8012,0.80130,9.000
9,111.562,0.00,0.7389,0.73900,9.000
9,111.625,0.00,0.6762,0.67630,9.000
9,111.688,0.00,0.6138,0.61395,9.000
9,111.750,0.00,0.5513,0.55140,9.000
9,111.812,0.00,0.4888,0.48888,9.000
9,111.875,0.00,0.4263,0.42640,9.000
9,111.938,0.00,0.3638,0.36385,9.000
9,112.000,0.00,0.3014,0.30150,9.000
9,112.062,0.01,0.2387,0.23883,9.000
9,112.125,0.00,0.1764,0.17650,9.000
9,112.188,0.00,0.1136,0.11372,9.000
9,112.250,0.00,0.0512,0.05130,9.000
9,112.312,0.00,-0.0113,-0.01122,9.000
9,112.438,0.00,-0.0234,-0.02335,9.000
9,112.500,0.00,-0.0003,-0.00020,9.000
9,112.562,0.00,-0.0004,-0.00030,9.000
9,112.625,0.00,-0.0004,-0.00030,9.000
9,112.688,0.00,-0.0004,-0.00030,9.000
9,112.750,0.00,-0.0004,-0.00030,9.000
9,112.812,-0.01,-0.0004,-0.00030,9.000
9,112.875,0.00,-0.0004,-0.00030,9.000
9,112.938,0.00,-0.0004,-0.00030,9.000
9,113.000,0.00,-0.0004,-0.00030,9.000
9,113.062,0.00,-0.0004,-0.00030,9.000
9,113.125,0.00,-0.0004,-0.00030,9.000
9,113.188,0.00,-0.0004,-0.00030,9.000
9,113.250,0.01,-0.0004,-0.00030,9.000
9,113.312,0.01,-0.0004,-0.00030,9.000
9,113.375,0.00,-0.0003,-0.00020,9.000
9,113.438,0.00,-0.0003,-0.00020,9.000
9,113.500,0.00,-0.0003,-0.00020,9.000
9,113.562,0.00,-0.0003,-0.00020,9.000
9,113.625,0.00,-0.0003,-0.00020,9.000
9,113.688,0.00,-0.0003,-0.00020,9.000
9,113.750,0.00,-0.0003,-0.00020,9.000
9,113.812,0.00,-0.0003,-0.00020,9.000
9,113.875,0.00,-0.0003,-0.00020,9.000
9,113.938,0.00,-0.0003,-0.00020,9.000
9,114.000,0.00,-0.0003,-0.00020,9.000
9,114.062,0.00,-0.0003,-0.00020,9.000
9,114.125,0.00,-0.0003,-0.00020,9.000
9,114.188,0.00,-0.0003,-0.00020,9.000
9,114.250,0.00,-0.0003,-0.00020,9.000
9,114.312,0.00,-0.0003,-0.00020,9.000
9,114.375,0.00,-0.0003,-0.00020,9.000
9,114.438,0.00,-0.0003,-0.00020,9.000
9,114.500,0.00,-0.0003,-0.00020,9.000
9,114.562,0.00,-0.0003,-0.00020,9.000
9,114.625,0.00,-0.0003,-0.00020,9.000
9,114.688,0.00,-0.0003,-0.00020,9.000
9,114.750,0.00,-0.0003,-0.00020,9.000
9,114.812,0.00,-0.0003,-0.00020,9.000
9,114.875,0.00,-0.0003,-0.00020,9.000
9,114.938,0.00,-0.0003,-0.00020,9.000
9,115.000,0.00,-0.0003,-0.00020,9.000
9,115.062,0.00,-0.0003,-0.00020,9.000
9,115.125,0.00,-0.0003,-0.00020,9.000
9,115.188,0.01,-0.0002,-0.00010,9.000
9,115.250,0.00,-0.0002,-0.00010,9.000
9,115.312,0.00,-0.0002,-0.00010,9.000
9,115.375,0.00,-0.0002,-0.00010,9.000
10,115.625,0.00,0.0465,0.04655,10.000
10,115.688,0.00,0.1089,0.10902,10.000
10,115.750,0.00,0.1717,0.17180,10.000
10,115.812,0.00,0.2342,0.23430,10.000
10,115.875,-0.01,0.2968,0.29685,10.000
10,115.938,-0.01,0.3591,0.35920,10.000
10,116.000,0.00,0.4218,0.42190,10.000
10,116.062,-0.01,0.4841,0.48422,10.000
10,116.125,-0.01,0.5467,0.54675,10.000
10,116.188,0.00,0.6092,0.60928,10.000
10,116.250,-0.01,0.6717,0.67180,10.000
10,116.312,-0.01,0.7342,0.73430,10.000
10,116.375,0.00,0.7967,0.79680,10.000
10,116.438,-0.01,0.8593,0.85938,10.000
10,116.500,-0.01,0.9217,0.92180,10.000
10,116.562,-0.01,0.9843,0.98445,10.000
10,116.625,-0.01,1.0467,1.04680,10.000
10,116.688,0.00,1.1092,1.10933,10.000
10,116.750,-0.01,1.1718,1.17190,10.000
10,116.812,0.00,1.2343,1.23437,10.000
10,116.875,0.00,1.2968,1.29690,10.000
10,116.938,-0.01,1.3591,1.35923,10.000
10,117.000,0.00,1.4218,1.42190,10.000
10,117.062,-0.01,1.4841,1.48425,10.000
10,117.125,0.00,1.5468,1.54685,10.000
10,117.188,-0.01,1.6092,1.60930,10.000
10,117.250,-0.01,1.6717,1.67180,10.000
10,117.312,0.00,1.7343,1.73442,10.000
10,117.375,0.00,1.7968,1.79685,10.000
10,117.438,0.00,1.8593,1.85940,10.000
10,117.500,0.00,1.9217,1.92180,10.000
10,117.562,0.01,1.9843,1.98440,10.000
10,117.625,0.03,2.0467,2.04680,10.000
10,117.688,0.05,2.1093,2.10940,10.000
10,117.750,0.06,2.1718,2.17190,10.000
10,117.812,0.08,2.2343,2.23442,10.000
10,117.875,0.11,2.2968,2.29690,10.000
10,117.938,0.14,2.3592,2.35935,10.000
10,118.000,0.18,2.4219,2.42200,10.000
10,118.062,0.25,2.4842,2.48430,10.000
10,118.125,0.34,2.5468,2.54690,10.000
10,118.188,0.44,2.6092,2.60930,10.000
10,118.250,0.57,2.6719,2.67200,10.000
10,118.312,0.72,2.7344,2.73450,10.000
10,118.375,0.90,2.7968,2.79695,10.000
10,118.438,1.10,2.8593,2.85940,10.000
10,118.500,1.34,2.9217,2.92180,10.000
10,118.562,1.60,2.9843,2.98445,10.000
10,118.625,1.90,3.0468,3.04685,10.000
10,118.688,2.23,3.1094,3.10950,10.000
10,118.750,2.59,3.1719,3.17200,10.000
10,118.812,3.00,3.2344,3.23450,10.000
10,118.875,3.45,3.2969,3.29700,10.000
10,118.938,3.94,3.3594,3.35953,10.000
10,119.000,4.48,3.4218,3.42190,10.000
10,119.062,5.07,3.4842,3.48432,10.000
10,119.125,5.70,3.5469,3.54700,10.000
10,119.188,6.40,3.6093,3.60940,10.000
10,119.250,7.14,3.6719,3.67200,10.000
10,119.312,7.96,3.7343,3.73440,10.000
10,119.375,8.84,3.7968,3.79690,10.000
10,119.438,9.78,3.8593,3.85940,10.000
10,119.500,10.78,3.9218,3.92190,10.000
10,119.562,11.84,3.9844,3.98452,10.000
10,119.625,12.98,4.0468,4.04695,10.000
10,119.688,14.18,4.1094,4.10950,10.000
10,119.750,15.47,4.1718,4.17190,10.000
10,119.812,16.82,4.2344,4.23452,10.000
10,119.875,18.27,4.2968,4.29690,10.000
10,119.938,19.81,4.3593,4.35942,10.000
10,120.000,21.43,4.4218,4.42190,10.000
10,120.062,23.16,4.4842,4.48430,10.000
10,120.125,25.00,4.5468,4.54695,10.000
10,120.188,26.97,4.6093,4.60938,10.000
10,120.250,29.07,4.6719,4.67200,10.000
10,120.375,31.77,4.7445,4.74460,10.000
10,120.438,27.76,4.6850,4.68512,10.000
10,120.500,24.28,4.6227,4.62280,10.000
10,120.562,21.43,4.5601,4.56023,10.000
10,120.625,18.99,4.4975,4.49760,10.000
10,120.688,16.86,4.4350,4.43512,10.000
10,120.750,14.99,4.3725,4.37260,10.000
10,120.812,13.35,4.3101,4.31023,10.000
10,120.875,11.90,4.2475,4.24755,10.000
10,120.938,10.62,4.1852,4.18525,10.000
10,121.000,9.47,4.1225,4.12260,10.000
10,121.062,8.45,4.0602,4.06025,10.000
10,121.125,7.53,3.9976,3.99770,10.000
10,121.188,6.71,3.9351,3.93520,10.000
10,121.250,5.97,3.8725,3.87260,10.000
10,121.312,5.32,3.8099,3.81003,10.000
10,121.375,4.73,3.7476,3.74770,10.000
10,121.438,4.21,3.6849,3.68500,10.000
10,121.500,3.75,3.6226,3.62270,10.000
10,121.562,3.32,3.5600,3.56010,10.000
10,121.625,2.94,3.4975,3.49760,10.000
10,121.688,2.59,3.4351,3.43515,10.000
10,121.750,2.28,3.3725,3.37260,10.000
10,121.812,2.00,3.3101,3.31020,10.000
10,121.875,1.75,3.2474,3.24755,10.000
10,121.938,1.52,3.1851,3.18520,10.000
10,122.000,1.31,3.1225,3.12260,10.000
10,122.062,1.12,3.0600,3.06013,10.000
10,122.125,0.94,2.9974,2.99755,10.000
10,122.188,0.79,2.9350,2.93505,10.000
10,122.250,0.64,2.8726,2.87270,10.000
10,122.312,0.50,2.8100,2.81008,10.000
10,122.375,0.39,2.7476,2.74775,10.000
10,122.438,0.30,2.6849,2.68503,10.000
10,122.500,0.22,2.6225,2.62260,10.000
10,122.562,0.16,2.5599,2.55998,10.000
10,122.625,0.12,2.4974,2.49755,10.000
10,122.688,0.08,2.4350,2.43508,10.000
10,122.750,0.06,2.3724,2.37250,10.000
10,122.812,0.04,2.3099,2.31003,10.000
10,122.875,0.03,2.2474,2.24745,10.000
10,122.938,0.01,2.1850,2.18508,10.000
10,123.000,0.01,2.1222,2.12230,10.000
10,123.062,0.01,2.0599,2.06000,10.000
10,123.125,0.00,1.9973,1.99735,10.000
10,123.188,0.00,1.9349,1.93500,10.000
10,123.250,-0.01,1.8724,1.87250,10.000
10,123.312,-0.01,1.8099,1.81003,10.000
10,123.375,-0.01,1.7474,1.74750,10.000
10,123.438,-0.01,1.6848,1.68485,10.000
10,123.500,-0.01,1.6224,1.62250,10.000
10,123.562,-0.01,1.5598,1.55990,10.000
10,123.625,-0.01,1.4974,1.49750,10.000
10,123.688,0.00,1.4349,1.43495,10.000
10,123.750,0.00,1.3723,1.37240,10.000
10,123.812,-0.01,1.3099,1.30995,10.000
10,123.875,-0.01,1.2474,1.24750,10.000
10,123.938,0.00,1.1849,1.18500,10.000
10,124.000,0.00,1.1222,1.12230,10.000
10,124.062,0.00,1.0600,1.06008,10.000
10,124.125,-0.01,0.9973,0.99740,10.000
10,124.188,-0.01,0.9348,0.93495,10.000
10,124.250,-0.01,0.8724,0.87250,10.000
10,124.312,0.00,0.8099,0.80995,10.000
10,124.375,0.00,0.7474,0.74750,10.000
10,124.438,-0.01,0.6848,0.68490,10.000
10,124.500,0.00,0.6223,0.62240,10.000
10,124.562,-0.01,0.5597,0.55975,10.000
10,124.625,0.00,0.4974,0.49745,10.000
10,124.688,-0.01,0.4348,0.43485,10.000
10,124.750,0.00,0.3723,0.37240,10.000
10,124.812,-0.01,0.3099,0.31000,10.000
10,124.875,0.00,0.2474,0.24745,10.000
10,124.938,0.00,0.1849,0.18500,10.000
10,125.000,-0.01,0.1222,0.12230,10.000
10,125.062,-0.01,0.0596,0.05973,10.000
10,125.125,-0.01,-0.0028,-0.00275,10.000
10,125.250,0.00,-0.0319,-0.03180,10.000
10,125.312,-0.01,-0.0006,-0.00050,10.000
10,125.375,-0.01,-0.0004,-0.00030,10.000
10,125.438,-0.01,-0.0004,-0.00030,10.000
10,125.500,-0.01,-0.0004,-0.00030,10.000
10,125.562,-0.01,-0.0004,-0.00030,10.000
10,125.625,-0.01,-0.0004,-0.00030,10.000
10,125.688,0.00,-0.0004,-0.00030,10.000
10,125.750,0.00,-0.0004,-0.00030,10.000
10,125.812,-0.01,-0.0004,-0.00030,10.000
10,125.875,0.00,-0.0004,-0.00030,10.000
10,125.938,0.00,-0.0004,-0.00030,10.000
10,126.000,-0.01,-0.0004,-0.00030,10.000
10,126.062,0.00,-0.0004,-0.00030,10.000
10,126.125,-0.01,-0.0003,-0.00020,10.000
10,126.188,-0.01,-0.0003,-0.00020,10.000
10,126.250,-0.01,-0.0003,-0.00020,10.000
10,126.312,0.00,-0.0003,-0.00020,10.000
10,126.375,-0.01,-0.0003,-0.00020,10.000
10,126.438,0.00,-0.0003,-0.00020,10.000
10,126.500,-0.01,-0.0003,-0.00020,10.000
10,126.562,0.00,-0.0003,-0.00020,10.000
10,126.625,0.00,-0.0003,-0.00020,10.000
10,126.688,0.00,-0.0003,-0.00020,10.000
10,126.750,-0.01,-0.0003,-0.00020,10.000
10,126.812,0.00,-0.0003,-0.00020,10.000
10,126.875,0.00,-0.0003,-0.00020,10.000
10,126.938,0.00,-0.0003,-0.00020,10.000
10,127.000,-0.01,-0.0003,-0.00020,10.000
10,127.062,0.00,-0.0003,-0.00020,10.000
10,127.125,-0.01,-0.0003,-0.00020,10.000
10,127.188,-0.01,-0.0003,-0.00020,10.000
10,127.250,0.00,-0.0003,-0.00020,10.000
10,127.312,0.00,-0.0003,-0.00020,10.000
10,127.375,0.00,-0.0003,-0.00020,10.000
10,127.438,0.00,-0.0003,-0.00020,10.000
10,127.500,0.00,-0.0003,-0.00020,10.000
10,127.562,0.00,-0.0003,-0.00020,10.000
10,127.625,0.00,-0.0003,-0.00020,10.000
10,127.688,0.00,-0.0003,-0.00020,10.000
10,127.750,0.00,-0.0003,-0.00020,10.000
10,127.812,0.00,-0.0003,-0.00020,10.000
10,127.875,0.00,-0.0003,-0.00020,10.000
10,127.938,0.00,-0.0003,-0.00020,10.000
10,128.000,-0.01,-0.0002,-0.00010,10.000
10,128.062,0.00,-0.0002,-0.00010,10.000
10,128.125,0.00,-0.0002,-0.00010,10.000
10,128.188,-0.01,-0.0002,-0.00010,10.000


