""
"Test Method","Radhen_Load_Cntrl_Cmprsn_250N_12-7.msm"
"Sample I. D.","Sample1.mss"
"Specimen Number","7"

"TheCycle_Output ()","_Time (s)","_Load (N)","_Extension (mm)","RealTimeDepth (mm)","CycleNumber ()"

1,0.312,0.00,0.0697,0.06970,1.000
1,0.375,0.00,0.1322,0.13225,1.000
1,0.438,0.00,0.1947,0.19470,1.000
1,0.500,0.00,0.2573,0.25730,1.000
1,0.562,0.00,0.3198,0.31980,1.000
1,0.625,0.00,0.3824,0.38240,1.000
1,0.688,0.00,0.4450,0.44497,1.000
1,0.750,0.00,0.5074,0.50740,1.000
1,0.812,0.00,0.5700,0.56998,1.000
1,0.875,0.00,0.6324,0.63235,1.000
1,0.938,0.00,0.6951,0.69507,1.000
1,1.000,0.00,0.7574,0.75740,1.000
1,1.062,0.00,0.8200,0.81998,1.000
1,1.125,0.00,0.8825,0.88250,1.000
1,1.188,0.00,0.9450,0.94505,1.000
1,1.250,0.01,1.0076,1.00760,1.000
1,1.312,0.00,1.0699,1.06990,1.000
1,1.375,0.00,1.1324,1.13245,1.000
1,1.438,0.00,1.1949,1.19488,1.000
1,1.500,0.00,1.2576,1.25760,1.000
1,1.562,0.00,1.3200,1.32000,1.000
1,1.625,0.00,1.3824,1.38245,1.000
1,1.688,0.00,1.4450,1.44500,1.000
1,1.750,0.00,1.5074,1.50740,1.000
1,1.812,0.00,1.5701,1.57010,1.000
1,1.875,0.00,1.6326,1.63255,1.000
1,1.938,0.00,1.6952,1.69518,1.000
1,2.000,0.00,1.7575,1.75750,1.000
1,2.062,0.00,1.8200,1.82000,1.000
1,2.125,0.00,1.8826,1.88255,1.000
1,2.188,0.00,1.9450,1.94498,1.000
1,2.250,0.00,2.0076,2.00760,1.000
1,2.312,0.00,2.0701,2.07008,1.000
1,2.375,0.00,2.1326,2.13265,1.000
1,2.438,0.00,2.1951,2.19508,1.000
1,2.500,0.01,2.2577,2.25770,1.000
1,2.562,0.02,2.3200,2.32002,1.000
1,2.625,0.04,2.3827,2.38270,1.000
1,2.688,0.07,2.4452,2.44515,1.000
1,2.750,0.10,2.5077,2.50770,1.000
1,2.812,0.14,2.5702,2.57015,1.000
1,2.875,0.21,2.6326,2.63255,1.000
1,2.938,0.29,2.6952,2.69522,1.000
1,3.000,0.39,2.7576,2.75760,1.000
1,3.062,0.51,2.8202,2.82015,1.000
1,3.125,0.66,2.8826,2.88265,1.000
1,3.188,0.81,2.9453,2.94530,1.000
1,3.250,1.00,3.0077,3.00770,1.000
1,3.312,1.22,3.0702,3.07018,1.000
1,3.375,1.46,3.1328,3.13275,1.000
1,3.438,1.72,3.1951,3.19512,1.000
1,3.500,2.01,3.2578,3.25780,1.000
1,3.562,2.34,3.3200,3.32005,1.000
1,3.625,2.70,3.3827,3.38270,1.000
1,3.688,3.09,3.4452,3.44518,1.000
1,3.750,3.52,3.5076,3.50760,1.000
1,3.812,3.98,3.5702,3.57020,1.000
1,3.875,4.48,3.6327,3.63270,1.000
1,3.938,5.01,3.6952,3.69520,1.000
1,4.000,5.58,3.7576,3.75760,1.000
1,4.062,6.19,3.8203,3.82027,1.000
1,4.125,6.85,3.8827,3.88270,1.000
1,4.188,7.55,3.9452,3.94515,1.000
1,4.250,8.30,4.0077,4.00770,1.000
1,4.312,9.10,4.0702,4.07015,1.000
1,4.375,9.96,4.1326,4.13265,1.000
1,4.438,10.87,4.1951,4.19510,1.000
1,4.500,11.83,4.2579,4.25790,1.000
1,4.562,12.86,4.3202,4.32020,1.000
1,4.625,13.93,4.3827,4.38275,1.000
1,4.688,15.09,4.4452,4.44518,1.000
1,4.750,16.32,4.5078,4.50780,1.000
1,4.812,17.61,4.5702,4.57022,1.000
1,4.875,19.00,4.6327,4.63270,1.000
1,4.938,20.46,4.6952,4.69520,1.000
1,5.000,22.03,4.7576,4.75760,1.000
1,5.062,23.69,4.8203,4.82032,1.000
1,5.125,25.46,4.8827,4.88275,1.000
1,5.188,27.34,4.9454,4.94538,1.000
1,5.250,29.38,5.0078,5.00780,1.000
1,5.312,31.57,5.0702,5.07018,1.000
1,5.375,33.90,5.1327,5.13275,1.000
1,5.438,36.47,5.1952,5.19520,1.000
1,5.500,39.24,5.2578,5.25780,1.000
1,5.562,42.29,5.3202,5.32022,1.000
1,5.625,45.53,5.3828,5.38280,1.000
1,5.688,49.09,5.4452,5.44518,1.000
1,5.812,50.00,5.4860,5.48603,1.000
1,5.875,41.30,5.4236,5.42355,1.000
1,5.938,35.26,5.3610,5.36098,1.000
1,6.000,30.62,5.2986,5.29860,1.000
1,6.062,26.88,5.2360,5.23603,1.000
1,6.125,23.72,5.1736,5.17355,1.000
1,6.188,21.02,5.1110,5.11098,1.000
1,6.250,18.69,5.0486,5.04860,1.000
1,6.312,16.65,4.9861,4.98608,1.000
1,6.375,14.86,4.9236,4.92360,1.000
1,6.438,13.27,4.8611,4.86112,1.000
1,6.500,11.87,4.7985,4.79850,1.000
1,6.562,10.65,4.7362,4.73615,1.000
1,6.625,9.57,4.6735,4.67350,1.000
1,6.688,8.60,4.6111,4.61112,1.000
1,6.750,7.77,4.5486,4.54860,1.000
1,6.812,7.03,4.4861,4.48605,1.000
1,6.875,6.38,4.4236,4.42360,1.000
1,6.938,5.80,4.3610,4.36095,1.000
1,7.000,5.29,4.2986,4.29860,1.000
1,7.062,4.84,4.2359,4.23593,1.000
1,7.125,4.43,4.1735,4.17350,1.000
1,7.188,4.07,4.1109,4.11090,1.000
1,7.250,3.74,4.0485,4.04850,1.000
1,7.312,3.43,3.9860,3.98603,1.000
1,7.375,3.14,3.9234,3.92340,1.000
1,7.438,2.86,3.8610,3.86100,1.000
1,7.500,2.59,3.7983,3.79830,1.000
1,7.562,2.33,3.7360,3.73600,1.000
1,7.625,2.09,3.6735,3.67345,1.000
1,7.688,1.86,3.6111,3.61110,1.000
1,7.750,1.66,3.5485,3.54850,1.000
1,7.812,1.45,3.4859,3.48585,1.000
1,7.875,1.27,3.4234,3.42340,1.000
1,7.938,1.10,3.3609,3.36085,1.000
1,8.000,0.93,3.2984,3.29840,1.000
1,8.062,0.78,3.2357,3.23573,1.000
1,8.125,0.65,3.1735,3.17345,1.000
1,8.188,0.52,3.1109,3.11090,1.000
1,8.250,0.42,3.0485,3.04850,1.000
1,8.312,0.32,2.9860,2.98600,1.000
1,8.375,0.24,2.9234,2.92335,1.000
1,8.438,0.18,2.8610,2.86098,1.000
1,8.500,0.12,2.7983,2.79830,1.000
1,8.562,0.08,2.7360,2.73595,1.000
1,8.625,0.05,2.6733,2.67325,1.000
1,8.688,0.03,2.6108,2.61085,1.000
1,8.750,0.03,2.5484,2.54840,1.000
1,8.812,0.01,2.4860,2.48595,1.000
1,8.875,0.01,2.4235,2.42350,1.000
1,8.938,0.00,2.3608,2.36082,1.000
1,9.000,0.00,2.2984,2.29840,1.000
1,9.062,-0.01,2.2357,2.23573,1.000
1,9.125,0.00,2.1734,2.17335,1.000
1,9.188,0.00,2.1108,2.11085,1.000
1,9.250,0.00,2.0484,2.04840,1.000
1,9.312,0.00,1.9858,1.98580,1.000
1,9.375,0.00,1.9233,1.92330,1.000
1,9.438,0.00,1.8608,1.86080,1.000
1,9.500,0.00,1.7982,1.79820,1.000
1,9.562,0.00,1.7359,1.73590,1.000
1,9.625,0.00,1.6733,1.67330,1.000
1,9.688,0.00,1.6109,1.61090,1.000
1,9.750,0.00,1.5481,1.54810,1.000
1,9.812,0.00,1.4859,1.48585,1.000
1,9.875,0.00,1.4233,1.42325,1.000
1,9.938,0.00,1.3608,1.36082,1.000
1,10.000,-0.01,1.2984,1.29840,1.000
1,10.062,0.00,1.2357,1.23568,1.000
1,10.125,0.00,1.1733,1.17325,1.000
1,10.188,0.00,1.1107,1.11075,1.000
1,10.250,0.00,1.0485,1.04850,1.000
1,10.312,0.00,0.9859,0.98588,1.000
1,10.375,0.00,0.9234,0.92340,1.000
1,10.438,0.00,0.8608,0.86077,1.000
1,10.500,0.00,0.7983,0.79830,1.000
1,10.562,0.00,0.7359,0.73590,1.000
1,10.625,0.00,0.6733,0.67325,1.000
1,10.688,0.00,0.6108,0.61080,1.000
1,10.750,0.00,0.5481,0.54810,1.000
1,10.812,0.00,0.4859,0.48585,1.000
1,10.875,0.00,0.4233,0.42325,1.000
1,10.938,0.00,0.3608,0.36080,1.000
1,11.000,0.00,0.2981,0.29810,1.000
1,11.062,0.00,0.2357,0.23568,1.000
1,11.125,0.00,0.1732,0.17320,1.000
1,11.188,0.00,0.1106,0.11062,1.000
1,11.250,0.00,0.0483,0.04830,1.000
1,11.438,0.00,-0.0004,-0.00045,1.000
1,11.500,0.00,-0.0003,-0.00030,1.000
1,11.562,0.00,-0.0003,-0.00030,1.000
1,11.625,0.00,-0.0003,-0.00030,1.000
1,11.688,0.00,-0.0003,-0.00030,1.000
1,11.750,0.00,-0.0003,-0.00030,1.000
1,11.812,0.00,-0.0003,-0.00030,1.000
1,11.875,0.00,-0.0003,-0.00030,1.000
1,11.938,0.00,-0.0003,-0.00030,1.000
1,12.000,0.00,-0.0003,-0.00030,1.000
1,12.062,0.00,-0.0003,-0.00030,1.000
1,12.125,0.00,-0.0003,-0.00030,1.000
1,12.188,0.00,-0.0003,-0.00030,1.000
1,12.250,-0.01,-0.0003,-0.00030,1.000
1,12.312,0.00,-0.0003,-0.00030,1.000
1,12.375,0.00,-0.0003,-0.00030,1.000
1,12.438,0.00,-0.0003,-0.00030,1.000
1,12.500,0.00,-0.0003,-0.00030,1.000
1,12.562,0.00,-0.0003,-0.00030,1.000
1,12.625,0.00,-0.0003,-0.00030,1.000
1,12.688,0.00,-0.0002,-0.00020,1.000
1,12.750,0.00,-0.0002,-0.00020,1.000
1,12.812,-0.01,-0.0002,-0.00020,1.000
1,12.875,0.00,-0.0002,-0.00020,1.000
1,12.938,0.00,-0.0002,-0.00020,1.000
1,13.000,0.00,-0.0002,-0.00020,1.000
1,13.062,0.00,-0.0002,-0.00020,1.000
1,13.125,0.00,-0.0002,-0.00020,1.000
1,13.188,0.00,-0.0002,-0.00020,1.000
1,13.250,0.00,-0.0002,-0.00020,1.000
1,13.312,0.00,-0.0002,-0.00020,1.000
1,13.375,0.00,-0.0002,-0.00020,1.000
1,13.438,0.00,-0.0002,-0.00020,1.000
1,13.500,0.00,-0.0002,-0.00020,1.000
1,13.562,0.00,-0.0002,-0.00020,1.000
1,13.625,-0.01,-0.0002,-0.00020,1.000
1,13.688,0.00,-0.0002,-0.00020,1.000
1,13.750,-0.01,-0.0002,-0.00020,1.000
1,13.812,0.00,-0.0002,-0.00020,1.000
1,13.875,0.00,-0.0002,-0.00020,1.000
1,13.938,0.00,-0.0002,-0.00020,1.000
1,14.000,0.00,-0.0002,-0.00020,1.000
1,14.062,0.00,-0.0002,-0.00020,1.000
1,14.125,0.00,-0.0002,-0.00020,1.000
1,14.188,0.00,-0.0002,-0.00020,1.000
1,14.250,0.00,-0.0002,-0.00020,1.000
1,14.312,0.00,-0.0002,-0.00020,1.000
1,14.375,0.00,-0.0002,-0.00020,1.000
2,14.688,0.00,0.0950,0.09510,2.000
2,14.750,0.00,0.1575,0.15760,2.000
2,14.812,0.00,0.2200,0.22007,2.000
2,14.875,0.00,0.2825,0.28265,2.000
2,14.938,0.00,0.3450,0.34508,2.000
2,15.000,0.00,0.4077,0.40780,2.000
2,15.062,0.01,0.4700,0.47007,2.000
2,15.125,0.00,0.5326,0.53275,2.000
2,15.188,0.00,0.5950,0.59508,2.000
2,15.250,0.01,0.6576,0.65770,2.000
2,15.312,0.00,0.7201,0.72022,2.000
2,15.375,0.00,0.7826,0.78275,2.000
2,15.438,0.00,0.8451,0.84520,2.000
2,15.500,0.00,0.9075,0.90760,2.000
2,15.562,0.00,0.9703,0.97040,2.000
2,15.625,0.00,1.0326,1.03275,2.000
2,15.688,0.00,1.0952,1.09530,2.000
2,15.750,0.00,1.1575,1.15760,2.000
2,15.812,0.00,1.2201,1.22025,2.000
2,15.875,0.00,1.2825,1.28265,2.000
2,15.938,0.00,1.3451,1.34515,2.000
2,16.000,0.00,1.4077,1.40780,2.000
2,16.062,0.00,1.4701,1.47020,2.000
2,16.125,0.00,1.5326,1.53275,2.000
2,16.188,0.00,1.5951,1.59522,2.000
2,16.250,0.00,1.6578,1.65790,2.000
2,16.312,0.00,1.7201,1.72023,2.000
2,16.375,0.00,1.7826,1.78270,2.000
2,16.438,0.00,1.8451,1.84525,2.000
2,16.500,0.00,1.9075,1.90760,2.000
2,16.562,0.00,1.9702,1.97025,2.000
2,16.625,0.00,2.0326,2.03270,2.000
2,16.688,0.00,2.0953,2.09537,2.000
2,16.750,0.00,2.1576,2.15770,2.000
2,16.812,0.00,2.2203,2.22035,2.000
2,16.875,0.01,2.2827,2.28275,2.000
2,16.938,0.02,2.3452,2.34530,2.000
2,17.000,0.04,2.4077,2.40780,2.000
2,17.062,0.06,2.4702,2.47030,2.000
2,17.125,0.09,2.5328,2.53285,2.000
2,17.188,0.13,2.5951,2.59525,2.000
2,17.250,0.19,2.6577,2.65780,2.000
2,17.312,0.27,2.7202,2.72025,2.000
2,17.375,0.36,2.7828,2.78285,2.000
2,17.438,0.48,2.8452,2.84532,2.000
2,17.500,0.62,2.9078,2.90790,2.000
2,17.562,0.78,2.9703,2.97043,2.000
2,17.625,0.97,3.0328,3.03295,2.000
2,17.688,1.19,3.0954,3.09547,2.000
2,17.750,1.43,3.1577,3.15780,2.000
2,17.812,1.69,3.2203,3.22038,2.000
2,17.875,1.99,3.2827,3.28280,2.000
2,17.938,2.32,3.3453,3.34540,2.000
2,18.000,2.68,3.4078,3.40790,2.000
2,18.062,3.08,3.4703,3.47035,2.000
2,18.125,3.52,3.5328,3.53285,2.000
2,18.188,3.99,3.5952,3.59530,2.000
2,18.250,4.50,3.6579,3.65800,2.000
2,18.312,5.04,3.7202,3.72030,2.000
2,18.375,5.62,3.7828,3.78295,2.000
2,18.438,6.24,3.8452,3.84530,2.000
2,18.500,6.91,3.9078,3.90790,2.000
2,18.562,7.63,3.9703,3.97040,2.000
2,18.625,8.40,4.0328,4.03285,2.000
2,18.688,9.21,4.0952,4.09530,2.000
2,18.750,10.09,4.1576,4.15770,2.000
2,18.812,11.01,4.2203,4.22038,2.000
2,18.875,11.99,4.2828,4.28285,2.000
2,18.938,13.02,4.3454,4.34547,2.000
2,19.000,14.12,4.4078,4.40790,2.000
2,19.062,15.28,4.4704,4.47045,2.000
2,19.125,16.50,4.5328,4.53290,2.000
2,19.188,17.80,4.5952,4.59535,2.000
2,19.250,19.16,4.6578,4.65790,2.000
2,19.312,20.63,4.7202,4.72030,2.000
2,19.375,22.18,4.7828,4.78295,2.000
2,19.438,23.84,4.8454,4.84547,2.000
2,19.500,25.60,4.9080,4.90810,2.000
2,19.562,27.46,4.9703,4.97038,2.000
2,19.625,29.49,5.0328,5.03290,2.000
2,19.688,31.65,5.0953,5.09537,2.000
2,19.750,33.98,5.1577,5.15780,2.000
2,19.812,36.53,5.2204,5.22048,2.000
2,19.875,39.35,5.2828,5.28290,2.000
2,19.938,42.44,5.3454,5.34555,2.000
2,20.000,45.87,5.4077,5.40780,2.000
2,20.062,49.80,5.4703,5.47038,2.000
2,20.188,50.40,5.5008,5.50093,2.000
2,20.250,41.51,5.4384,5.43850,2.000
2,20.312,35.44,5.3762,5.37635,2.000
2,20.375,30.79,5.3136,5.31375,2.000
2,20.438,27.00,5.2512,5.25130,2.000
2,20.500,23.81,5.1887,5.18880,2.000
2,20.562,21.10,5.1260,5.12610,2.000
2,20.625,18.75,5.0636,5.06370,2.000
2,20.688,16.71,5.0010,5.00113,2.000
2,20.750,14.90,4.9388,4.93890,2.000
2,20.812,13.32,4.8762,4.87627,2.000
2,20.875,11.92,4.8137,4.81380,2.000
2,20.938,10.68,4.7511,4.75115,2.000
2,21.000,9.61,4.6885,4.68860,2.000
2,21.062,8.63,4.6261,4.62622,2.000
2,21.125,7.79,4.5636,4.56370,2.000
2,21.188,7.03,4.5012,4.50130,2.000
2,21.250,6.39,4.4385,4.43860,2.000
2,21.312,5.80,4.3761,4.37620,2.000
2,21.375,5.28,4.3136,4.31365,2.000
2,21.438,4.82,4.2510,4.25113,2.000
2,21.500,4.41,4.1885,4.18860,2.000
2,21.562,4.05,4.1260,4.12612,2.000
2,21.625,3.72,4.0635,4.06360,2.000
2,21.688,3.42,4.0009,4.00098,2.000
2,21.750,3.13,3.9386,3.93870,2.000
2,21.812,2.85,3.8759,3.87602,2.000
2,21.875,2.58,3.8136,3.81365,2.000
2,21.938,2.33,3.7510,3.75113,2.000
2,22.000,2.10,3.6885,3.68860,2.000
2,22.062,1.87,3.6260,3.62612,2.000
2,22.125,1.66,3.5634,3.56350,2.000
2,22.188,1.47,3.5010,3.50105,2.000
2,22.250,1.28,3.4383,3.43840,2.000
2,22.312,1.10,3.3760,3.37610,2.000
2,22.375,0.94,3.3134,3.31345,2.000
2,22.438,0.79,3.2510,3.25108,2.000
2,22.500,0.65,3.1884,3.18850,2.000
2,22.562,0.53,3.1260,3.12612,2.000
2,22.625,0.42,3.0636,3.06365,2.000
2,22.688,0.32,3.0009,3.00098,2.000
2,22.750,0.24,2.9386,2.93870,2.000
2,22.812,0.18,2.8758,2.87592,2.000
2,22.875,0.13,2.8135,2.81355,2.000
2,22.938,0.08,2.7509,2.75098,2.000
2,23.000,0.05,2.6885,2.68860,2.000
2,23.062,0.03,2.6258,2.62590,2.000
2,23.125,0.02,2.5634,2.56345,2.000
2,23.188,0.02,2.5010,2.50108,2.000
2,23.250,0.01,2.4384,2.43850,2.000
2,23.312,0.01,2.3760,2.37610,2.000
2,23.375,0.00,2.3133,2.31340,2.000
2,23.438,0.00,2.2509,2.25098,2.000
2,23.500,0.00,2.1883,2.18840,2.000
2,23.562,0.01,2.1259,2.12605,2.000
2,23.625,0.00,2.0634,2.06350,2.000
2,23.688,0.01,2.0007,2.00083,2.000
2,23.750,0.00,1.9383,1.93840,2.000
2,23.812,0.01,1.8757,1.87577,2.000
2,23.875,0.00,1.8134,1.81345,2.000
2,23.938,0.00,1.7508,1.75093,2.000
2,24.000,0.00,1.6884,1.68850,2.000
2,24.062,0.00,1.6258,1.62593,2.000
2,24.125,0.00,1.5632,1.56335,2.000
2,24.188,0.00,1.5009,1.50095,2.000
2,24.250,0.01,1.4382,1.43830,2.000
2,24.312,0.01,1.3759,1.37600,2.000
2,24.375,0.00,1.3132,1.31335,2.000
2,24.438,0.00,1.2509,1.25095,2.000
2,24.500,0.00,1.1882,1.18830,2.000
2,24.562,0.01,1.1258,1.12588,2.000
2,24.625,0.00,1.0633,1.06340,2.000
2,24.688,0.00,1.0009,1.00103,2.000
2,24.750,0.00,0.9384,0.93850,2.000
2,24.812,0.00,0.8757,0.87583,2.000
2,24.875,0.01,0.8134,0.81350,2.000
2,24.938,0.00,0.7508,0.75090,2.000
2,25.000,0.00,0.6884,0.68850,2.000
2,25.062,0.00,0.6258,0.62590,2.000
2,25.125,0.00,0.5633,0.56340,2.000
2,25.188,0.00,0.5008,0.50093,2.000
2,25.250,0.00,0.4383,0.43840,2.000
2,25.312,0.00,0.3758,0.37593,2.000
2,25.375,0.00,0.3132,0.31325,2.000
2,25.438,0.00,0.2507,0.25080,2.000
2,25.500,0.00,0.1881,0.18820,2.000
2,25.562,0.01,0.1258,0.12588,2.000
2,25.625,0.00,0.0632,0.06330,2.000
2,25.688,0.00,0.0008,0.00093,2.000
2,25.812,0.00,-0.0190,-0.01885,2.000
2,25.875,0.00,-0.0004,-0.00030,2.000
2,25.938,0.00,-0.0002,-0.00010,2.000
2,26.000,0.00,-0.0002,-0.00010,2.000
2,26.062,0.00,-0.0002,-0.00010,2.000
2,26.125,0.01,-0.0002,-0.00010,2.000
2,26.188,0.00,-0.0002,-0.00010,2.000
2,26.250,0.00,-0.0002,-0.00010,2.000
2,26.312,0.00,-0.0002,-0.00010,2.000
2,26.375,0.00,-0.0002,-0.00010,2.000
2,26.438,0.00,-0.0002,-0.00010,2.000
2,26.500,0.00,-0.0002,-0.00010,2.000
2,26.562,0.01,-0.0002,-0.00010,2.000
2,26.625,0.00,-0.0002,-0.00010,2.000
2,26.688,0.00,-0.0002,-0.00010,2.000
2,26.750,0.00,-0.0002,-0.00010,2.000
2,26.812,0.01,-0.0002,-0.00010,2.000
2,26.875,0.00,-0.0002,-0.00010,2.000
2,26.938,0.00,-0.0002,-0.00010,2.000
2,27.000,0.00,-0.0002,-0.00010,2.000
2,27.062,0.00,-0.0002,-0.00010,2.000
2,27.125,0.01,-0.0002,-0.00010,2.000
2,27.188,0.01,-0.0002,-0.00010,2.000
2,27.250,0.00,-0.0002,-0.00010,2.000
2,27.312,0.00,-0.0002,-0.00010,2.000
2,27.375,0.00,-0.0002,-0.00010,2.000
2,27.438,0.01,-0.0002,-0.00010,2.000
2,27.500,0.01,-0.0002,-0.00010,2.000
2,27.562,0.00,-0.0002,-0.00010,2.000
2,27.625,0.00,-0.0002,-0.00010,2.000
2,27.688,0.00,-0.0002,-0.00010,2.000
2,27.750,0.01,-0.0002,-0.00010,2.000
2,27.812,0.00,-0.0002,-0.00010,2.000
2,27.875,0.00,-0.0002,-0.00010,2.000
2,27.938,0.00,-0.0002,-0.00010,2.000
2,28.000,0.00,-0.0002,-0.00010,2.000
2,28.062,0.00,-0.0002,-0.00010,2.000
2,28.125,0.00,-0.0002,-0.00010,2.000
2,28.188,0.00,-0.0002,-0.00010,2.000
2,28.250,0.00,-0.0002,-0.00010,2.000
2,28.312,0.00,-0.0002,-0.00010,2.000
2,28.375,0.00,-0.0002,-0.00010,2.000
2,28.438,0.00,-0.0002,-0.00010,2.000
2,28.500,0.00,-0.0002,-0.00010,2.000
2,28.562,0.00,-0.0002,-0.00010,2.000
2,28.625,0.00,-0.0002,-0.00010,2.000
2,28.688,0.00,-0.0002,-0.00010,2.000
2,28.750,0.01,-0.0002,-0.00010,2.000
3,29.062,0.00,0.0709,0.07100,3.000
3,29.125,0.00,0.1335,0.13355,3.000
3,29.188,0.01,0.1960,0.19607,3.000
3,29.250,0.00,0.2586,0.25870,3.000
3,29.312,0.00,0.3210,0.32112,3.000
3,29.375,0.01,0.3836,0.38370,3.000
3,29.438,0.00,0.4460,0.44612,3.000
3,29.500,0.00,0.5084,0.50850,3.000
3,29.562,0.00,0.5711,0.57120,3.000
3,29.625,0.01,0.6335,0.63360,3.000
3,29.688,0.01,0.6962,0.69627,3.000
3,29.750,0.01,0.7586,0.75870,3.000
3,29.812,0.01,0.8211,0.82120,3.000
3,29.875,0.00,0.8836,0.88370,3.000
3,29.938,0.01,0.9461,0.94625,3.000
3,30.000,0.00,1.0088,1.00890,3.000
3,30.062,0.01,1.0711,1.07120,3.000
3,30.125,0.01,1.1336,1.13370,3.000
3,30.188,0.01,1.1960,1.19610,3.000
3,30.250,0.00,1.2587,1.25880,3.000
3,30.312,0.01,1.3211,1.32120,3.000
3,30.375,0.00,1.3836,1.38370,3.000
3,30.438,0.01,1.4461,1.44622,3.000
3,30.500,0.00,1.5085,1.50860,3.000
3,30.562,0.01,1.5711,1.57125,3.000
3,30.625,0.00,1.6337,1.63380,3.000
3,30.688,0.00,1.6963,1.69640,3.000
3,30.750,0.01,1.7586,1.75870,3.000
3,30.812,0.00,1.8212,1.82127,3.000
3,30.875,0.00,1.8836,1.88370,3.000
3,30.938,0.00,1.9461,1.94622,3.000
3,31.000,0.00,2.0086,2.00870,3.000
3,31.062,0.01,2.0712,2.07127,3.000
3,31.125,0.00,2.1338,2.13385,3.000
3,31.188,0.01,2.1961,2.19622,3.000
3,31.250,0.00,2.2587,2.25880,3.000
3,31.312,0.02,2.3212,2.32130,3.000
3,31.375,0.03,2.3838,2.38390,3.000
3,31.438,0.05,2.4463,2.44637,3.000
3,31.500,0.07,2.5088,2.50890,3.000
3,31.562,0.11,2.5713,2.57137,3.000
3,31.625,0.15,2.6336,2.63375,3.000
3,31.688,0.22,2.6963,2.69640,3.000
3,31.750,0.31,2.7587,2.75880,3.000
3,31.812,0.42,2.8213,2.82137,3.000
3,31.875,0.55,2.8837,2.88380,3.000
3,31.938,0.70,2.9464,2.94647,3.000
3,32.000,0.88,3.0089,3.00900,3.000
3,32.062,1.08,3.0713,3.07145,3.000
3,32.125,1.31,3.1338,3.13395,3.000
3,32.188,1.56,3.1961,3.19623,3.000
3,32.250,1.85,3.2587,3.25880,3.000
3,32.312,2.17,3.3211,3.32125,3.000
3,32.375,2.51,3.3838,3.38385,3.000
3,32.438,2.90,3.4461,3.44623,3.000
3,32.500,3.32,3.5088,3.50890,3.000
3,32.562,3.77,3.5713,3.57140,3.000
3,32.625,4.27,3.6338,3.63385,3.000
3,32.688,4.79,3.6963,3.69640,3.000
3,32.750,5.36,3.7587,3.75880,3.000
3,32.812,5.96,3.8213,3.82145,3.000
3,32.875,6.62,3.8837,3.88380,3.000
3,32.938,7.31,3.9462,3.94633,3.000
3,33.000,8.05,4.0087,4.00880,3.000
3,33.062,8.86,4.0712,4.07130,3.000
3,33.125,9.70,4.1337,4.13380,3.000
3,33.188,10.61,4.1962,4.19625,3.000
3,33.250,11.56,4.2588,4.25890,3.000
3,33.312,12.58,4.3212,4.32132,3.000
3,33.375,13.64,4.3839,4.38395,3.000
3,33.438,14.79,4.4463,4.44638,3.000
3,33.500,15.99,4.5089,4.50900,3.000
3,33.562,17.24,4.5713,4.57140,3.000
3,33.625,18.58,4.6338,4.63385,3.000
3,33.688,19.99,4.6963,4.69638,3.000
3,33.750,21.51,4.7587,4.75880,3.000
3,33.812,23.11,4.8213,4.82145,3.000
3,33.875,24.82,4.8838,4.88385,3.000
3,33.938,26.63,4.9464,4.94653,3.000
3,34.000,28.58,5.0088,5.00890,3.000
3,34.062,30.67,5.0713,5.07137,3.000
3,34.125,32.92,5.1337,5.13380,3.000
3,34.188,35.36,5.1963,5.19640,3.000
3,34.250,38.03,5.2589,5.25900,3.000
3,34.312,41.00,5.3212,5.32132,3.000
3,34.375,44.24,5.3839,5.38395,3.000
3,34.438,47.95,5.4462,5.44633,3.000
3,34.562,51.56,5.5063,5.50635,3.000
3,34.625,42.74,5.4445,5.44455,3.000
3,34.688,36.30,5.3822,5.38227,3.000
3,34.750,31.47,5.3195,5.31960,3.000
3,34.812,27.54,5.2572,5.25733,3.000
3,34.875,24.27,5.1945,5.19460,3.000
3,34.938,21.49,5.1320,5.13215,3.000
3,35.000,19.09,5.0696,5.06970,3.000
3,35.062,17.01,5.0070,5.00713,3.000
3,35.125,15.17,4.9448,4.94485,3.000
3,35.188,13.56,4.8820,4.88212,3.000
3,35.250,12.13,4.8197,4.81980,3.000
3,35.312,10.87,4.7570,4.75705,3.000
3,35.375,9.77,4.6946,4.69470,3.000
3,35.438,8.77,4.6320,4.63210,3.000
3,35.500,7.90,4.5697,4.56980,3.000
3,35.562,7.13,4.5072,4.50728,3.000
3,35.625,6.46,4.4445,4.44465,3.000
3,35.688,5.86,4.3821,4.38220,3.000
3,35.750,5.33,4.3196,4.31970,3.000
3,35.812,4.86,4.2572,4.25725,3.000
3,35.875,4.44,4.1944,4.19455,3.000
3,35.938,4.07,4.1319,4.13205,3.000
3,36.000,3.74,4.0695,4.06960,3.000
3,36.062,3.43,4.0070,4.00705,3.000
3,36.125,3.14,3.9445,3.94460,3.000
3,36.188,2.86,3.8819,3.88197,3.000
3,36.250,2.59,3.8195,3.81960,3.000
3,36.312,2.34,3.7569,3.75703,3.000
3,36.375,2.10,3.6946,3.69470,3.000
3,36.438,1.87,3.6320,3.63207,3.000
3,36.500,1.67,3.5696,3.56970,3.000
3,36.562,1.47,3.5069,3.50700,3.000
3,36.625,1.29,3.4444,3.44445,3.000
3,36.688,1.11,3.3820,3.38207,3.000
3,36.750,0.95,3.3192,3.31930,3.000
3,36.812,0.79,3.2569,3.25700,3.000
3,36.875,0.65,3.1944,3.19445,3.000
3,36.938,0.52,3.1319,3.13202,3.000
3,37.000,0.42,3.0694,3.06950,3.000
3,37.062,0.33,3.0071,3.00715,3.000
3,37.125,0.24,2.9445,2.94460,3.000
3,37.188,0.18,2.8818,2.88195,3.000
3,37.250,0.12,2.8195,2.81960,3.000
3,37.312,0.09,2.7568,2.75693,3.000
3,37.375,0.05,2.6945,2.69460,3.000
3,37.438,0.03,2.6318,2.63187,3.000
3,37.500,0.02,2.5694,2.56950,3.000
3,37.562,0.02,2.5070,2.50710,3.000
3,37.625,0.01,2.4444,2.44455,3.000
3,37.688,0.01,2.3820,2.38210,3.000
3,37.750,0.00,2.3193,2.31940,3.000
3,37.812,0.00,2.2568,2.25693,3.000
3,37.875,0.00,2.1943,2.19435,3.000
3,37.938,0.01,2.1320,2.13207,3.000
3,38.000,0.00,2.0693,2.06940,3.000
3,38.062,0.00,2.0068,2.00688,3.000
3,38.125,0.01,1.9444,1.94445,3.000
3,38.188,0.01,1.8817,1.88182,3.000
3,38.250,0.00,1.8193,1.81940,3.000
3,38.312,0.00,1.7567,1.75683,3.000
3,38.375,0.01,1.6944,1.69450,3.000
3,38.438,0.01,1.6317,1.63185,3.000
3,38.500,0.00,1.5693,1.56940,3.000
3,38.562,0.00,1.5068,1.50690,3.000
3,38.625,0.00,1.4443,1.44440,3.000
3,38.688,0.01,1.3818,1.38192,3.000
3,38.750,0.00,1.3192,1.31930,3.000
3,38.812,0.01,1.2568,1.25685,3.000
3,38.875,0.00,1.1942,1.19425,3.000
3,38.938,0.00,1.1318,1.13195,3.000
3,39.000,0.01,1.0693,1.06940,3.000
3,39.062,0.00,1.0069,1.00700,3.000
3,39.125,0.00,0.9444,0.94450,3.000
3,39.188,0.00,0.8818,0.88190,3.000
3,39.250,0.00,0.8194,0.81950,3.000
3,39.312,0.00,0.7568,0.75690,3.000
3,39.375,0.00,0.6944,0.69455,3.000
3,39.438,0.01,0.6317,0.63180,3.000
3,39.500,0.00,0.5694,0.56950,3.000
3,39.562,0.01,0.5068,0.50688,3.000
3,39.625,0.00,0.4444,0.44450,3.000
3,39.688,0.01,0.3818,0.38190,3.000
3,39.750,0.00,0.3192,0.31930,3.000
3,39.812,0.00,0.2568,0.25690,3.000
3,39.875,0.00,0.1942,0.19430,3.000
3,39.938,0.00,0.1318,0.13190,3.000
3,40.000,0.00,0.0690,0.06910,3.000
3,40.062,0.00,0.0068,0.00690,3.000
3,40.188,0.01,-0.0072,-0.00712,3.000
3,40.250,0.01,-0.0003,-0.00020,3.000
3,40.312,0.00,-0.0003,-0.00020,3.000
3,40.375,0.00,-0.0003,-0.00020,3.000
3,40.438,0.01,-0.0003,-0.00020,3.000
3,40.500,0.01,-0.0003,-0.00020,3.000
3,40.562,0.01,-0.0003,-0.00020,3.000
3,40.625,0.00,-0.0003,-0.00020,3.000
3,40.688,0.01,-0.0003,-0.00020,3.000
3,40.750,0.01,-0.0003,-0.00020,3.000
3,40.812,0.01,-0.0003,-0.00020,3.000
3,40.875,0.00,-0.0003,-0.00020,3.000
3,40.938,0.00,-0.0003,-0.00020,3.000
3,41.000,0.00,-0.0003,-0.00020,3.000
3,41.062,0.01,-0.0003,-0.00020,3.000
3,41.125,0.00,-0.0003,-0.00020,3.000
3,41.188,0.00,-0.0003,-0.00020,3.000
3,41.250,0.00,-0.0003,-0.00020,3.000
3,41.312,0.00,-0.0003,-0.00020,3.000
3,41.375,0.00,-0.0003,-0.00020,3.000
3,41.438,0.00,-0.0003,-0.00020,3.000
3,41.500,0.01,-0.0002,-0.00010,3.000
3,41.562,0.01,-0.0002,-0.00010,3.000
3,41.625,0.01,-0.0002,-0.00010,3.000
3,41.688,0.00,-0.0002,-0.00010,3.000
3,41.750,0.01,-0.0002,-0.00010,3.000
3,41.812,0.01,-0.0002,-0.00010,3.000
3,41.875,0.00,-0.0002,-0.00010,3.000
3,41.938,0.00,-0.0002,-0.00010,3.000
3,42.000,0.00,-0.0002,-0.00010,3.000
3,42.062,0.00,-0.0002,-0.00010,3.000
3,42.125,0.00,-0.0002,-0.00010,3.000
3,42.188,0.00,-0.0002,-0.00010,3.000
3,42.250,0.00,-0.0002,-0.00010,3.000
3,42.312,0.00,-0.0002,-0.00010,3.000
3,42.375,0.01,-0.0002,-0.00010,3.000
3,42.438,0.00,-0.0002,-0.00010,3.000
3,42.500,0.00,-0.0002,-0.00010,3.000
3,42.562,0.00,-0.0002,-0.00010,3.000
3,42.625,0.00,-0.0002,-0.00010,3.000
3,42.688,0.00,-0.0002,-0.00010,3.000
3,42.750,0.00,-0.0002,-0.00010,3.000
3,42.812,0.00,-0.0002,-0.00010,3.000
3,42.875,0.00,-0.0002,-0.00010,3.000
3,42.938,0.00,-0.0002,-0.00010,3.000
3,43.000,0.00,-0.0002,-0.00010,3.000
3,43.062,0.00,-0.0002,-0.00010,3.000
3,43.125,0.00,-0.0002,-0.00010,3.000
4,43.438,0.00,0.0739,0.07403,4.000
4,43.500,0.00,0.1366,0.13670,4.000
4,43.562,0.00,0.1990,0.19910,4.000
4,43.625,0.00,0.2615,0.26160,4.000
4,43.688,0.00,0.3241,0.32415,4.000
4,43.750,0.00,0.3865,0.38660,4.000
4,43.812,0.00,0.4492,0.44927,4.000
4,43.875,0.00,0.5114,0.51155,4.000
4,43.938,0.00,0.5741,0.57420,4.000
4,44.000,0.00,0.6365,0.63660,4.000
4,44.062,0.00,0.6992,0.69930,4.000
4,44.125,0.00,0.7616,0.76170,4.000
4,44.188,0.00,0.8241,0.82423,4.000
4,44.250,0.00,0.8866,0.88670,4.000
4,44.312,0.00,0.9492,0.94930,4.000
4,44.375,0.00,1.0118,1.01190,4.000
4,44.438,0.00,1.0741,1.07415,4.000
4,44.500,0.00,1.1366,1.13670,4.000
4,44.562,0.00,1.1991,1.19917,4.000
4,44.625,0.01,1.2617,1.26175,4.000
4,44.688,0.00,1.3242,1.32425,4.000
4,44.750,0.00,1.3867,1.38680,4.000
4,44.812,0.00,1.4492,1.44930,4.000
4,44.875,0.00,1.5116,1.51170,4.000
4,44.938,0.00,1.5743,1.57435,4.000
4,45.000,0.00,1.6366,1.63670,4.000
4,45.062,0.00,1.6993,1.69937,4.000
4,45.125,0.00,1.7617,1.76180,4.000
4,45.188,0.00,1.8241,1.82423,4.000
4,45.250,-0.01,1.8867,1.88680,4.000
4,45.312,0.00,1.9491,1.94920,4.000
4,45.375,0.00,2.0118,2.01185,4.000
4,45.438,0.00,2.0742,2.07430,4.000
4,45.500,0.00,2.1368,2.13690,4.000
4,45.562,0.00,2.1991,2.19922,4.000
4,45.625,0.00,2.2618,2.26185,4.000
4,45.688,0.01,2.3242,2.32428,4.000
4,45.750,0.03,2.3868,2.38690,4.000
4,45.812,0.04,2.4493,2.44940,4.000
4,45.875,0.07,2.5118,2.51190,4.000
4,45.938,0.10,2.5742,2.57430,4.000
4,46.000,0.15,2.6366,2.63670,4.000
4,46.062,0.21,2.6993,2.69940,4.000
4,46.125,0.30,2.7617,2.76175,4.000
4,46.188,0.41,2.8243,2.82438,4.000
4,46.250,0.54,2.8867,2.88680,4.000
4,46.312,0.69,2.9493,2.94940,4.000
4,46.375,0.86,3.0118,3.01195,4.000
4,46.438,1.07,3.0743,3.07438,4.000
4,46.500,1.29,3.1368,3.13690,4.000
4,46.562,1.55,3.1992,3.19930,4.000
4,46.625,1.84,3.2618,3.26190,4.000
4,46.688,2.16,3.3243,3.32435,4.000
4,46.750,2.51,3.3868,3.38690,4.000
4,46.812,2.89,3.4492,3.44932,4.000
4,46.875,3.32,3.5117,3.51180,4.000
4,46.938,3.77,3.5742,3.57433,4.000
4,47.000,4.27,3.6367,3.63680,4.000
4,47.062,4.80,3.6994,3.69947,4.000
4,47.125,5.37,3.7617,3.76180,4.000
4,47.188,5.98,3.8243,3.82440,4.000
4,47.250,6.63,3.8867,3.88680,4.000
4,47.312,7.33,3.9493,3.94942,4.000
4,47.375,8.08,4.0118,4.01185,4.000
4,47.438,8.89,4.0742,4.07428,4.000
4,47.500,9.73,4.1368,4.13690,4.000
4,47.562,10.65,4.1992,4.19927,4.000
4,47.625,11.61,4.2618,4.26190,4.000
4,47.688,12.63,4.3242,4.32433,4.000
4,47.750,13.70,4.3869,4.38700,4.000
4,47.812,14.85,4.4492,4.44932,4.000
4,47.875,16.04,4.5118,4.51190,4.000
4,47.938,17.30,4.5743,4.57440,4.000
4,48.000,18.64,4.6367,4.63680,4.000
4,48.062,20.06,4.6993,4.69945,4.000
4,48.125,21.56,4.7617,4.76185,4.000
4,48.188,23.17,4.8244,4.82450,4.000
4,48.250,24.87,4.8868,4.88690,4.000
4,48.312,26.68,4.9494,4.94947,4.000
4,48.375,28.63,5.0118,5.01190,4.000
4,48.438,30.72,5.0743,5.07440,4.000
4,48.500,32.96,5.1367,5.13680,4.000
4,48.562,35.39,5.1992,5.19930,4.000
4,48.625,38.05,5.2619,5.26205,4.000
4,48.688,41.00,5.3243,5.32438,4.000
4,48.750,44.23,5.3868,5.38690,4.000
4,48.812,47.95,5.4493,5.44940,4.000
4,48.938,52.41,5.5178,5.51792,4.000
4,49.000,43.66,5.4575,5.45760,4.000
4,49.062,37.01,5.3951,5.39520,4.000
4,49.125,32.02,5.3327,5.33280,4.000
4,49.188,28.00,5.2702,5.27027,4.000
4,49.250,24.67,5.2075,5.20760,4.000
4,49.312,21.84,5.1451,5.14523,4.000
4,49.375,19.41,5.0825,5.08260,4.000
4,49.438,17.29,5.0202,5.02027,4.000
4,49.500,15.42,4.9576,4.95770,4.000
4,49.562,13.79,4.8952,4.89528,4.000
4,49.625,12.33,4.8326,4.83270,4.000
4,49.688,11.05,4.7700,4.77007,4.000
4,49.750,9.92,4.7076,4.70770,4.000
4,49.812,8.92,4.6450,4.64510,4.000
4,49.875,8.02,4.5827,4.58280,4.000
4,49.938,7.24,4.5201,4.52017,4.000
4,50.000,6.55,4.4577,4.45780,4.000
4,50.062,5.94,4.3951,4.39520,4.000
4,50.125,5.40,4.3327,4.33275,4.000
4,50.188,4.92,4.2701,4.27017,4.000
4,50.250,4.49,4.2075,4.20760,4.000
4,50.312,4.12,4.1451,4.14518,4.000
4,50.375,3.78,4.0824,4.08250,4.000
4,50.438,3.46,4.0200,4.02015,4.000
4,50.500,3.18,3.9574,3.95750,4.000
4,50.562,2.90,3.8951,3.89515,4.000
4,50.625,2.62,3.8325,3.83260,4.000
4,50.688,2.37,3.7699,3.77005,4.000
4,50.750,2.13,3.7076,3.70770,4.000
4,50.812,1.90,3.6450,3.64510,4.000
4,50.875,1.69,3.5826,3.58265,4.000
4,50.938,1.49,3.5199,3.51997,4.000
4,51.000,1.30,3.4574,3.45750,4.000
4,51.062,1.13,3.3948,3.39488,4.000
4,51.125,0.97,3.3325,3.33255,4.000
4,51.188,0.81,3.2698,3.26995,4.000
4,51.250,0.67,3.2073,3.20740,4.000
4,51.312,0.54,3.1450,3.14510,4.000
4,51.375,0.43,3.0824,3.08250,4.000
4,51.438,0.33,3.0201,3.02020,4.000
4,51.500,0.25,2.9574,2.95750,4.000
4,51.562,0.18,2.8949,2.89503,4.000
4,51.625,0.13,2.8324,2.83245,4.000
4,51.688,0.08,2.7699,2.77002,4.000
4,51.750,0.05,2.7074,2.70750,4.000
4,51.812,0.02,2.6448,2.64490,4.000
4,51.875,0.02,2.5824,2.58250,4.000
4,51.938,0.01,2.5198,2.51992,4.000
4,52.000,0.01,2.4575,2.45760,4.000
4,52.062,0.00,2.3949,2.39495,4.000
4,52.125,0.00,2.3324,2.33250,4.000
4,52.188,0.00,2.2698,2.26995,4.000
4,52.250,0.00,2.2073,2.20740,4.000
4,52.312,0.00,2.1449,2.14503,4.000
4,52.375,0.00,2.0824,2.08245,4.000
4,52.438,0.00,2.0198,2.01995,4.000
4,52.500,0.00,1.9572,1.95730,4.000
4,52.562,0.00,1.8948,1.89493,4.000
4,52.625,0.00,1.8322,1.83230,4.000
4,52.688,0.00,1.7699,1.77000,4.000
4,52.750,0.00,1.7073,1.70740,4.000
4,52.812,0.00,1.6449,1.64498,4.000
4,52.875,0.00,1.5824,1.58245,4.000
4,52.938,0.00,1.5197,1.51985,4.000
4,53.000,0.00,1.4573,1.45740,4.000
4,53.062,0.00,1.3947,1.39480,4.000
4,53.125,0.00,1.3324,1.33250,4.000
4,53.188,0.00,1.2698,1.26987,4.000
4,53.250,0.00,1.2072,1.20730,4.000
4,53.312,0.00,1.1447,1.14483,4.000
4,53.375,0.00,1.0823,1.08240,4.000
4,53.438,0.00,1.0200,1.02007,4.000
4,53.500,0.00,0.9573,0.95740,4.000
4,53.562,0.00,0.8949,0.89500,4.000
4,53.625,0.00,0.8323,0.83235,4.000
4,53.688,0.00,0.7699,0.77000,4.000
4,53.750,0.00,0.7073,0.70740,4.000
4,53.812,0.00,0.6448,0.64485,4.000
4,53.875,0.00,0.5823,0.58235,4.000
4,53.938,0.00,0.5197,0.51982,4.000
4,54.000,0.00,0.4574,0.45750,4.000
4,54.062,0.00,0.3948,0.39485,4.000
4,54.125,0.00,0.3323,0.33240,4.000
4,54.188,0.00,0.2696,0.26975,4.000
4,54.250,0.00,0.2073,0.20740,4.000
4,54.312,0.00,0.1447,0.14483,4.000
4,54.375,0.00,0.0823,0.08235,4.000
4,54.438,0.00,0.0198,0.01987,4.000
4,54.562,0.00,-0.0210,-0.02088,4.000
4,54.625,0.00,-0.0002,-0.00015,4.000
4,54.688,0.00,-0.0003,-0.00020,4.000
4,54.750,0.00,-0.0003,-0.00020,4.000
4,54.812,0.00,-0.0003,-0.00020,4.000
4,54.875,0.00,-0.0003,-0.00020,4.000
4,54.938,0.00,-0.0003,-0.00020,4.000
4,55.000,0.00,-0.0003,-0.00020,4.000
4,55.062,0.00,-0.0003,-0.00020,4.000
4,55.125,0.00,-0.0003,-0.00020,4.000
4,55.188,0.00,-0.0003,-0.00020,4.000
4,55.250,0.00,-0.0003,-0.00020,4.000
4,55.312,0.00,-0.0003,-0.00020,4.000
4,55.375,0.00,-0.0003,-0.00020,4.000
4,55.438,0.00,-0.0003,-0.00020,4.000
4,55.500,0.00,-0.0003,-0.00020,4.000
4,55.562,0.00,-0.0003,-0.00020,4.000
4,55.625,0.00,-0.0003,-0.00020,4.000
4,55.688,0.00,-0.0003,-0.00020,4.000
4,55.750,0.00,-0.0003,-0.00020,4.000
4,55.812,0.00,-0.0003,-0.00020,4.000
4,55.875,0.00,-0.0003,-0.00020,4.000
4,55.938,0.00,-0.0003,-0.00020,4.000
4,56.000,0.00,-0.0002,-0.00010,4.000
4,56.062,0.00,-0.0002,-0.00010,4.000
4,56.125,0.00,-0.0002,-0.00010,4.000
4,56.188,0.00,-0.0002,-0.00010,4.000
4,56.250,0.00,-0.0002,-0.00010,4.000
4,56.312,0.00,-0.0002,-0.00010,4.000
4,56.375,0.00,-0.0002,-0.00010,4.000
4,56.438,0.00,-0.0002,-0.00010,4.000
4,56.500,0.00,-0.0002,-0.00010,4.000
4,56.562,0.00,-0.0002,-0.00010,4.000
4,56.625,0.00,-0.0002,-0.00010,4.000
4,56.688,0.00,-0.0002,-0.00010,4.000
4,56.750,0.00,-0.0002,-0.00010,4.000
4,56.812,0.00,-0.0002,-0.00010,4.000
4,56.875,0.00,-0.0002,-0.00010,4.000
4,56.938,0.00,-0.0002,-0.00010,4.000
4,57.000,0.00,-0.0002,-0.00010,4.000
4,57.062,0.00,-0.0002,-0.00010,4.000
4,57.125,0.00,-0.0002,-0.00010,4.000
4,57.188,0.00,-0.0002,-0.00010,4.000
4,57.250,0.00,-0.0002,-0.00010,4.000
4,57.312,0.00,-0.0002,-0.00010,4.000
4,57.375,0.00,-0.0002,-0.00010,4.000
4,57.438,0.00,-0.0002,-0.00010,4.000
4,57.500,0.00,-0.0002,-0.00010,4.000
5,57.812,0.00,0.0590,0.05907,5.000
5,57.875,-0.01,0.1214,0.12155,5.000
5,57.938,-0.01,0.1840,0.18410,5.000
5,58.000,-0.01,0.2466,0.24670,5.000
5,58.062,0.00,0.3090,0.30910,5.000
5,58.125,0.00,0.3716,0.37175,5.000
5,58.188,0.00,0.4340,0.43413,5.000
5,58.250,0.00,0.4966,0.49670,5.000
5,58.312,-0.01,0.5589,0.55905,5.000
5,58.375,-0.01,0.6216,0.62175,5.000
5,58.438,0.00,0.6841,0.68420,5.000
5,58.500,0.00,0.7466,0.74670,5.000
5,58.562,0.00,0.8091,0.80925,5.000
5,58.625,-0.01,0.8716,0.87170,5.000
5,58.688,0.00,0.9343,0.93443,5.000
5,58.750,-0.01,0.9966,0.99670,5.000
5,58.812,-0.01,1.0593,1.05937,5.000
5,58.875,-0.01,1.1215,1.12160,5.000
5,58.938,-0.01,1.1841,1.18423,5.000
5,59.000,-0.01,1.2466,1.24670,5.000
5,59.062,0.00,1.3092,1.30927,5.000
5,59.125,0.00,1.3716,1.37175,5.000
5,59.188,-0.01,1.4341,1.43420,5.000
5,59.250,-0.01,1.4967,1.49680,5.000
5,59.312,0.00,1.5590,1.55915,5.000
5,59.375,0.00,1.6217,1.62185,5.000
5,59.438,0.00,1.6842,1.68428,5.000
5,59.500,-0.01,1.7466,1.74670,5.000
5,59.562,-0.01,1.8091,1.80920,5.000
5,59.625,-0.01,1.8716,1.87175,5.000
5,59.688,0.00,1.9342,1.93433,5.000
5,59.750,-0.01,1.9966,1.99670,5.000
5,59.812,-0.01,2.0593,2.05937,5.000
5,59.875,-0.01,2.1216,2.12175,5.000
5,59.938,0.00,2.1843,2.18440,5.000
5,60.000,0.00,2.2466,2.24670,5.000
5,60.062,0.01,2.3092,2.30930,5.000
5,60.125,0.02,2.3717,2.37185,5.000
5,60.188,0.04,2.4343,2.43435,5.000
5,60.250,0.05,2.4969,2.49700,5.000
5,60.312,0.08,2.5592,2.55930,5.000
5,60.375,0.13,2.6217,2.62185,5.000
5,60.438,0.19,2.6842,2.68428,5.000
5,60.500,0.27,2.7468,2.74690,5.000
5,60.562,0.37,2.8092,2.80930,5.000
5,60.625,0.49,2.8717,2.87185,5.000
5,60.688,0.64,2.9344,2.93445,5.000
5,60.750,0.81,2.9967,2.99680,5.000
5,60.812,0.99,3.0594,3.05950,5.000
5,60.875,1.22,3.1217,3.12180,5.000
5,60.938,1.47,3.1844,3.18448,5.000
5,61.000,1.74,3.2467,3.24680,5.000
5,61.062,2.06,3.3093,3.30940,5.000
5,61.125,2.39,3.3717,3.37185,5.000
5,61.188,2.77,3.4342,3.43430,5.000
5,61.250,3.18,3.4967,3.49680,5.000
5,61.312,3.63,3.5592,3.55932,5.000
5,61.375,4.11,3.6218,3.62195,5.000
5,61.438,4.64,3.6842,3.68430,5.000
5,61.500,5.20,3.7468,3.74690,5.000
5,61.562,5.79,3.8092,3.80927,5.000
5,61.625,6.44,3.8717,3.87185,5.000
5,61.688,7.12,3.9342,3.93430,5.000
5,61.750,7.86,3.9967,3.99680,5.000
5,61.812,8.65,4.0592,4.05935,5.000
5,61.875,9.50,4.1216,4.12175,5.000
5,61.938,10.39,4.1843,4.18440,5.000
5,62.000,11.34,4.2466,4.24670,5.000
5,62.062,12.34,4.3093,4.30940,5.000
5,62.125,13.40,4.3717,4.37185,5.000
5,62.188,14.52,4.4343,4.43442,5.000
5,62.250,15.70,4.4968,4.49690,5.000
5,62.312,16.96,4.5593,4.55940,5.000
5,62.375,18.26,4.6218,4.62195,5.000
5,62.438,19.65,4.6842,4.68430,5.000
5,62.500,21.13,4.7468,4.74690,5.000
5,62.562,22.70,4.8093,4.80942,5.000
5,62.625,24.37,4.8718,4.87195,5.000
5,62.688,26.15,4.9344,4.93447,5.000
5,62.750,28.06,4.9967,4.99680,5.000
5,62.812,30.10,5.0593,5.05940,5.000
5,62.875,32.31,5.1217,5.12185,5.000
5,62.938,34.67,5.1844,5.18447,5.000
5,63.000,37.28,5.2468,5.24690,5.000
5,63.062,40.13,5.3094,5.30947,5.000
5,63.125,43.28,5.3718,5.37195,5.000
5,63.188,46.82,5.4342,5.43435,5.000
5,63.250,50.94,5.4968,5.49690,5.000
5,63.375,45.56,5.4725,5.47255,5.000
5,63.438,38.30,5.4101,5.41020,5.000
5,63.500,32.98,5.3478,5.34790,5.000
5,63.562,28.79,5.2851,5.28515,5.000
5,63.625,25.33,5.2227,5.22280,5.000
5,63.688,22.41,5.1601,5.16018,5.000
5,63.750,19.90,5.0976,5.09770,5.000
5,63.812,17.70,5.0351,5.03520,5.000
5,63.875,15.80,4.9727,4.97280,5.000
5,63.938,14.10,4.9102,4.91028,5.000
5,64.000,12.62,4.8475,4.84760,5.000
5,64.062,11.29,4.7851,4.78523,5.000
5,64.125,10.14,4.7226,4.72265,5.000
5,64.188,9.10,4.6602,4.66030,5.000
5,64.250,8.19,4.5976,4.59770,5.000
5,64.312,7.38,4.5352,4.53525,5.000
5,64.375,6.67,4.4726,4.47270,5.000
5,64.438,6.05,4.4100,4.41015,5.000
5,64.500,5.48,4.3476,4.34770,5.000
5,64.562,5.00,4.2850,4.28513,5.000
5,64.625,4.55,4.2226,4.22270,5.000
5,64.688,4.17,4.1599,4.16000,5.000
5,64.750,3.83,4.0975,4.09760,5.000
5,64.812,3.50,4.0350,4.03510,5.000
5,64.875,3.22,3.9724,3.97255,5.000
5,64.938,2.93,3.9101,3.91015,5.000
5,65.000,2.66,3.8475,3.84760,5.000
5,65.062,2.40,3.7851,3.78518,5.000
5,65.125,2.17,3.7224,3.72255,5.000
5,65.188,1.94,3.6601,3.66020,5.000
5,65.250,1.72,3.5974,3.59750,5.000
5,65.312,1.52,3.5350,3.53508,5.000
5,65.375,1.33,3.4724,3.47245,5.000
5,65.438,1.15,3.4099,3.41000,5.000
5,65.500,0.99,3.3475,3.34760,5.000
5,65.562,0.83,3.2849,3.28498,5.000
5,65.625,0.68,3.2224,3.22255,5.000
5,65.688,0.55,3.1599,3.15998,5.000
5,65.750,0.44,3.0976,3.09770,5.000
5,65.812,0.34,3.0350,3.03505,5.000
5,65.875,0.26,2.9724,2.97255,5.000
5,65.938,0.19,2.9099,2.91000,5.000
5,66.000,0.13,2.8473,2.84740,5.000
5,66.062,0.09,2.7849,2.78498,5.000
5,66.125,0.05,2.7224,2.72245,5.000
5,66.188,0.03,2.6600,2.66008,5.000
5,66.250,0.01,2.5973,2.59740,5.000
5,66.312,0.01,2.5350,2.53508,5.000
5,66.375,0.00,2.4724,2.47250,5.000
5,66.438,0.00,2.4100,2.41010,5.000
5,66.500,0.00,2.3475,2.34760,5.000
5,66.562,-0.01,2.2849,2.28495,5.000
5,66.625,-0.01,2.2224,2.22250,5.000
5,66.688,-0.01,2.1599,2.15998,5.000
5,66.750,-0.01,2.0975,2.09760,5.000
5,66.812,-0.01,2.0348,2.03493,5.000
5,66.875,-0.01,1.9724,1.97245,5.000
5,66.938,0.00,1.9098,1.90992,5.000
5,67.000,-0.01,1.8473,1.84740,5.000
5,67.062,0.00,1.7848,1.78493,5.000
5,67.125,-0.01,1.7223,1.72240,5.000
5,67.188,-0.01,1.6599,1.66000,5.000
5,67.250,0.00,1.5972,1.59730,5.000
5,67.312,-0.01,1.5349,1.53498,5.000
5,67.375,-0.01,1.4722,1.47235,5.000
5,67.438,-0.01,1.4099,1.40998,5.000
5,67.500,-0.01,1.3474,1.34750,5.000
5,67.562,0.00,1.2848,1.28488,5.000
5,67.625,0.00,1.2223,1.22240,5.000
5,67.688,-0.01,1.1596,1.15973,5.000
5,67.750,0.00,1.0974,1.09750,5.000
5,67.812,0.00,1.0348,1.03485,5.000
5,67.875,-0.01,0.9724,0.97255,5.000
5,67.938,-0.01,0.9098,0.90988,5.000
5,68.000,-0.01,0.8474,0.84750,5.000
5,68.062,-0.01,0.7849,0.78500,5.000
5,68.125,0.00,0.7223,0.72240,5.000
5,68.188,0.00,0.6598,0.65995,5.000
5,68.250,-0.01,0.5971,0.59720,5.000
5,68.312,-0.01,0.5349,0.53498,5.000
5,68.375,-0.01,0.4722,0.47235,5.000
5,68.438,0.00,0.4099,0.41000,5.000
5,68.500,-0.01,0.3473,0.34740,5.000
5,68.562,-0.01,0.2847,0.28483,5.000
5,68.625,0.00,0.2222,0.22230,5.000
5,68.688,-0.01,0.1597,0.15975,5.000
5,68.750,-0.01,0.0972,0.09730,5.000
5,68.812,-0.01,0.0347,0.03475,5.000
5,69.000,-0.01,-0.0017,-0.00160,5.000
5,69.062,-0.01,-0.0003,-0.00020,5.000
5,69.125,0.00,-0.0003,-0.00020,5.000
5,69.188,0.00,-0.0003,-0.00020,5.000
5,69.250,-0.01,-0.0003,-0.00020,5.000
5,69.312,0.00,-0.0003,-0.00020,5.000
5,69.375,-0.01,-0.0003,-0.00020,5.000
5,69.438,0.00,-0.0003,-0.00020,5.000
5,69.500,-0.01,-0.0003,-0.00020,5.000
5,69.562,-0.01,-0.0003,-0.00020,5.000
5,69.625,-0.01,-0.0003,-0.00020,5.000
5,69.688,-0.01,-0.0003,-0.00020,5.000
5,69.750,0.00,-0.0003,-0.00020,5.000
5,69.812,0.00,-0.0003,-0.00020,5.000
5,69.875,-0.01,-0.0003,-0.00020,5.000
5,69.938,-0.01,-0.0003,-0.00020,5.000
5,70.000,-0.01,-0.0003,-0.00020,5.000
5,70.062,-0.01,-0.0003,-0.00020,5.000
5,70.125,-0.01,-0.0003,-0.00020,5.000
5,70.188,-0.01,-0.0003,-0.00020,5.000
5,70.250,0.00,-0.0003,-0.00020,5.000
5,70.312,0.00,-0.0003,-0.00020,5.000
5,70.375,0.00,-0.0003,-0.00020,5.000
5,70.438,0.00,-0.0003,-0.00020,5.000
5,70.500,0.00,-0.0003,-0.00020,5.000
5,70.562,0.00,-0.0003,-0.00018,5.000
5,70.625,0.00,-0.0002,-0.00010,5.000
5,70.688,0.00,-0.0002,-0.00010,5.000
5,70.750,0.00,-0.0002,-0.00010,5.000
5,70.812,0.00,-0.0002,-0.00010,5.000
5,70.875,0.00,-0.0002,-0.00010,5.000
5,70.938,0.00,-0.0002,-0.00010,5.000
5,71.000,-0.01,-0.0002,-0.00010,5.000
5,71.062,0.00,-0.0002,-0.00010,5.000
5,71.125,0.00,-0.0002,-0.00010,5.000
5,71.188,-0.01,-0.0002,-0.00010,5.000
5,71.250,0.00,-0.0002,-0.00010,5.000
5,71.312,0.00,-0.0002,-0.00010,5.000
5,71.375,0.00,-0.0002,-0.00010,5.000
5,71.438,0.00,-0.0002,-0.00010,5.000
5,71.500,0.00,-0.0002,-0.00010,5.000
5,71.562,0.00,-0.0002,-0.00010,5.000
5,71.625,0.00,-0.0002,-0.00010,5.000
5,71.688,0.00,-0.0002,-0.00010,5.000
5,71.750,-0.01,-0.0002,-0.00010,5.000
5,71.812,0.00,-0.0002,-0.00010,5.000
5,71.875,0.00,-0.0002,-0.00010,5.000
5,71.938,0.00,-0.0002,-0.00010,5.000
6,72.250,0.00,0.0764,0.07650,6.000
6,72.312,0.00,0.1391,0.13917,6.000
6,72.375,-0.01,0.2015,0.20160,6.000
6,72.438,0.00,0.2639,0.26402,6.000
6,72.500,0.00,0.3266,0.32670,6.000
6,72.562,0.00,0.3891,0.38917,6.000
6,72.625,-0.01,0.4516,0.45175,6.000
6,72.688,-0.01,0.5140,0.51410,6.000
6,72.750,-0.01,0.5766,0.57670,6.000
6,72.812,0.00,0.6390,0.63915,6.000
6,72.875,0.00,0.7016,0.70175,6.000
6,72.938,-0.01,0.7642,0.76428,6.000
6,73.000,0.00,0.8267,0.82680,6.000
6,73.062,-0.01,0.8892,0.88932,6.000
6,73.125,0.00,0.9517,0.95180,6.000
6,73.188,0.00,1.0143,1.01440,6.000
6,73.250,0.00,1.0765,1.07660,6.000
6,73.312,-0.01,1.1392,1.13927,6.000
6,73.375,0.00,1.2016,1.20170,6.000
6,73.438,0.00,1.2641,1.26423,6.000
6,73.500,0.00,1.3267,1.32680,6.000
6,73.562,-0.01,1.3891,1.38920,6.000
6,73.625,-0.01,1.4517,1.45180,6.000
6,73.688,0.00,1.5141,1.51420,6.000
6,73.750,0.00,1.5767,1.57680,6.000
6,73.812,0.00,1.6391,1.63925,6.000
6,73.875,0.00,1.7018,1.70190,6.000
6,73.938,0.00,1.7642,1.76428,6.000
6,74.000,0.00,1.8268,1.82690,6.000
6,74.062,-0.01,1.8892,1.88930,6.000
6,74.125,0.00,1.9516,1.95175,6.000
6,74.188,-0.01,2.0142,2.01430,6.000
6,74.250,0.00,2.0766,2.07670,6.000
6,74.312,0.00,2.1392,2.13932,6.000
6,74.375,0.00,2.2016,2.20175,6.000
6,74.438,0.00,2.2642,2.26435,6.000
6,74.500,0.01,2.3267,2.32680,6.000
6,74.562,0.02,2.3893,2.38942,6.000
6,74.625,0.04,2.4518,2.45185,6.000
6,74.688,0.06,2.5142,2.51435,6.000
6,74.750,0.09,2.5768,2.57690,6.000
6,74.812,0.14,2.6391,2.63922,6.000
6,74.875,0.21,2.7019,2.70195,6.000
6,74.938,0.29,2.7642,2.76428,6.000
6,75.000,0.40,2.8269,2.82700,6.000
6,75.062,0.52,2.8893,2.88942,6.000
6,75.125,0.68,2.9518,2.95190,6.000
6,75.188,0.85,3.0144,3.01448,6.000
6,75.250,1.06,3.0767,3.07680,6.000
6,75.312,1.28,3.1394,3.13947,6.000
6,75.375,1.54,3.2017,3.20180,6.000
6,75.438,1.82,3.2642,3.26433,6.000
6,75.500,2.14,3.3267,3.32680,6.000
6,75.562,2.49,3.3893,3.38945,6.000
6,75.625,2.87,3.4517,3.45180,6.000
6,75.688,3.29,3.5142,3.51425,6.000
6,75.750,3.74,3.5767,3.57680,6.000
6,75.812,4.24,3.6393,3.63937,6.000
6,75.875,4.77,3.7019,3.70195,6.000
6,75.938,5.34,3.7643,3.76438,6.000
6,76.000,5.95,3.8269,3.82700,6.000
6,76.062,6.60,3.8892,3.88932,6.000
6,76.125,7.31,3.9518,3.95190,6.000
6,76.188,8.06,4.0143,4.01437,6.000
6,76.250,8.86,4.0767,4.07680,6.000
6,76.312,9.72,4.1392,4.13932,6.000
6,76.375,10.62,4.2017,4.20175,6.000
6,76.438,11.58,4.2644,4.26452,6.000
6,76.500,12.60,4.3268,4.32690,6.000
6,76.562,13.68,4.3893,4.38945,6.000
6,76.625,14.81,4.4518,4.45190,6.000
6,76.688,16.02,4.5143,4.51442,6.000
6,76.750,17.28,4.5768,4.57690,6.000
6,76.812,18.61,4.6393,4.63937,6.000
6,76.875,20.02,4.7019,4.70195,6.000
6,76.938,21.52,4.7642,4.76432,6.000
6,77.000,23.12,4.8269,4.82700,6.000
6,77.062,24.82,4.8894,4.88947,6.000
6,77.125,26.63,4.9519,4.95200,6.000
6,77.188,28.55,5.0143,5.01440,6.000
6,77.250,30.64,5.0767,5.07680,6.000
6,77.312,32.87,5.1392,5.13935,6.000
6,77.375,35.31,5.2018,5.20185,6.000
6,77.438,37.96,5.2644,5.26455,6.000
6,77.500,40.89,5.3268,5.32690,6.000
6,77.562,44.13,5.3894,5.38947,6.000
6,77.625,47.82,5.4518,5.45185,6.000
6,77.812,45.09,5.4750,5.47510,6.000
6,77.875,37.97,5.4126,5.41265,6.000
6,77.938,32.75,5.3502,5.35028,6.000
6,78.000,28.61,5.2877,5.28780,6.000
6,78.062,25.17,5.2252,5.22530,6.000
6,78.125,22.28,5.1625,5.16260,6.000
6,78.188,19.77,5.1002,5.10028,6.000
6,78.250,17.61,5.0377,5.03780,6.000
6,78.312,15.71,4.9752,4.97533,6.000
6,78.375,14.03,4.9127,4.91280,6.000
6,78.438,12.55,4.8501,4.85022,6.000
6,78.500,11.23,4.7876,4.78770,6.000
6,78.562,10.09,4.7250,4.72510,6.000
6,78.625,9.06,4.6626,4.66275,6.000
6,78.688,8.15,4.6001,4.60018,6.000
6,78.750,7.35,4.5377,4.53780,6.000
6,78.812,6.64,4.4751,4.47520,6.000
6,78.875,6.02,4.4125,4.41265,6.000
6,78.938,5.46,4.3501,4.35020,6.000
6,79.000,4.98,4.2875,4.28760,6.000
6,79.062,4.54,4.2251,4.22518,6.000
6,79.125,4.15,4.1624,4.16250,6.000
6,79.188,3.81,4.1000,4.10013,6.000
6,79.250,3.49,4.0375,4.03760,6.000
6,79.312,3.21,3.9750,3.97508,6.000
6,79.375,2.93,3.9125,3.91260,6.000
6,79.438,2.66,3.8500,3.85005,6.000
6,79.500,2.40,3.7875,3.78760,6.000
6,79.562,2.16,3.7249,3.72503,6.000
6,79.625,1.94,3.6626,3.66265,6.000
6,79.688,1.73,3.6000,3.60008,6.000
6,79.750,1.52,3.5375,3.53760,6.000
6,79.812,1.33,3.4749,3.47500,6.000
6,79.875,1.15,3.4124,3.41250,6.000
6,79.938,0.98,3.3500,3.35005,6.000
6,80.000,0.83,3.2874,3.28750,6.000
6,80.062,0.68,3.2249,3.22503,6.000
6,80.125,0.56,3.1623,3.16240,6.000
6,80.188,0.44,3.1000,3.10010,6.000
6,80.250,0.34,3.0374,3.03750,6.000
6,80.312,0.25,2.9751,2.97515,6.000
6,80.375,0.19,2.9124,2.91255,6.000
6,80.438,0.12,2.8498,2.84995,6.000
6,80.500,0.08,2.7875,2.78760,6.000
6,80.562,0.05,2.7248,2.72493,6.000
6,80.625,0.02,2.6624,2.66255,6.000
6,80.688,0.02,2.5997,2.59982,6.000
6,80.750,0.01,2.5374,2.53750,6.000
6,80.812,0.00,2.4749,2.47495,6.000
6,80.875,0.00,2.4125,2.41260,6.000
6,80.938,0.00,2.3499,2.35000,6.000
6,81.000,0.00,2.2874,2.28750,6.000
6,81.062,0.00,2.2249,2.22498,6.000
6,81.125,0.00,2.1623,2.16240,6.000
6,81.188,0.00,2.1000,2.10008,6.000
6,81.250,0.00,2.0372,2.03730,6.000
6,81.312,0.00,1.9750,1.97505,6.000
6,81.375,0.00,1.9122,1.91235,6.000
6,81.438,-0.01,1.8498,1.84992,6.000
6,81.500,0.00,1.7873,1.78740,6.000
6,81.562,-0.01,1.7248,1.72490,6.000
6,81.625,0.00,1.6624,1.66255,6.000
6,81.688,0.00,1.5998,1.59990,6.000
6,81.750,-0.01,1.5374,1.53750,6.000
6,81.812,0.00,1.4747,1.47483,6.000
6,81.875,0.00,1.4123,1.41240,6.000
6,81.938,-0.01,1.3498,1.34988,6.000
6,82.000,0.00,1.2873,1.28740,6.000
6,82.062,0.00,1.2248,1.22490,6.000
6,82.125,0.00,1.1622,1.16230,6.000
6,82.188,-0.01,1.0998,1.09990,6.000
6,82.250,-0.01,1.0373,1.03740,6.000
6,82.312,-0.01,0.9749,0.97503,6.000
6,82.375,-0.01,0.9123,0.91240,6.000
6,82.438,0.00,0.8498,0.84990,6.000
6,82.500,-0.01,0.7874,0.78750,6.000
6,82.562,0.00,0.7249,0.72495,6.000
6,82.625,-0.01,0.6623,0.66240,6.000
6,82.688,0.00,0.5997,0.59982,6.000
6,82.750,0.00,0.5372,0.53730,6.000
6,82.812,0.00,0.4747,0.47483,6.000
6,82.875,0.00,0.4124,0.41250,6.000
6,82.938,0.00,0.3498,0.34985,6.000
6,83.000,0.00,0.2872,0.28730,6.000
6,83.062,-0.01,0.2247,0.22483,6.000
6,83.125,0.00,0.1622,0.16230,6.000
6,83.188,-0.01,0.0997,0.09983,6.000
6,83.250,0.00,0.0372,0.03730,6.000
6,83.438,-0.01,-0.0028,-0.00275,6.000
6,83.500,0.00,-0.0003,-0.00020,6.000
6,83.562,0.00,-0.0003,-0.00020,6.000
6,83.625,0.00,-0.0003,-0.00020,6.000
6,83.688,0.00,-0.0003,-0.00020,6.000
6,83.750,-0.01,-0.0003,-0.00020,6.000
6,83.812,0.00,-0.0003,-0.00020,6.000
6,83.875,0.00,-0.0003,-0.00020,6.000
6,83.938,0.00,-0.0003,-0.00020,6.000
6,84.000,0.00,-0.0003,-0.00020,6.000
6,84.062,0.00,-0.0003,-0.00020,6.000
6,84.125,0.00,-0.0003,-0.00020,6.000
6,84.188,-0.01,-0.0003,-0.00020,6.000
6,84.250,-0.01,-0.0003,-0.00020,6.000
6,84.312,0.00,-0.0003,-0.00020,6.000
6,84.375,-0.01,-0.0003,-0.00020,6.000
6,84.438,0.00,-0.0003,-0.00020,6.000
6,84.500,0.00,-0.0003,-0.00020,6.000
6,84.562,0.00,-0.0003,-0.00020,6.000
6,84.625,-0.01,-0.0003,-0.00020,6.000
6,84.688,-0.01,-0.0003,-0.00020,6.000
6,84.750,0.00,-0.0003,-0.00020,6.000
6,84.812,0.00,-0.0003,-0.00020,6.000
6,84.875,0.00,-0.0003,-0.00020,6.000
6,84.938,0.00,-0.0003,-0.00020,6.000
6,85.000,-0.01,-0.0003,-0.00020,6.000
6,85.062,0.00,-0.0002,-0.00010,6.000
6,85.125,0.00,-0.0002,-0.00010,6.000
6,85.188,0.00,-0.0002,-0.00010,6.000
6,85.250,0.00,-0.0002,-0.00010,6.000
6,85.312,-0.01,-0.0002,-0.00010,6.000
6,85.375,0.00,-0.0002,-0.00010,6.000
6,85.438,0.00,-0.0002,-0.00010,6.000
6,85.500,-0.01,-0.0002,-0.00010,6.000
6,85.562,0.00,-0.0002,-0.00010,6.000
6,85.625,-0.01,-0.0002,-0.00010,6.000
6,85.688,0.00,-0.0002,-0.00010,6.000
6,85.750,0.00,-0.0002,-0.00010,6.000
6,85.812,0.00,-0.0002,-0.00010,6.000
6,85.875,0.00,-0.0002,-0.00010,6.000
6,85.938,0.00,-0.0002,-0.00010,6.000
6,86.000,-0.01,-0.0002,-0.00010,6.000
6,86.062,0.00,-0.0002,-0.00010,6.000
6,86.125,0.00,-0.0002,-0.00010,6.000
6,86.188,0.00,-0.0002,-0.00010,6.000
6,86.250,0.00,-0.0002,-0.00010,6.000
6,86.312,-0.01,-0.0002,-0.00010,6.000
6,86.375,0.00,-0.0002,-0.00010,6.000
7,86.625,0.00,0.0516,0.05170,7.000
7,86.688,0.00,0.1138,0.11395,7.000
7,86.750,0.00,0.1767,0.17680,7.000
7,86.812,0.00,0.2389,0.23902,7.000
7,86.875,0.00,0.3016,0.30165,7.000
7,86.938,0.00,0.3641,0.36420,7.000
7,87.000,0.00,0.4266,0.42670,7.000
7,87.062,-0.01,0.4890,0.48915,7.000
7,87.125,0.00,0.5515,0.55160,7.000
7,87.188,0.00,0.6142,0.61428,7.000
7,87.250,0.00,0.6766,0.67670,7.000
7,87.312,0.00,0.7393,0.73937,7.000
7,87.375,-0.01,0.8017,0.80175,7.000
7,87.438,-0.01,0.8642,0.86430,7.000
7,87.500,0.00,0.9268,0.92690,7.000
7,87.562,0.00,0.9893,0.98937,7.000
7,87.625,0.00,1.0518,1.05185,7.000
7,87.688,0.00,1.1140,1.11415,7.000
7,87.750,0.00,1.1766,1.17670,7.000
7,87.812,0.00,1.2391,1.23920,7.000
7,87.875,0.00,1.3016,1.30175,7.000
7,87.938,0.00,1.3640,1.36412,7.000
7,88.000,0.00,1.4267,1.42680,7.000
7,88.062,0.00,1.4892,1.48930,7.000
7,88.125,0.00,1.5516,1.55170,7.000
7,88.188,-0.01,1.6143,1.61438,7.000
7,88.250,0.00,1.6766,1.67670,7.000
7,88.312,0.00,1.7392,1.73932,7.000
7,88.375,0.00,1.8016,1.80170,7.000
7,88.438,0.00,1.8643,1.86438,7.000
7,88.500,0.00,1.9267,1.92680,7.000
7,88.562,0.00,1.9892,1.98932,7.000
7,88.625,0.00,2.0518,2.05185,7.000
7,88.688,0.00,2.1142,2.11433,7.000
7,88.750,0.00,2.1767,2.17680,7.000
7,88.812,0.00,2.2391,2.23922,7.000
7,88.875,0.00,2.3018,2.30190,7.000
7,88.938,0.02,2.3642,2.36430,7.000
7,89.000,0.03,2.4269,2.42700,7.000
7,89.062,0.05,2.4892,2.48935,7.000
7,89.125,0.08,2.5518,2.55185,7.000
7,89.188,0.12,2.6142,2.61428,7.000
7,89.250,0.17,2.6766,2.67670,7.000
7,89.312,0.25,2.7393,2.73940,7.000
7,89.375,0.35,2.8017,2.80175,7.000
7,89.438,0.47,2.8644,2.86445,7.000
7,89.500,0.61,2.9267,2.92680,7.000
7,89.562,0.78,2.9894,2.98950,7.000
7,89.625,0.97,3.0518,3.05190,7.000
7,89.688,1.19,3.1142,3.11435,7.000
7,89.750,1.43,3.1769,3.17700,7.000
7,89.812,1.70,3.2391,3.23922,7.000
7,89.875,2.01,3.3018,3.30190,7.000
7,89.938,2.34,3.3642,3.36433,7.000
7,90.000,2.72,3.4268,3.42690,7.000
7,90.062,3.12,3.4892,3.48930,7.000
7,90.125,3.56,3.5518,3.55185,7.000
7,90.188,4.03,3.6143,3.61440,7.000
7,90.250,4.55,3.6768,3.67690,7.000
7,90.312,5.11,3.7393,3.73942,7.000
7,90.375,5.70,3.8018,3.80185,7.000
7,90.438,6.33,3.8644,3.86448,7.000
7,90.500,7.02,3.9267,3.92680,7.000
7,90.562,7.75,3.9893,3.98940,7.000
7,90.625,8.53,4.0517,4.05180,7.000
7,90.688,9.37,4.1142,4.11428,7.000
7,90.750,10.25,4.1768,4.17690,7.000
7,90.812,11.19,4.2393,4.23937,7.000
7,90.875,12.19,4.3019,4.30200,7.000
7,90.938,13.25,4.3642,4.36428,7.000
7,91.000,14.36,4.4269,4.42700,7.000
7,91.062,15.54,4.4892,4.48935,7.000
7,91.125,16.77,4.5518,4.55195,7.000
7,91.188,18.07,4.6142,4.61435,7.000
7,91.250,19.45,4.6768,4.67690,7.000
7,91.312,20.91,4.7393,4.73945,7.000
7,91.375,22.47,4.8018,4.80190,7.000
7,91.438,24.13,4.8644,4.86450,7.000
7,91.500,25.89,4.9268,4.92690,7.000
7,91.562,27.77,4.9894,4.98950,7.000
7,91.625,29.78,5.0518,5.05185,7.000
7,91.688,31.96,5.1143,5.11440,7.000
7,91.750,34.30,5.1768,5.17690,7.000
7,91.812,36.85,5.2393,5.23945,7.000
7,91.875,39.66,5.3019,5.30200,7.000
7,91.938,42.77,5.3642,5.36435,7.000
7,92.000,46.23,5.4268,5.42690,7.000
7,92.062,50.27,5.4892,5.48932,7.000
7,92.188,48.85,5.5001,5.50022,7.000
7,92.250,40.49,5.4376,5.43770,7.000
7,92.312,34.67,5.3751,5.37518,7.000
7,92.375,30.14,5.3127,5.31280,7.000
7,92.438,26.47,5.2501,5.25020,7.000
7,92.500,23.37,5.1877,5.18780,7.000
7,92.562,20.73,5.1249,5.12503,7.000
7,92.625,18.45,5.0626,5.06270,7.000
7,92.688,16.45,5.0001,5.00022,7.000
7,92.750,14.69,4.9377,4.93780,7.000
7,92.812,13.13,4.8752,4.87528,7.000
7,92.875,11.76,4.8126,4.81265,7.000
7,92.938,10.54,4.7501,4.75025,7.000
7,93.000,9.48,4.6875,4.68760,7.000
7,93.062,8.52,4.6252,4.62530,7.000
7,93.125,7.67,4.5626,4.56265,7.000
7,93.188,6.93,4.5002,4.50030,7.000
7,93.250,6.27,4.4375,4.43760,7.000
7,93.312,5.68,4.3751,4.37518,7.000
7,93.375,5.17,4.3126,4.31270,7.000
7,93.438,4.71,4.2500,4.25005,7.000
7,93.500,4.29,4.1875,4.18760,7.000
7,93.562,3.95,4.1249,4.12498,7.000
7,93.625,3.62,4.0626,4.06265,7.000
7,93.688,3.32,4.0000,4.00008,7.000
7,93.750,3.04,3.9375,3.93760,7.000
7,93.812,2.76,3.8750,3.87510,7.000
7,93.875,2.51,3.8125,3.81260,7.000
7,93.938,2.26,3.7501,3.75018,7.000
7,94.000,2.03,3.6874,3.68750,7.000
7,94.062,1.81,3.6251,3.62520,7.000
7,94.125,1.60,3.5624,3.56250,7.000
7,94.188,1.41,3.5000,3.50008,7.000
7,94.250,1.23,3.4374,3.43750,7.000
7,94.312,1.05,3.3750,3.37513,7.000
7,94.375,0.89,3.3124,3.31255,7.000
7,94.438,0.74,3.2498,3.24988,7.000
7,94.500,0.61,3.1875,3.18760,7.000
7,94.562,0.48,3.1249,3.12503,7.000
7,94.625,0.38,3.0626,3.06265,7.000
7,94.688,0.29,3.0000,3.00008,7.000
7,94.750,0.21,2.9376,2.93770,7.000
7,94.812,0.15,2.8749,2.87495,7.000
7,94.875,0.10,2.8124,2.81250,7.000
7,94.938,0.06,2.7499,2.75000,7.000
7,95.000,0.04,2.6873,2.68740,7.000
7,95.062,0.02,2.6249,2.62503,7.000
7,95.125,0.02,2.5623,2.56240,7.000
7,95.188,0.01,2.5001,2.50018,7.000
7,95.250,0.00,2.4375,2.43760,7.000
7,95.312,0.00,2.3750,2.37508,7.000
7,95.375,0.00,2.3123,2.31240,7.000
7,95.438,-0.01,2.2498,2.24992,7.000
7,95.500,-0.01,2.1873,2.18740,7.000
7,95.562,0.00,2.1248,2.12490,7.000
7,95.625,0.00,2.0624,2.06250,7.000
7,95.688,0.00,1.9997,1.99983,7.000
7,95.750,0.00,1.9374,1.93750,7.000
7,95.812,0.00,1.8747,1.87483,7.000
7,95.875,0.00,1.8123,1.81240,7.000
7,95.938,0.00,1.7498,1.74990,7.000
7,96.000,-0.01,1.6874,1.68750,7.000
7,96.062,-0.01,1.6249,1.62500,7.000
7,96.125,0.00,1.5622,1.56230,7.000
7,96.188,-0.01,1.4998,1.49992,7.000
7,96.250,0.00,1.4371,1.43720,7.000
7,96.312,0.00,1.3749,1.37498,7.000
7,96.375,0.00,1.3122,1.31230,7.000
7,96.438,-0.01,1.2498,1.24990,7.000
7,96.500,0.00,1.1872,1.18730,7.000
7,96.562,0.00,1.1247,1.12478,7.000
7,96.625,0.00,1.0624,1.06250,7.000
7,96.688,0.00,0.9999,0.99995,7.000
7,96.750,0.00,0.9375,0.93760,7.000
7,96.812,-0.01,0.8747,0.87483,7.000
7,96.875,0.00,0.8124,0.81245,7.000
7,96.938,0.00,0.7499,0.74998,7.000
7,97.000,0.00,0.6873,0.68740,7.000
7,97.062,0.00,0.6248,0.62493,7.000
7,97.125,0.00,0.5622,0.56230,7.000
7,97.188,0.00,0.4998,0.49995,7.000
7,97.250,0.00,0.4372,0.43730,7.000
7,97.312,0.00,0.3748,0.37493,7.000
7,97.375,0.00,0.3122,0.31225,7.000
7,97.438,0.00,0.2498,0.24988,7.000
7,97.500,0.00,0.1872,0.18730,7.000
7,97.562,0.00,0.1248,0.12485,7.000
7,97.625,0.00,0.0623,0.06235,7.000
7,97.688,0.00,-0.0003,-0.00015,7.000
7,97.812,0.00,-0.0199,-0.01983,7.000
7,97.875,0.00,-0.0004,-0.00025,7.000
7,97.938,0.00,-0.0003,-0.00020,7.000
7,98.000,0.00,-0.0003,-0.00020,7.000
7,98.062,0.00,-0.0003,-0.00020,7.000
7,98.125,0.00,-0.0003,-0.00020,7.000
7,98.188,0.00,-0.0003,-0.00020,7.000
7,98.250,0.00,-0.0003,-0.00020,7.000
7,98.312,0.00,-0.0003,-0.00020,7.000
7,98.375,0.00,-0.0003,-0.00020,7.000
7,98.438,0.00,-0.0003,-0.00020,7.000
7,98.500,0.00,-0.0003,-0.00020,7.000
7,98.562,0.00,-0.0003,-0.00020,7.000
7,98.625,0.00,-0.0003,-0.00020,7.000
7,98.688,0.00,-0.0003,-0.00020,7.000
7,98.750,0.00,-0.0003,-0.00020,7.000
7,98.812,0.00,-0.0003,-0.00020,7.000
7,98.875,0.00,-0.0003,-0.00020,7.000
7,98.938,0.00,-0.0003,-0.00020,7.000
7,99.000,0.00,-0.0003,-0.00020,7.000
7,99.062,0.00,-0.0003,-0.00020,7.000
7,99.125,0.00,-0.0003,-0.00020,7.000
7,99.188,0.00,-0.0003,-0.00020,7.000
7,99.250,0.01,-0.0003,-0.00020,7.000
7,99.312,0.00,-0.0003,-0.00020,7.000
7,99.375,0.00,-0.0003,-0.00020,7.000
7,99.438,0.00,-0.0003,-0.00020,7.000
7,99.500,0.00,-0.0003,-0.00020,7.000
7,99.562,0.00,-0.0003,-0.00020,7.000
7,99.625,0.00,-0.0003,-0.00020,7.000
7,99.688,0.00,-0.0002,-0.00010,7.000
7,99.750,0.00,-0.0002,-0.00010,7.000
7,99.812,0.00,-0.0002,-0.00010,7.000
7,99.875,0.00,-0.0002,-0.00010,7.000
7,99.938,0.00,-0.0002,-0.00010,7.000
7,100.000,0.00,-0.0002,-0.00010,7.000
7,100.062,0.00,-0.0002,-0.00010,7.000
7,100.125,0.00,-0.0002,-0.00010,7.000
7,100.188,0.00,-0.0002,-0.00010,7.000
7,100.250,0.00,-0.0002,-0.00010,7.000
7,100.312,0.00,-0.0002,-0.00010,7.000
7,100.375,0.00,-0.0002,-0.00010,7.000
7,100.438,0.00,-0.0002,-0.00010,7.000
7,100.500,0.00,-0.0002,-0.00010,7.000
7,100.562,0.00,-0.0002,-0.00010,7.000
7,100.625,0.00,-0.0002,-0.00010,7.000
7,100.688,0.00,-0.0002,-0.00010,7.000
7,100.750,0.00,-0.0002,-0.00010,7.000
8,101.062,0.01,0.0900,0.09010,8.000
8,101.125,0.00,0.1525,0.15260,8.000
8,101.188,0.00,0.2151,0.21518,8.000
8,101.250,0.01,0.2774,0.27750,8.000
8,101.312,0.00,0.3401,0.34020,8.000
8,101.375,0.00,0.4026,0.40270,8.000
8,101.438,0.00,0.4652,0.46528,8.000
8,101.500,0.00,0.5275,0.52760,8.000
8,101.562,0.00,0.5900,0.59010,8.000
8,101.625,0.01,0.6527,0.65275,8.000
8,101.688,0.00,0.7151,0.71522,8.000
8,101.750,0.01,0.7777,0.77780,8.000
8,101.812,0.00,0.8401,0.84022,8.000
8,101.875,0.00,0.9028,0.90285,8.000
8,101.938,0.00,0.9652,0.96530,8.000
8,102.000,0.01,1.0278,1.02790,8.000
8,102.062,0.01,1.0901,1.09022,8.000
8,102.125,0.00,1.1526,1.15265,8.000
8,102.188,0.00,1.2152,1.21525,8.000
8,102.250,0.00,1.2775,1.27760,8.000
8,102.312,0.01,1.3401,1.34022,8.000
8,102.375,0.01,1.4026,1.40265,8.000
8,102.438,0.00,1.4652,1.46530,8.000
8,102.500,0.00,1.5277,1.52780,8.000
8,102.562,0.01,1.5902,1.59027,8.000
8,102.625,0.00,1.6527,1.65280,8.000
8,102.688,0.00,1.7152,1.71525,8.000
8,102.750,0.00,1.7777,1.77780,8.000
8,102.812,0.00,1.8401,1.84017,8.000
8,102.875,0.01,1.9027,1.90275,8.000
8,102.938,0.00,1.9651,1.96520,8.000
8,103.000,0.01,2.0278,2.02790,8.000
8,103.062,0.00,2.0902,2.09032,8.000
8,103.125,0.01,2.1528,2.15285,8.000
8,103.188,0.01,2.2152,2.21530,8.000
8,103.250,0.01,2.2776,2.27770,8.000
8,103.312,0.02,2.3402,2.34035,8.000
8,103.375,0.03,2.4027,2.40280,8.000
8,103.438,0.04,2.4654,2.46548,8.000
8,103.500,0.07,2.5277,2.52780,8.000
8,103.562,0.10,2.5903,2.59037,8.000
8,103.625,0.16,2.6528,2.65285,8.000
8,103.688,0.22,2.7152,2.71533,8.000
8,103.750,0.31,2.7777,2.77780,8.000
8,103.812,0.42,2.8403,2.84037,8.000
8,103.875,0.56,2.9028,2.90295,8.000
8,103.938,0.71,2.9652,2.96533,8.000
8,104.000,0.89,3.0279,3.02800,8.000
8,104.062,1.10,3.0904,3.09050,8.000
8,104.125,1.33,3.1528,3.15290,8.000
8,104.188,1.59,3.2153,3.21538,8.000
8,104.250,1.88,3.2777,3.27780,8.000
8,104.312,2.20,3.3402,3.34035,8.000
8,104.375,2.56,3.4026,3.40275,8.000
8,104.438,2.95,3.4653,3.46540,8.000
8,104.500,3.38,3.5277,3.52780,8.000
8,104.562,3.84,3.5903,3.59040,8.000
8,104.625,4.35,3.6528,3.65290,8.000
8,104.688,4.88,3.7153,3.71540,8.000
8,104.750,5.47,3.7778,3.77790,8.000
8,104.812,6.09,3.8403,3.84037,8.000
8,104.875,6.75,3.9028,3.90290,8.000
8,104.938,7.47,3.9653,3.96538,8.000
8,105.000,8.24,4.0279,4.02800,8.000
8,105.062,9.06,4.0902,4.09030,8.000
8,105.125,9.92,4.1528,4.15290,8.000
8,105.188,10.84,4.2152,4.21530,8.000
8,105.250,11.81,4.2779,4.27800,8.000
8,105.312,12.85,4.3404,4.34047,8.000
8,105.375,13.94,4.4028,4.40285,8.000
8,105.438,15.07,4.4653,4.46542,8.000
8,105.500,16.30,4.5278,4.52790,8.000
8,105.562,17.58,4.5904,4.59047,8.000
8,105.625,18.92,4.6528,4.65290,8.000
8,105.688,20.34,4.7152,4.71535,8.000
8,105.750,21.86,4.7778,4.77790,8.000
8,105.812,23.48,4.8403,4.84045,8.000
8,105.875,25.19,4.9029,4.90300,8.000
8,105.938,27.01,4.9653,4.96538,8.000
8,106.000,28.97,5.0279,5.02800,8.000
8,106.062,31.08,5.0902,5.09032,8.000
8,106.125,33.34,5.1528,5.15290,8.000
8,106.188,35.81,5.2154,5.21545,8.000
8,106.250,38.50,5.2779,5.27800,8.000
8,106.312,41.45,5.3403,5.34042,8.000
8,106.375,44.79,5.4027,5.40280,8.000
8,106.438,48.54,5.4653,5.46538,8.000
8,106.562,52.29,5.5251,5.52520,8.000
8,106.625,43.33,5.4636,5.46365,8.000
8,106.688,36.76,5.4011,5.40118,8.000
8,106.750,31.82,5.3387,5.33880,8.000
8,106.812,27.84,5.2762,5.27630,8.000
8,106.875,24.54,5.2136,5.21370,8.000
8,106.938,21.73,5.1510,5.15112,8.000
8,107.000,19.32,5.0884,5.08850,8.000
8,107.062,17.21,5.0262,5.02628,8.000
8,107.125,15.37,4.9636,4.96370,8.000
8,107.188,13.74,4.9012,4.90132,8.000
8,107.250,12.28,4.8387,4.83880,8.000
8,107.312,11.02,4.7761,4.77623,8.000
8,107.375,9.88,4.7136,4.71370,8.000
8,107.438,8.89,4.6511,4.65115,8.000
8,107.500,7.99,4.5887,4.58880,8.000
8,107.562,7.21,4.5260,4.52613,8.000
8,107.625,6.51,4.4637,4.46375,8.000
8,107.688,5.90,4.4010,4.40115,8.000
8,107.750,5.36,4.3388,4.33890,8.000
8,107.812,4.88,4.2761,4.27618,8.000
8,107.875,4.46,4.2135,4.21365,8.000
8,107.938,4.07,4.1510,4.15110,8.000
8,108.000,3.74,4.0883,4.08840,8.000
8,108.062,3.42,4.0260,4.02613,8.000
8,108.125,3.15,3.9634,3.96350,8.000
8,108.188,2.87,3.9011,3.90118,8.000
8,108.250,2.60,3.8385,3.83860,8.000
8,108.312,2.35,3.7761,3.77620,8.000
8,108.375,2.11,3.7136,3.71365,8.000
8,108.438,1.89,3.6510,3.65105,8.000
8,108.500,1.68,3.5885,3.58860,8.000
8,108.562,1.49,3.5259,3.52595,8.000
8,108.625,1.30,3.4634,3.46350,8.000
8,108.688,1.12,3.4009,3.40098,8.000
8,108.750,0.96,3.3385,3.33860,8.000
8,108.812,0.81,3.2759,3.27603,8.000
8,108.875,0.66,3.2134,3.21350,8.000
8,108.938,0.54,3.1509,3.15100,8.000
8,109.000,0.43,3.0884,3.08850,8.000
8,109.062,0.33,3.0260,3.02613,8.000
8,109.125,0.25,2.9634,2.96350,8.000
8,109.188,0.18,2.9010,2.90108,8.000
8,109.250,0.12,2.8383,2.83840,8.000
8,109.312,0.08,2.7760,2.77605,8.000
8,109.375,0.05,2.7134,2.71355,8.000
8,109.438,0.03,2.6508,2.65095,8.000
8,109.500,0.02,2.5884,2.58850,8.000
8,109.562,0.02,2.5259,2.52595,8.000
8,109.625,0.01,2.4635,2.46360,8.000
8,109.688,0.01,2.4010,2.40108,8.000
8,109.750,0.00,2.3385,2.33860,8.000
8,109.812,0.00,2.2758,2.27593,8.000
8,109.875,0.00,2.2134,2.21345,8.000
8,109.938,0.00,2.1508,2.15090,8.000
8,110.000,0.00,2.0884,2.08850,8.000
8,110.062,0.00,2.0259,2.02595,8.000
8,110.125,0.00,1.9633,1.96335,8.000
8,110.188,0.01,1.9009,1.90098,8.000
8,110.250,0.00,1.8382,1.83830,8.000
8,110.312,0.00,1.7759,1.77598,8.000
8,110.375,0.00,1.7134,1.71345,8.000
8,110.438,0.00,1.6508,1.65093,8.000
8,110.500,0.00,1.5883,1.58840,8.000
8,110.562,0.00,1.5258,1.52590,8.000
8,110.625,0.01,1.4633,1.46340,8.000
8,110.688,0.01,1.4007,1.40082,8.000
8,110.750,0.01,1.3384,1.33850,8.000
8,110.812,0.01,1.2757,1.27580,8.000
8,110.875,0.01,1.2133,1.21340,8.000
8,110.938,0.00,1.1508,1.15085,8.000
8,111.000,0.00,1.0883,1.08840,8.000
8,111.062,0.00,1.0259,1.02603,8.000
8,111.125,0.00,0.9634,0.96345,8.000
8,111.188,0.00,0.9009,0.90100,8.000
8,111.250,0.00,0.8381,0.83820,8.000
8,111.312,0.00,0.7759,0.77600,8.000
8,111.375,0.00,0.7134,0.71345,8.000
8,111.438,0.01,0.6508,0.65092,8.000
8,111.500,0.01,0.5883,0.58840,8.000
8,111.562,0.01,0.5258,0.52585,8.000
8,111.625,0.00,0.4634,0.46350,8.000
8,111.688,0.01,0.4008,0.40090,8.000
8,111.750,0.00,0.3383,0.33840,8.000
8,111.812,0.00,0.2757,0.27578,8.000
8,111.875,0.01,0.2132,0.21335,8.000
8,111.938,0.00,0.1507,0.15078,8.000
8,112.000,0.00,0.0882,0.08830,8.000
8,112.062,0.00,0.0258,0.02590,8.000
8,112.188,0.01,-0.0429,-0.04280,8.000
8,112.250,0.01,0.0008,0.00090,8.000
8,112.312,0.01,-0.0003,-0.00020,8.000
8,112.375,0.01,-0.0003,-0.00020,8.000
8,112.438,0.00,-0.0003,-0.00020,8.000
8,112.500,0.00,-0.0003,-0.00020,8.000
8,112.562,0.00,-0.0003,-0.00020,8.000
8,112.625,0.00,-0.0002,-0.00010,8.000
8,112.688,0.00,-0.0002,-0.00010,8.000
8,112.750,0.00,-0.0002,-0.00010,8.000
8,112.812,0.00,-0.0002,-0.00012,8.000
8,112.875,0.00,-0.0002,-0.00015,8.000
8,112.938,0.01,-0.0002,-0.00010,8.000
8,113.000,0.01,-0.0002,-0.00010,8.000
8,113.062,0.00,-0.0002,-0.00010,8.000
8,113.125,0.00,-0.0002,-0.00010,8.000
8,113.188,0.00,-0.0002,-0.00010,8.000
8,113.250,0.01,-0.0002,-0.00010,8.000
8,113.312,0.00,-0.0002,-0.00010,8.000
8,113.375,0.00,-0.0002,-0.00010,8.000
8,113.438,0.00,-0.0002,-0.00010,8.000
8,113.500,0.01,-0.0002,-0.00010,8.000
8,113.562,0.01,-0.0002,-0.00010,8.000
8,113.625,0.00,-0.0002,-0.00010,8.000
8,113.688,0.00,-0.0002,-0.00010,8.000
8,113.750,0.00,-0.0002,-0.00010,8.000
8,113.812,0.01,-0.0002,-0.00010,8.000
8,113.875,0.00,-0.0002,-0.00010,8.000
8,113.938,0.00,-0.0002,-0.00010,8.000
8,114.000,0.00,-0.0002,-0.00010,8.000
8,114.062,0.00,-0.0002,-0.00010,8.000
8,114.125,0.00,-0.0002,-0.00010,8.000
8,114.188,0.00,-0.0002,-0.00010,8.000
8,114.250,0.00,-0.0002,-0.00010,8.000
8,114.312,0.00,-0.0002,-0.00010,8.000
8,114.375,0.00,-0.0002,-0.00010,8.000
8,114.438,0.00,-0.0002,-0.00010,8.000
8,114.500,0.01,-0.0002,-0.00010,8.000
8,114.562,0.01,-0.0002,-0.00010,8.000
8,114.625,0.01,-0.0002,-0.00010,8.000
8,114.688,0.00,-0.0002,-0.00010,8.000
8,114.750,0.01,-0.0002,-0.00010,8.000
8,114.812,0.00,-0.0002,-0.00010,8.000
8,114.875,0.00,-0.0002,-0.00010,8.000
8,114.938,0.00,-0.0002,-0.00010,8.000
8,115.000,0.01,-0.0002,-0.00010,8.000
8,115.062,0.01,-0.0002,-0.00010,8.000
8,115.125,0.01,-0.0002,-0.00010,8.000
8,115.188,0.00,-0.0002,-0.00010,8.000
9,115.438,0.00,0.0540,0.05410,9.000
9,115.500,0.00,0.1163,0.11640,9.000
9,115.562,0.00,0.1791,0.17917,9.000
9,115.625,0.00,0.2414,0.24150,9.000
9,115.688,0.00,0.3041,0.30418,9.000
9,115.750,0.00,0.3666,0.36670,9.000
9,115.812,0.00,0.4291,0.42920,9.000
9,115.875,0.00,0.4916,0.49165,9.000
9,115.938,0.00,0.5540,0.55408,9.000
9,116.000,0.00,0.6165,0.61660,9.000
9,116.062,0.00,0.6790,0.67912,9.000
9,116.125,0.00,0.7417,0.74180,9.000
9,116.188,0.00,0.8041,0.80418,9.000
9,116.250,0.00,0.8667,0.86680,9.000
9,116.312,0.00,0.9291,0.92925,9.000
9,116.375,0.00,0.9917,0.99180,9.000
9,116.438,0.00,1.0542,1.05427,9.000
9,116.500,0.00,1.1164,1.11650,9.000
9,116.562,0.00,1.1792,1.17927,9.000
9,116.625,0.00,1.2416,1.24165,9.000
9,116.688,0.00,1.3042,1.30427,9.000
9,116.750,0.00,1.3666,1.36670,9.000
9,116.812,0.00,1.4292,1.42927,9.000
9,116.875,0.00,1.4916,1.49175,9.000
9,116.938,0.00,1.5541,1.55418,9.000
9,117.000,0.00,1.6167,1.61680,9.000
9,117.062,0.00,1.6792,1.67927,9.000
9,117.125,0.00,1.7417,1.74180,9.000
9,117.188,0.00,1.8040,1.80412,9.000
9,117.250,0.00,1.8668,1.86690,9.000
9,117.312,0.00,1.9291,1.92922,9.000
9,117.375,0.00,1.9916,1.99175,9.000
9,117.438,0.00,2.0541,2.05420,9.000
9,117.500,0.00,2.1166,2.11670,9.000
9,117.562,0.00,2.1792,2.17930,9.000
9,117.625,0.00,2.2416,2.24170,9.000
9,117.688,0.01,2.3043,2.30438,9.000
9,117.750,0.02,2.3667,2.36680,9.000
9,117.812,0.03,2.4294,2.42947,9.000
9,117.875,0.05,2.4917,2.49180,9.000
9,117.938,0.08,2.5542,2.55435,9.000
9,118.000,0.12,2.6168,2.61690,9.000
9,118.062,0.18,2.6792,2.67935,9.000
9,118.125,0.25,2.7418,2.74185,9.000
9,118.188,0.35,2.8042,2.80425,9.000
9,118.250,0.47,2.8669,2.86700,9.000
9,118.312,0.61,2.9293,2.92940,9.000
9,118.375,0.77,2.9919,2.99195,9.000
9,118.438,0.97,3.0544,3.05448,9.000
9,118.500,1.18,3.1168,3.11690,9.000
9,118.562,1.42,3.1792,3.17935,9.000
9,118.625,1.70,3.2417,3.24180,9.000
9,118.688,2.00,3.3044,3.30448,9.000
9,118.750,2.34,3.3667,3.36680,9.000
9,118.812,2.71,3.4293,3.42937,9.000
9,118.875,3.12,3.4916,3.49175,9.000
9,118.938,3.56,3.5543,3.55440,9.000
9,119.000,4.04,3.6168,3.61690,9.000
9,119.062,4.56,3.6793,3.67937,9.000
9,119.125,5.12,3.7419,3.74195,9.000
9,119.188,5.71,3.8042,3.80430,9.000
9,119.250,6.34,3.8668,3.86690,9.000
9,119.312,7.04,3.9292,3.92930,9.000
9,119.375,7.77,3.9918,3.99190,9.000
9,119.438,8.56,4.0543,4.05438,9.000
9,119.500,9.39,4.1168,4.11690,9.000
9,119.562,10.29,4.1792,4.17930,9.000
9,119.625,11.23,4.2417,4.24180,9.000
9,119.688,12.22,4.3043,4.30440,9.000
9,119.750,13.27,4.3666,4.36670,9.000
9,119.812,14.39,4.4293,4.42942,9.000
9,119.875,15.57,4.4917,4.49185,9.000
9,119.938,16.80,4.5543,4.55440,9.000
9,120.000,18.11,4.6167,4.61680,9.000
9,120.062,19.49,4.6793,4.67937,9.000
9,120.125,20.94,4.7418,4.74190,9.000
9,120.188,22.51,4.8043,4.80440,9.000
9,120.250,24.15,4.8670,4.86710,9.000
9,120.312,25.92,4.9293,4.92940,9.000
9,120.375,27.78,4.9919,4.99200,9.000
9,120.438,29.80,5.0542,5.05430,9.000
9,120.500,31.97,5.1167,5.11680,9.000
9,120.562,34.30,5.1793,5.17942,9.000
9,120.625,36.87,5.2418,5.24190,9.000
9,120.688,39.66,5.3043,5.30442,9.000
9,120.750,42.78,5.3668,5.36690,9.000
9,120.812,46.25,5.4294,5.42947,9.000
9,120.875,50.25,5.4918,5.49185,9.000
9,121.000,50.68,5.5171,5.51720,9.000
9,121.062,41.67,5.4551,5.45518,9.000
9,121.125,35.55,5.3927,5.39275,9.000
9,121.188,30.86,5.3300,5.33013,9.000
9,121.250,27.04,5.2678,5.26790,9.000
9,121.312,23.87,5.2050,5.20508,9.000
9,121.375,21.15,5.1426,5.14270,9.000
9,121.438,18.81,5.0801,5.08018,9.000
9,121.500,16.78,5.0177,5.01780,9.000
9,121.562,14.97,4.9552,4.95530,9.000
9,121.625,13.39,4.8926,4.89275,9.000
9,121.688,11.98,4.8302,4.83028,9.000
9,121.750,10.73,4.7674,4.76750,9.000
9,121.812,9.64,4.7052,4.70525,9.000
9,121.875,8.67,4.6425,4.64260,9.000
9,121.938,7.79,4.5802,4.58028,9.000
9,122.000,7.03,4.5176,4.51770,9.000
9,122.062,6.38,4.4551,4.45515,9.000
9,122.125,5.77,4.3926,4.39275,9.000
9,122.188,5.25,4.3301,4.33022,9.000
9,122.250,4.78,4.2677,4.26780,9.000
9,122.312,4.37,4.2049,4.20498,9.000
9,122.375,4.00,4.1425,4.14260,9.000
9,122.438,3.67,4.0798,4.07993,9.000
9,122.500,3.37,4.0175,4.01760,9.000
9,122.562,3.08,3.9550,3.95513,9.000
9,122.625,2.81,3.8924,3.89255,9.000
9,122.688,2.55,3.8301,3.83023,9.000
9,122.750,2.30,3.7674,3.76750,9.000
9,122.812,2.07,3.7050,3.70513,9.000
9,122.875,1.85,3.6424,3.64255,9.000
9,122.938,1.64,3.5801,3.58018,9.000
9,123.000,1.45,3.5174,3.51750,9.000
9,123.062,1.26,3.4549,3.45500,9.000
9,123.125,1.09,3.3925,3.39260,9.000
9,123.188,0.92,3.3299,3.32998,9.000
9,123.250,0.77,3.2675,3.26760,9.000
9,123.312,0.64,3.2048,3.20488,9.000
9,123.375,0.51,3.1425,3.14260,9.000
9,123.438,0.41,3.0799,3.08000,9.000
9,123.500,0.31,3.0175,3.01760,9.000
9,123.562,0.23,2.9550,2.95510,9.000
9,123.625,0.17,2.8925,2.89255,9.000
9,123.688,0.11,2.8299,2.83000,9.000
9,123.750,0.07,2.7673,2.76740,9.000
9,123.812,0.04,2.7050,2.70510,9.000
9,123.875,0.03,2.6423,2.64235,9.000
9,123.938,0.02,2.5799,2.58002,9.000
9,124.000,0.01,2.5175,2.51760,9.000
9,124.062,0.00,2.4550,2.45508,9.000
9,124.125,0.00,2.3925,2.39255,9.000
9,124.188,0.00,2.3298,2.32993,9.000
9,124.250,0.00,2.2674,2.26750,9.000
9,124.312,0.00,2.2048,2.20488,9.000
9,124.375,0.00,2.1425,2.14255,9.000
9,124.438,0.00,2.0799,2.07998,9.000
9,124.500,0.00,2.0175,2.01760,9.000
9,124.562,0.00,1.9548,1.95485,9.000
9,124.625,0.00,1.8924,1.89245,9.000
9,124.688,0.00,1.8298,1.82990,9.000
9,124.750,0.00,1.7672,1.76730,9.000
9,124.812,0.00,1.7050,1.70508,9.000
9,124.875,0.00,1.6423,1.64235,9.000
9,124.938,0.00,1.5800,1.58005,9.000
9,125.000,0.00,1.5173,1.51740,9.000
9,125.062,0.00,1.4549,1.45498,9.000
9,125.125,0.00,1.3923,1.39240,9.000
9,125.188,0.00,1.3298,1.32985,9.000
9,125.250,0.00,1.2673,1.26740,9.000
9,125.312,0.00,1.2047,1.20480,9.000
9,125.375,0.00,1.1423,1.14240,9.000
9,125.438,0.00,1.0797,1.07983,9.000
9,125.500,0.00,1.0175,1.01760,9.000
9,125.562,0.00,0.9548,0.95488,9.000
9,125.625,0.00,0.8924,0.89245,9.000
9,125.688,0.00,0.8298,0.82988,9.000
9,125.750,0.00,0.7673,0.76740,9.000
9,125.812,0.00,0.7049,0.70500,9.000
9,125.875,0.00,0.6423,0.64235,9.000
9,125.938,0.00,0.5799,0.57998,9.000
9,126.000,0.00,0.5171,0.51720,9.000
9,126.062,0.00,0.4549,0.45500,9.000
9,126.125,0.00,0.3923,0.39235,9.000
9,126.188,0.00,0.3298,0.32990,9.000
9,126.250,0.00,0.2672,0.26730,9.000
9,126.312,0.00,0.2047,0.20478,9.000
9,126.375,0.00,0.1423,0.14240,9.000
9,126.438,0.00,0.0796,0.07975,9.000
9,126.500,0.00,0.0173,0.01740,9.000
9,126.625,0.00,-0.0380,-0.03790,9.000
9,126.688,0.00,-0.0004,-0.00025,9.000
9,126.750,0.00,-0.0004,-0.00030,9.000
9,126.812,0.00,-0.0003,-0.00020,9.000
9,126.875,0.00,-0.0003,-0.00020,9.000
9,126.938,0.00,-0.0003,-0.00020,9.000
9,127.000,0.00,-0.0003,-0.00020,9.000
9,127.062,0.00,-0.0003,-0.00020,9.000
9,127.125,0.00,-0.0003,-0.00020,9.000
9,127.188,0.00,-0.0003,-0.00020,9.000
9,127.250,0.00,-0.0003,-0.00020,9.000
9,127.312,0.00,-0.0003,-0.00020,9.000
9,127.375,0.00,-0.0003,-0.00020,9.000
9,127.438,-0.01,-0.0003,-0.00020,9.000
9,127.500,0.00,-0.0003,-0.00020,9.000
9,127.562,0.00,-0.0003,-0.00020,9.000
9,127.625,0.00,-0.0003,-0.00020,9.000
9,127.688,0.00,-0.0003,-0.00020,9.000
9,127.750,0.00,-0.0003,-0.00020,9.000
9,127.812,-0.01,-0.0003,-0.00020,9.000
9,127.875,0.00,-0.0003,-0.00020,9.000
9,127.938,0.00,-0.0003,-0.00020,9.000
9,128.000,0.00,-0.0003,-0.00020,9.000
9,128.062,0.00,-0.0003,-0.00020,9.000
9,128.125,0.00,-0.0003,-0.00020,9.000
9,128.188,0.00,-0.0003,-0.00020,9.000
9,128.250,-0.01,-0.0003,-0.00020,9.000
9,128.312,0.00,-0.0003,-0.00020,9.000
9,128.375,0.00,-0.0003,-0.00020,9.000
9,128.438,0.00,-0.0003,-0.00020,9.000
9,128.500,0.00,-0.0003,-0.00020,9.000
9,128.562,0.00,-0.0003,-0.00020,9.000
9,128.625,0.00,-0.0003,-0.00020,9.000
9,128.688,0.00,-0.0003,-0.00020,9.000
9,128.750,0.00,-0.0003,-0.00020,9.000
9,128.812,0.00,-0.0002,-0.00010,9.000
9,128.875,0.00,-0.0002,-0.00010,9.000
9,128.938,0.00,-0.0002,-0.00010,9.000
9,129.000,0.00,-0.0002,-0.00010,9.000
9,129.062,0.00,-0.0002,-0.00010,9.000
9,129.125,0.00,-0.0002,-0.00010,9.000
9,129.188,0.00,-0.0002,-0.00010,9.000
9,129.250,0.00,-0.0002,-0.00010,9.000
9,129.312,0.00,-0.0002,-0.00010,9.000
9,129.375,0.00,-0.0002,-0.00010,9.000
9,129.438,0.00,-0.0002,-0.00010,9.000
9,129.500,0.00,-0.0002,-0.00010,9.000
9,129.562,0.00,-0.0002,-0.00010,9.000
10,129.875,0.00,0.0434,0.04355,10.000
10,129.938,0.00,0.1060,0.10610,10.000
10,130.000,0.01,0.1685,0.16860,10.000
10,130.062,0.01,0.2310,0.23110,10.000
10,130.125,0.00,0.2935,0.29360,10.000
10,130.188,0.01,0.3560,0.35612,10.000
10,130.250,0.01,0.4186,0.41870,10.000
10,130.312,0.01,0.4810,0.48105,10.000
10,130.375,0.01,0.5436,0.54370,10.000
10,130.438,0.01,0.6061,0.60618,10.000
10,130.500,0.01,0.6687,0.66880,10.000
10,130.562,0.01,0.7312,0.73132,10.000
10,130.625,0.00,0.7937,0.79375,10.000
10,130.688,0.01,0.8562,0.85632,10.000
10,130.750,0.01,0.9186,0.91870,10.000
10,130.812,0.01,0.9814,0.98145,10.000
10,130.875,0.01,1.0437,1.04380,10.000
10,130.938,0.00,1.1061,1.10622,10.000
10,131.000,0.01,1.1685,1.16860,10.000
10,131.062,0.00,1.2312,1.23125,10.000
10,131.125,0.01,1.2936,1.29375,10.000
10,131.188,0.01,1.3560,1.35615,10.000
10,131.250,0.01,1.4188,1.41890,10.000
10,131.312,0.01,1.4811,1.48120,10.000
10,131.375,0.00,1.5437,1.54380,10.000
10,131.438,0.01,1.6062,1.60628,10.000
10,131.500,0.01,1.6688,1.66890,10.000
10,131.562,0.01,1.7312,1.73130,10.000
10,131.625,0.01,1.7936,1.79375,10.000
10,131.688,0.01,1.8562,1.85628,10.000
10,131.750,0.01,1.9186,1.91870,10.000
10,131.812,0.01,1.9813,1.98138,10.000
10,131.875,0.01,2.0436,2.04370,10.000
10,131.938,0.01,2.1063,2.10640,10.000
10,132.000,0.01,2.1687,2.16880,10.000
10,132.062,0.01,2.2313,2.23135,10.000
10,132.125,0.01,2.2937,2.29380,10.000
10,132.188,0.03,2.3562,2.35633,10.000
10,132.250,0.03,2.4188,2.41890,10.000
10,132.312,0.05,2.4812,2.48132,10.000
10,132.375,0.08,2.5438,2.54390,10.000
10,132.438,0.12,2.6062,2.60628,10.000
10,132.500,0.17,2.6688,2.66890,10.000
10,132.562,0.24,2.7312,2.73130,10.000
10,132.625,0.34,2.7938,2.79385,10.000
10,132.688,0.45,2.8563,2.85638,10.000
10,132.750,0.59,2.9188,2.91890,10.000
10,132.812,0.75,2.9814,2.98153,10.000
10,132.875,0.94,3.0438,3.04385,10.000
10,132.938,1.15,3.1064,3.10655,10.000
10,133.000,1.39,3.1687,3.16880,10.000
10,133.062,1.65,3.2313,3.23143,10.000
10,133.125,1.96,3.2938,3.29385,10.000
10,133.188,2.29,3.3562,3.35635,10.000
10,133.250,2.65,3.4187,3.41880,10.000
10,133.312,3.06,3.4811,3.48123,10.000
10,133.375,3.49,3.5438,3.54390,10.000
10,133.438,3.96,3.6062,3.60630,10.000
10,133.500,4.47,3.6689,3.66900,10.000
10,133.562,5.03,3.7312,3.73133,10.000
10,133.625,5.62,3.7938,3.79390,10.000
10,133.688,6.25,3.8564,3.85645,10.000
10,133.750,6.93,3.9189,3.91900,10.000
10,133.812,7.65,3.9812,3.98135,10.000
10,133.875,8.43,4.0437,4.04380,10.000
10,133.938,9.26,4.1063,4.10640,10.000
10,134.000,10.14,4.1686,4.16870,10.000
10,134.062,11.07,4.2313,4.23140,10.000
10,134.125,12.06,4.2938,4.29385,10.000
10,134.188,13.10,4.3563,4.35642,10.000
10,134.250,14.20,4.4188,4.41890,10.000
10,134.312,15.38,4.4814,4.48145,10.000
10,134.375,16.60,4.5438,4.54395,10.000
10,134.438,17.89,4.6062,4.60635,10.000
10,134.500,19.25,4.6689,4.66900,10.000
10,134.562,20.70,4.7312,4.73130,10.000
10,134.625,22.24,4.7938,4.79395,10.000
10,134.688,23.87,4.8564,4.85645,10.000
10,134.750,25.61,4.9189,4.91900,10.000
10,134.812,27.46,4.9814,4.98150,10.000
10,134.875,29.44,5.0438,5.04385,10.000
10,134.938,31.57,5.1063,5.10640,10.000
10,135.000,33.90,5.1687,5.16880,10.000
10,135.062,36.40,5.2313,5.23142,10.000
10,135.125,39.15,5.2938,5.29385,10.000
10,135.188,42.20,5.3564,5.35650,10.000
10,135.250,45.59,5.4188,5.41890,10.000
10,135.312,49.51,5.4812,5.48130,10.000
10,135.438,48.12,5.4919,5.49202,10.000
10,135.500,39.90,5.4297,5.42980,10.000
10,135.562,34.23,5.3671,5.36715,10.000
10,135.625,29.79,5.3047,5.30480,10.000
10,135.688,26.18,5.2421,5.24218,10.000
10,135.750,23.13,5.1795,5.17960,10.000
10,135.812,20.52,5.1170,5.11712,10.000
10,135.875,18.27,5.0546,5.05465,10.000
10,135.938,16.28,4.9921,4.99222,10.000
10,136.000,14.55,4.9297,4.92980,10.000
10,136.062,13.01,4.8673,4.86738,10.000
10,136.125,11.65,4.8046,4.80465,10.000
10,136.188,10.45,4.7421,4.74220,10.000
10,136.250,9.38,4.6796,4.67970,10.000
10,136.312,8.44,4.6171,4.61718,10.000
10,136.375,7.59,4.5547,4.55475,10.000
10,136.438,6.85,4.4921,4.49215,10.000
10,136.500,6.19,4.4297,4.42980,10.000
10,136.562,5.62,4.3671,4.36715,10.000
10,136.625,5.10,4.3047,4.30475,10.000
10,136.688,4.65,4.2421,4.24215,10.000
10,136.750,4.24,4.1795,4.17960,10.000
10,136.812,3.89,4.1170,4.11710,10.000
10,136.875,3.57,4.0544,4.05455,10.000
10,136.938,3.28,3.9921,3.99215,10.000
10,137.000,3.00,3.9293,3.92940,10.000
10,137.062,2.72,3.8670,3.86713,10.000
10,137.125,2.46,3.8044,3.80455,10.000
10,137.188,2.22,3.7421,3.74220,10.000
10,137.250,1.99,3.6795,3.67960,10.000
10,137.312,1.77,3.6171,3.61715,10.000
10,137.375,1.57,3.5544,3.55455,10.000
10,137.438,1.38,3.4919,3.49200,10.000
10,137.500,1.20,3.4295,3.42960,10.000
10,137.562,1.02,3.3668,3.36692,10.000
10,137.625,0.86,3.3044,3.30455,10.000
10,137.688,0.72,3.2419,3.24198,10.000
10,137.750,0.59,3.1794,3.17950,10.000
10,137.812,0.47,3.1170,3.11710,10.000
10,137.875,0.37,3.0545,3.05460,10.000
10,137.938,0.28,2.9919,2.99203,10.000
10,138.000,0.21,2.9293,2.92940,10.000
10,138.062,0.15,2.8670,2.86708,10.000
10,138.125,0.10,2.8043,2.80440,10.000
10,138.188,0.06,2.7420,2.74208,10.000
10,138.250,0.03,2.6794,2.67950,10.000
10,138.312,0.02,2.6169,2.61703,10.000
10,138.375,0.02,2.5544,2.55445,10.000
10,138.438,0.02,2.4920,2.49205,10.000
10,138.500,0.01,2.4295,2.42960,10.000
10,138.562,0.01,2.3669,2.36700,10.000
10,138.625,0.01,2.3044,2.30455,10.000
10,138.688,0.01,2.2418,2.24188,10.000
10,138.750,0.01,2.1795,2.17960,10.000
10,138.812,0.00,2.1168,2.11688,10.000
10,138.875,0.01,2.0544,2.05445,10.000
10,138.938,0.00,1.9919,1.99198,10.000
10,139.000,0.00,1.9293,1.92940,10.000
10,139.062,0.00,1.8668,1.86688,10.000
10,139.125,0.00,1.8042,1.80430,10.000
10,139.188,0.01,1.7419,1.74200,10.000
10,139.250,0.00,1.6792,1.67930,10.000
10,139.312,0.00,1.6168,1.61690,10.000
10,139.375,0.01,1.5542,1.55435,10.000
10,139.438,0.00,1.4918,1.49192,10.000
10,139.500,0.00,1.4294,1.42950,10.000
10,139.562,0.00,1.3668,1.36688,10.000
10,139.625,0.01,1.3043,1.30440,10.000
10,139.688,0.01,1.2417,1.24180,10.000
10,139.750,0.00,1.1794,1.17950,10.000
10,139.812,0.01,1.1166,1.11675,10.000
10,139.875,0.01,1.0544,1.05445,10.000
10,139.938,0.01,0.9919,0.99198,10.000
10,140.000,0.01,0.9294,0.92950,10.000
10,140.062,0.01,0.8669,0.86698,10.000
10,140.125,0.01,0.8043,0.80440,10.000
10,140.188,0.01,0.7419,0.74200,10.000
10,140.250,0.00,0.6792,0.67930,10.000
10,140.312,0.01,0.6169,0.61695,10.000
10,140.375,0.00,0.5542,0.55430,10.000
10,140.438,0.00,0.4918,0.49190,10.000
10,140.500,0.01,0.4294,0.42950,10.000
10,140.562,0.01,0.3668,0.36685,10.000
10,140.625,0.00,0.3043,0.30435,10.000
10,140.688,0.01,0.2416,0.24172,10.000
10,140.750,0.01,0.1793,0.17940,10.000
10,140.812,0.01,0.1167,0.11680,10.000
10,140.875,0.01,0.0543,0.05435,10.000
10,140.938,0.01,-0.0081,-0.00805,10.000
10,141.062,0.00,-0.0009,-0.00078,10.000
10,141.125,0.00,-0.0003,-0.00020,10.000
10,141.188,0.01,-0.0003,-0.00020,10.000
10,141.250,0.00,-0.0003,-0.00020,10.000
10,141.312,0.01,-0.0003,-0.00020,10.000
10,141.375,0.00,-0.0003,-0.00020,10.000
10,141.438,0.01,-0.0003,-0.00020,10.000
10,141.500,0.01,-0.0003,-0.00020,10.000
10,141.562,0.01,-0.0003,-0.00020,10.000
10,141.625,0.01,-0.0003,-0.00020,10.000
10,141.688,0.01,-0.0003,-0.00020,10.000
10,141.750,0.00,-0.0003,-0.00020,10.000
10,141.812,0.01,-0.0003,-0.00020,10.000
10,141.875,0.00,-0.0003,-0.00020,10.000
10,141.938,0.01,-0.0003,-0.00020,10.000
10,142.000,0.00,-0.0003,-0.00020,10.000
10,142.062,0.01,-0.0003,-0.00020,10.000
10,142.125,0.01,-0.0003,-0.00020,10.000
10,142.188,0.00,-0.0003,-0.00020,10.000
10,142.250,0.01,-0.0003,-0.00020,10.000
10,142.312,0.00,-0.0003,-0.00020,10.000
10,142.375,0.01,-0.0003,-0.00020,10.000
10,142.438,0.01,-0.0003,-0.00020,10.000
10,142.500,0.01,-0.0003,-0.00020,10.000
10,142.562,0.01,-0.0003,-0.00020,10.000
10,142.625,0.01,-0.0003,-0.00020,10.000
10,142.688,0.01,-0.0003,-0.00020,10.000
10,142.750,0.01,-0.0003,-0.00020,10.000
10,142.812,0.01,-0.0003,-0.00020,10.000
10,142.875,0.01,-0.0002,-0.00010,10.000
10,142.938,0.01,-0.0002,-0.00010,10.000
10,143.000,0.01,-0.0002,-0.00010,10.000
10,143.062,0.01,-0.0002,-0.00010,10.000
10,143.125,0.01,-0.0002,-0.00010,10.000
10,143.188,0.00,-0.0002,-0.00010,10.000
10,143.250,0.00,-0.0002,-0.00010,10.000
10,143.312,0.00,-0.0002,-0.00010,10.000
10,143.375,0.01,-0.0002,-0.00010,10.000
10,143.438,0.00,-0.0002,-0.00010,10.000
10,143.500,0.00,-0.0002,-0.00010,10.000
10,143.562,0.00,-0.0002,-0.00010,10.000
10,143.625,0.01,-0.0002,-0.00010,10.000
10,143.688,0.01,-0.0002,-0.00010,10.000
10,143.750,0.01,-0.0002,-0.00010,10.000
10,143.812,0.00,-0.0002,-0.00010,10.000
10,143.875,0.01,-0.0002,-0.00010,10.000
10,143.938,0.01,-0.0002,-0.00010,10.000
10,144.000,0.01,-0.0002,-0.00010,10.000


