""
"Test Method","Radhen_Load_Cntrl_Cmprsn_250N_12-7.msm"
"Sample I. D.","Sample1.mss"
"Specimen Number","14"

"TheCycle_Output ()","_Time (s)","_Load (N)","_Extension (mm)","RealTimeDepth (mm)","CycleNumber ()"

1,0.312,-0.01,0.0932,0.09318,1.000
1,0.375,-0.01,0.1557,0.15565,1.000
1,0.438,-0.01,0.2184,0.21835,1.000
1,0.500,0.00,0.2808,0.28080,1.000
1,0.562,-0.01,0.3434,0.34340,1.000
1,0.625,-0.01,0.4058,0.40580,1.000
1,0.688,-0.01,0.4683,0.46830,1.000
1,0.750,-0.01,0.5308,0.53080,1.000
1,0.812,-0.01,0.5932,0.59325,1.000
1,0.875,-0.01,0.6558,0.65580,1.000
1,0.938,-0.01,0.7182,0.71822,1.000
1,1.000,-0.01,0.7808,0.78080,1.000
1,1.062,-0.01,0.8431,0.84312,1.000
1,1.125,-0.01,0.9058,0.90580,1.000
1,1.188,-0.01,0.9683,0.96830,1.000
1,1.250,-0.01,1.0309,1.03090,1.000
1,1.312,-0.01,1.0933,1.09330,1.000
1,1.375,-0.01,1.1558,1.15580,1.000
1,1.438,-0.01,1.2183,1.21830,1.000
1,1.500,-0.01,1.2807,1.28070,1.000
1,1.562,-0.01,1.3433,1.34332,1.000
1,1.625,-0.01,1.4057,1.40575,1.000
1,1.688,-0.01,1.4685,1.46848,1.000
1,1.750,-0.01,1.5308,1.53080,1.000
1,1.812,-0.01,1.5933,1.59328,1.000
1,1.875,0.00,1.6558,1.65585,1.000
1,1.938,0.01,1.7183,1.71830,1.000
1,2.000,0.02,1.7809,1.78090,1.000
1,2.062,0.04,1.8434,1.84340,1.000
1,2.125,0.06,1.9059,1.90590,1.000
1,2.188,0.10,1.9683,1.96830,1.000
1,2.250,0.14,2.0310,2.03100,1.000
1,2.312,0.22,2.0933,2.09332,1.000
1,2.375,0.32,2.1558,2.15585,1.000
1,2.438,0.44,2.2183,2.21832,1.000
1,2.500,0.57,2.2809,2.28090,1.000
1,2.562,0.73,2.3434,2.34345,1.000
1,2.625,0.91,2.4059,2.40590,1.000
1,2.688,1.12,2.4686,2.46855,1.000
1,2.750,1.35,2.5309,2.53090,1.000
1,2.812,1.62,2.5934,2.59343,1.000
1,2.875,1.90,2.6558,2.65585,1.000
1,2.938,2.23,2.7183,2.71832,1.000
1,3.000,2.59,2.7809,2.78090,1.000
1,3.062,3.00,2.8432,2.84325,1.000
1,3.125,3.44,2.9058,2.90585,1.000
1,3.188,3.94,2.9682,2.96823,1.000
1,3.250,4.48,3.0309,3.03090,1.000
1,3.312,5.06,3.0933,3.09332,1.000
1,3.438,5.02,3.0840,3.08398,1.000
1,3.500,4.25,3.0217,3.02170,1.000
1,3.562,3.62,2.9590,2.95905,1.000
1,3.625,3.08,2.8966,2.89655,1.000
1,3.688,2.60,2.8340,2.83402,1.000
1,3.750,2.19,2.7715,2.77150,1.000
1,3.812,1.83,2.7091,2.70912,1.000
1,3.875,1.52,2.6465,2.64650,1.000
1,3.938,1.25,2.5841,2.58405,1.000
1,4.000,1.02,2.5215,2.52150,1.000
1,4.062,0.82,2.4592,2.45918,1.000
1,4.125,0.64,2.3967,2.39665,1.000
1,4.188,0.49,2.3341,2.33405,1.000
1,4.250,0.36,2.2716,2.27160,1.000
1,4.312,0.25,2.2090,2.20895,1.000
1,4.375,0.17,2.1466,2.14660,1.000
1,4.438,0.10,2.0839,2.08393,1.000
1,4.500,0.05,2.0215,2.02150,1.000
1,4.562,0.03,1.9590,1.95895,1.000
1,4.625,0.02,1.8966,1.89655,1.000
1,4.688,0.01,1.8342,1.83415,1.000
1,4.750,0.00,1.7716,1.77160,1.000
1,4.812,0.00,1.7091,1.70905,1.000
1,4.875,0.00,1.6464,1.64640,1.000
1,4.938,-0.01,1.5841,1.58405,1.000
1,5.000,0.00,1.5214,1.52140,1.000
1,5.062,-0.01,1.4591,1.45908,1.000
1,5.125,-0.01,1.3964,1.39640,1.000
1,5.188,-0.01,1.3339,1.33388,1.000
1,5.250,-0.01,1.2715,1.27150,1.000
1,5.312,-0.01,1.2089,1.20890,1.000
1,5.375,-0.01,1.1465,1.14650,1.000
1,5.438,-0.01,1.0838,1.08383,1.000
1,5.500,0.00,1.0216,1.02160,1.000
1,5.562,0.00,0.9589,0.95890,1.000
1,5.625,0.00,0.8965,0.89650,1.000
1,5.688,-0.01,0.8340,0.83398,1.000
1,5.750,-0.01,0.7714,0.77140,1.000
1,5.812,-0.01,0.7090,0.70900,1.000
1,5.875,0.00,0.6464,0.64640,1.000
1,5.938,-0.01,0.5839,0.58390,1.000
1,6.000,-0.01,0.5212,0.52120,1.000
1,6.062,-0.01,0.4590,0.45898,1.000
1,6.125,-0.01,0.3964,0.39640,1.000
1,6.188,-0.01,0.3340,0.33400,1.000
1,6.250,0.00,0.2715,0.27150,1.000
1,6.312,-0.01,0.2089,0.20893,1.000
1,6.375,-0.01,0.1465,0.14645,1.000
1,6.438,0.00,0.0838,0.08375,1.000
1,6.500,-0.01,0.0215,0.02150,1.000
1,6.625,-0.01,-0.0338,-0.03380,1.000
1,6.688,-0.01,-0.0003,-0.00027,1.000
1,6.750,0.00,-0.0002,-0.00020,1.000
1,6.812,0.00,-0.0002,-0.00020,1.000
1,6.875,-0.01,-0.0002,-0.00020,1.000
1,6.938,-0.01,-0.0002,-0.00020,1.000
1,7.000,-0.01,-0.0002,-0.00020,1.000
1,7.062,-0.01,-0.0002,-0.00020,1.000
1,7.125,-0.01,-0.0002,-0.00020,1.000
1,7.188,-0.01,-0.0002,-0.00020,1.000
1,7.250,-0.01,-0.0002,-0.00020,1.000
1,7.312,0.00,-0.0002,-0.00020,1.000
1,7.375,-0.01,-0.0002,-0.00020,1.000
1,7.438,-0.01,-0.0002,-0.00020,1.000
1,7.500,-0.01,-0.0002,-0.00020,1.000
1,7.562,-0.01,-0.0002,-0.00020,1.000
1,7.625,-0.01,-0.0002,-0.00020,1.000
1,7.688,0.00,-0.0002,-0.00020,1.000
1,7.750,-0.01,-0.0002,-0.00020,1.000
1,7.812,0.00,-0.0002,-0.00020,1.000
1,7.875,-0.01,-0.0002,-0.00020,1.000
1,7.938,-0.01,-0.0002,-0.00020,1.000
1,8.000,-0.01,-0.0002,-0.00020,1.000
1,8.062,-0.01,-0.0002,-0.00020,1.000
1,8.125,-0.01,-0.0002,-0.00020,1.000
1,8.188,-0.01,-0.0002,-0.00020,1.000
1,8.250,0.00,-0.0002,-0.00020,1.000
1,8.312,-0.01,-0.0002,-0.00020,1.000
1,8.375,-0.01,-0.0002,-0.00020,1.000
1,8.438,-0.01,-0.0002,-0.00020,1.000
1,8.500,-0.01,-0.0002,-0.00020,1.000
1,8.562,0.00,-0.0002,-0.00020,1.000
1,8.625,-0.01,-0.0002,-0.00020,1.000
1,8.688,-0.01,-0.0002,-0.00020,1.000
1,8.750,0.00,-0.0002,-0.00020,1.000
1,8.812,-0.01,-0.0002,-0.00020,1.000
1,8.875,-0.01,-0.0002,-0.00020,1.000
1,8.938,-0.01,-0.0002,-0.00020,1.000
1,9.000,-0.01,-0.0002,-0.00020,1.000
1,9.062,-0.01,-0.0002,-0.00020,1.000
1,9.125,-0.01,-0.0002,-0.00020,1.000
1,9.188,-0.01,-0.0002,-0.00020,1.000
1,9.250,-0.01,-0.0002,-0.00020,1.000
1,9.312,-0.01,-0.0002,-0.00020,1.000
1,9.375,-0.01,-0.0001,-0.00010,1.000
1,9.438,0.00,-0.0001,-0.00010,1.000
1,9.500,-0.01,-0.0001,-0.00010,1.000
1,9.562,-0.01,-0.0001,-0.00010,1.000
2,9.875,0.00,0.0456,0.04570,2.000
2,9.938,0.00,0.1082,0.10828,2.000
2,10.000,0.00,0.1707,0.17080,2.000
2,10.062,0.00,0.2332,0.23335,2.000
2,10.125,0.01,0.2958,0.29590,2.000
2,10.188,0.00,0.3583,0.35840,2.000
2,10.250,0.00,0.4208,0.42090,2.000
2,10.312,0.01,0.4832,0.48327,2.000
2,10.375,0.01,0.5457,0.54585,2.000
2,10.438,0.00,0.6082,0.60828,2.000
2,10.500,0.00,0.6708,0.67090,2.000
2,10.562,0.00,0.7333,0.73337,2.000
2,10.625,0.00,0.7956,0.79575,2.000
2,10.688,0.00,0.8582,0.85830,2.000
2,10.750,0.00,0.9206,0.92070,2.000
2,10.812,0.00,0.9833,0.98340,2.000
2,10.875,0.00,1.0456,1.04575,2.000
2,10.938,0.00,1.1083,1.10840,2.000
2,11.000,0.00,1.1707,1.17080,2.000
2,11.062,0.00,1.2333,1.23342,2.000
2,11.125,0.00,1.2957,1.29585,2.000
2,11.188,0.00,1.3582,1.35825,2.000
2,11.250,0.00,1.4208,1.42090,2.000
2,11.312,0.00,1.4832,1.48330,2.000
2,11.375,0.00,1.5458,1.54595,2.000
2,11.438,0.00,1.6082,1.60828,2.000
2,11.500,0.01,1.6708,1.67090,2.000
2,11.562,0.02,1.7333,1.73340,2.000
2,11.625,0.03,1.7959,1.79600,2.000
2,11.688,0.05,1.8584,1.85845,2.000
2,11.750,0.07,1.9207,1.92080,2.000
2,11.812,0.11,1.9833,1.98340,2.000
2,11.875,0.16,2.0457,2.04580,2.000
2,11.938,0.24,2.1083,2.10843,2.000
2,12.000,0.34,2.1707,2.17080,2.000
2,12.062,0.46,2.2334,2.23347,2.000
2,12.125,0.60,2.2958,2.29590,2.000
2,12.188,0.76,2.3583,2.35843,2.000
2,12.250,0.95,2.4209,2.42100,2.000
2,12.312,1.16,2.4832,2.48335,2.000
2,12.375,1.40,2.5459,2.54600,2.000
2,12.438,1.67,2.6083,2.60838,2.000
2,12.500,1.97,2.6708,2.67090,2.000
2,12.562,2.30,2.7332,2.73332,2.000
2,12.625,2.68,2.7958,2.79590,2.000
2,12.688,3.09,2.8583,2.85838,2.000
2,12.750,3.54,2.9208,2.92090,2.000
2,12.812,4.05,2.9833,2.98342,2.000
2,12.875,4.61,3.0457,3.04585,2.000
2,13.062,4.82,3.0692,3.06928,2.000
2,13.125,4.10,3.0066,3.00665,2.000
2,13.188,3.48,2.9441,2.94420,2.000
2,13.250,2.96,2.8814,2.88150,2.000
2,13.312,2.50,2.8191,2.81915,2.000
2,13.375,2.10,2.7566,2.75665,2.000
2,13.438,1.76,2.6939,2.69400,2.000
2,13.500,1.46,2.6315,2.63160,2.000
2,13.562,1.20,2.5689,2.56903,2.000
2,13.625,0.98,2.5066,2.50670,2.000
2,13.688,0.78,2.4440,2.44412,2.000
2,13.750,0.61,2.3817,2.38180,2.000
2,13.812,0.47,2.3191,2.31920,2.000
2,13.875,0.34,2.2566,2.25665,2.000
2,13.938,0.24,2.1940,2.19410,2.000
2,14.000,0.15,2.1315,2.13160,2.000
2,14.062,0.09,2.0691,2.06918,2.000
2,14.125,0.05,2.0065,2.00655,2.000
2,14.188,0.03,1.9440,1.94410,2.000
2,14.250,0.03,1.8814,1.88150,2.000
2,14.312,0.02,1.8191,1.81920,2.000
2,14.375,0.02,1.7566,1.75665,2.000
2,14.438,0.01,1.6939,1.69405,2.000
2,14.500,0.01,1.6315,1.63160,2.000
2,14.562,0.00,1.5689,1.56898,2.000
2,14.625,0.01,1.5066,1.50665,2.000
2,14.688,0.00,1.4439,1.44400,2.000
2,14.750,0.01,1.3815,1.38160,2.000
2,14.812,0.01,1.3189,1.31895,2.000
2,14.875,0.01,1.2565,1.25655,2.000
2,14.938,0.00,1.1939,1.19397,2.000
2,15.000,0.00,1.1314,1.13150,2.000
2,15.062,0.00,1.0690,1.06913,2.000
2,15.125,0.01,1.0064,1.00650,2.000
2,15.188,0.01,0.9439,0.94402,2.000
2,15.250,0.01,0.8813,0.88140,2.000
2,15.312,0.00,0.8190,0.81910,2.000
2,15.375,0.01,0.7564,0.75645,2.000
2,15.438,0.00,0.6939,0.69400,2.000
2,15.500,0.00,0.6314,0.63150,2.000
2,15.562,0.00,0.5689,0.56898,2.000
2,15.625,0.00,0.5065,0.50655,2.000
2,15.688,0.00,0.4438,0.44390,2.000
2,15.750,0.00,0.3815,0.38160,2.000
2,15.812,0.00,0.3189,0.31895,2.000
2,15.875,0.01,0.2565,0.25655,2.000
2,15.938,0.00,0.1938,0.19390,2.000
2,16.000,0.00,0.1314,0.13150,2.000
2,16.062,0.01,0.0688,0.06892,2.000
2,16.125,0.00,0.0063,0.00640,2.000
2,16.250,0.01,-0.0183,-0.01820,2.000
2,16.312,0.00,-0.0002,-0.00010,2.000
2,16.375,0.00,-0.0003,-0.00020,2.000
2,16.438,0.00,-0.0002,-0.00013,2.000
2,16.500,0.01,-0.0002,-0.00010,2.000
2,16.562,0.01,-0.0002,-0.00010,2.000
2,16.625,0.01,-0.0002,-0.00010,2.000
2,16.688,0.01,-0.0002,-0.00010,2.000
2,16.750,0.00,-0.0002,-0.00010,2.000
2,16.812,0.00,-0.0002,-0.00010,2.000
2,16.875,0.00,-0.0002,-0.00010,2.000
2,16.938,0.01,-0.0002,-0.00010,2.000
2,17.000,0.01,-0.0002,-0.00010,2.000
2,17.062,0.00,-0.0002,-0.00010,2.000
2,17.125,0.01,-0.0002,-0.00010,2.000
2,17.188,0.01,-0.0002,-0.00010,2.000
2,17.250,0.01,-0.0002,-0.00010,2.000
2,17.312,0.01,-0.0002,-0.00010,2.000
2,17.375,0.00,-0.0002,-0.00010,2.000
2,17.438,0.00,-0.0002,-0.00010,2.000
2,17.500,0.00,-0.0002,-0.00010,2.000
2,17.562,0.00,-0.0002,-0.00010,2.000
2,17.625,0.01,-0.0002,-0.00010,2.000
2,17.688,0.00,-0.0002,-0.00010,2.000
2,17.750,0.00,-0.0002,-0.00010,2.000
2,17.812,0.01,-0.0002,-0.00010,2.000
2,17.875,0.00,-0.0002,-0.00010,2.000
2,17.938,0.01,-0.0002,-0.00010,2.000
2,18.000,0.01,-0.0002,-0.00010,2.000
2,18.062,0.01,-0.0002,-0.00010,2.000
2,18.125,0.01,-0.0002,-0.00010,2.000
2,18.188,0.00,-0.0002,-0.00010,2.000
2,18.250,0.00,-0.0002,-0.00010,2.000
2,18.312,0.00,-0.0002,-0.00010,2.000
2,18.375,0.00,-0.0002,-0.00010,2.000
2,18.438,0.00,-0.0002,-0.00010,2.000
2,18.500,0.00,-0.0002,-0.00010,2.000
2,18.562,0.00,-0.0002,-0.00010,2.000
2,18.625,0.00,-0.0002,-0.00010,2.000
2,18.688,0.01,-0.0002,-0.00010,2.000
2,18.750,0.01,-0.0002,-0.00010,2.000
2,18.812,0.00,-0.0002,-0.00010,2.000
2,18.875,0.00,-0.0002,-0.00010,2.000
2,18.938,0.00,-0.0002,-0.00010,2.000
2,19.000,0.00,-0.0002,-0.00010,2.000
2,19.062,0.00,-0.0002,-0.00010,2.000
2,19.125,0.01,-0.0002,-0.00010,2.000
2,19.188,0.00,-0.0002,-0.00010,2.000
3,19.500,0.01,0.0586,0.05870,3.000
3,19.562,0.00,0.1210,0.12110,3.000
3,19.625,0.00,0.1837,0.18380,3.000
3,19.688,0.00,0.2462,0.24627,3.000
3,19.750,0.00,0.3088,0.30890,3.000
3,19.812,0.00,0.3712,0.37128,3.000
3,19.875,0.01,0.4337,0.43380,3.000
3,19.938,0.00,0.4962,0.49627,3.000
3,20.000,0.01,0.5586,0.55870,3.000
3,20.062,0.01,0.6212,0.62133,3.000
3,20.125,0.00,0.6836,0.68375,3.000
3,20.188,0.00,0.7462,0.74630,3.000
3,20.250,0.01,0.8087,0.80880,3.000
3,20.312,0.01,0.8713,0.87135,3.000
3,20.375,0.01,0.9337,0.93375,3.000
3,20.438,0.00,0.9962,0.99627,3.000
3,20.500,0.00,1.0588,1.05890,3.000
3,20.562,0.01,1.1212,1.12130,3.000
3,20.625,0.00,1.1837,1.18380,3.000
3,20.688,0.00,1.2462,1.24630,3.000
3,20.750,0.00,1.3088,1.30890,3.000
3,20.812,0.00,1.3711,1.37123,3.000
3,20.875,0.01,1.4338,1.43390,3.000
3,20.938,0.00,1.4963,1.49637,3.000
3,21.000,0.01,1.5587,1.55880,3.000
3,21.062,0.01,1.6213,1.62135,3.000
3,21.125,0.01,1.6836,1.68375,3.000
3,21.188,0.03,1.7464,1.74647,3.000
3,21.250,0.04,1.8087,1.80880,3.000
3,21.312,0.05,1.8714,1.87148,3.000
3,21.375,0.08,1.9337,1.93380,3.000
3,21.438,0.12,1.9963,1.99640,3.000
3,21.500,0.17,2.0588,2.05890,3.000
3,21.562,0.25,2.1214,2.12145,3.000
3,21.625,0.35,2.1838,2.18390,3.000
3,21.688,0.48,2.2462,2.24635,3.000
3,21.750,0.62,2.3089,2.30900,3.000
3,21.812,0.79,2.3713,2.37143,3.000
3,21.875,0.99,2.4339,2.43400,3.000
3,21.938,1.20,2.4963,2.49645,3.000
3,22.000,1.45,2.5588,2.55890,3.000
3,22.062,1.72,2.6213,2.62140,3.000
3,22.125,2.03,2.6838,2.68385,3.000
3,22.188,2.37,2.7463,2.74640,3.000
3,22.250,2.75,2.8086,2.80870,3.000
3,22.312,3.17,2.8713,2.87138,3.000
3,22.375,3.64,2.9337,2.93380,3.000
3,22.438,4.15,2.9964,2.99648,3.000
3,22.500,4.71,3.0589,3.05900,3.000
3,22.688,5.07,3.0941,3.09418,3.000
3,22.750,4.30,3.0317,3.03180,3.000
3,22.812,3.67,2.9689,2.96905,3.000
3,22.875,3.12,2.9066,2.90665,3.000
3,22.938,2.65,2.8440,2.84405,3.000
3,23.000,2.23,2.7816,2.78170,3.000
3,23.062,1.87,2.7190,2.71910,3.000
3,23.125,1.56,2.6565,2.65660,3.000
3,23.188,1.29,2.5941,2.59415,3.000
3,23.250,1.05,2.5314,2.53150,3.000
3,23.312,0.85,2.4692,2.46930,3.000
3,23.375,0.67,2.4066,2.40665,3.000
3,23.438,0.51,2.3442,2.34428,3.000
3,23.500,0.38,2.2815,2.28160,3.000
3,23.562,0.27,2.2190,2.21907,3.000
3,23.625,0.18,2.1565,2.15660,3.000
3,23.688,0.11,2.0939,2.09403,3.000
3,23.750,0.06,2.0316,2.03170,3.000
3,23.812,0.04,1.9689,1.96900,3.000
3,23.875,0.03,1.9065,1.90660,3.000
3,23.938,0.02,1.8441,1.84415,3.000
3,24.000,0.02,1.7816,1.78170,3.000
3,24.062,0.02,1.7190,1.71905,3.000
3,24.125,0.00,1.6564,1.65650,3.000
3,24.188,0.00,1.5940,1.59405,3.000
3,24.250,0.00,1.5314,1.53150,3.000
3,24.312,0.00,1.4691,1.46918,3.000
3,24.375,0.00,1.4064,1.40645,3.000
3,24.438,0.00,1.3440,1.34410,3.000
3,24.500,0.00,1.2814,1.28150,3.000
3,24.562,0.01,1.2189,1.21900,3.000
3,24.625,0.00,1.1564,1.15645,3.000
3,24.688,0.00,1.0939,1.09403,3.000
3,24.750,0.00,1.0314,1.03150,3.000
3,24.812,0.01,0.9688,0.96890,3.000
3,24.875,0.00,0.9064,0.90650,3.000
3,24.938,0.00,0.8438,0.84393,3.000
3,25.000,0.00,0.7814,0.78150,3.000
3,25.062,0.00,0.7188,0.71888,3.000
3,25.125,0.00,0.6564,0.65650,3.000
3,25.188,0.00,0.5939,0.59395,3.000
3,25.250,0.00,0.5313,0.53140,3.000
3,25.312,0.00,0.4689,0.46895,3.000
3,25.375,0.00,0.4064,0.40645,3.000
3,25.438,0.00,0.3440,0.34410,3.000
3,25.500,0.00,0.2813,0.28140,3.000
3,25.562,0.00,0.2190,0.21905,3.000
3,25.625,0.00,0.1563,0.15645,3.000
3,25.688,0.01,0.0939,0.09400,3.000
3,25.750,0.01,0.0314,0.03150,3.000
3,25.938,0.00,-0.0043,-0.00418,3.000
3,26.000,0.00,-0.0001,0.00000,3.000
3,26.062,0.00,-0.0002,-0.00010,3.000
3,26.125,0.00,-0.0002,-0.00010,3.000
3,26.188,0.00,-0.0002,-0.00010,3.000
3,26.250,0.00,-0.0002,-0.00010,3.000
3,26.312,0.00,-0.0002,-0.00010,3.000
3,26.375,0.00,-0.0002,-0.00010,3.000
3,26.438,0.00,-0.0002,-0.00010,3.000
3,26.500,0.00,-0.0002,-0.00010,3.000
3,26.562,0.01,-0.0002,-0.00010,3.000
3,26.625,0.00,-0.0002,-0.00010,3.000
3,26.688,0.01,-0.0002,-0.00010,3.000
3,26.750,0.00,-0.0002,-0.00010,3.000
3,26.812,0.01,-0.0002,-0.00010,3.000
3,26.875,0.00,-0.0002,-0.00010,3.000
3,26.938,0.00,-0.0002,-0.00010,3.000
3,27.000,0.01,-0.0002,-0.00010,3.000
3,27.062,0.01,-0.0002,-0.00010,3.000
3,27.125,0.01,-0.0002,-0.00010,3.000
3,27.188,0.00,-0.0002,-0.00010,3.000
3,27.250,0.00,-0.0002,-0.00010,3.000
3,27.312,0.00,-0.0002,-0.00010,3.000
3,27.375,0.00,-0.0002,-0.00010,3.000
3,27.438,0.01,-0.0002,-0.00010,3.000
3,27.500,0.00,-0.0002,-0.00010,3.000
3,27.562,0.00,-0.0002,-0.00010,3.000
3,27.625,0.01,-0.0002,-0.00010,3.000
3,27.688,0.00,-0.0002,-0.00010,3.000
3,27.750,0.00,-0.0002,-0.00010,3.000
3,27.812,0.00,-0.0002,-0.00010,3.000
3,27.875,0.00,-0.0002,-0.00010,3.000
3,27.938,0.00,-0.0002,-0.00010,3.000
3,28.000,0.01,-0.0002,-0.00010,3.000
3,28.062,0.01,-0.0002,-0.00010,3.000
3,28.125,0.00,-0.0002,-0.00010,3.000
3,28.188,0.01,-0.0002,-0.00010,3.000
3,28.250,0.00,-0.0002,-0.00010,3.000
3,28.312,0.00,-0.0002,-0.00010,3.000
3,28.375,0.00,-0.0002,-0.00010,3.000
3,28.438,0.01,-0.0002,-0.00010,3.000
3,28.500,0.00,-0.0002,-0.00010,3.000
3,28.562,0.01,-0.0002,-0.00010,3.000
3,28.625,0.00,-0.0002,-0.00010,3.000
3,28.688,0.00,-0.0002,-0.00010,3.000
3,28.750,0.00,-0.0002,-0.00010,3.000
3,28.812,0.00,-0.0001,0.00000,3.000
3,28.875,0.01,-0.0001,0.00000,3.000
4,29.188,0.00,0.0860,0.08615,4.000
4,29.250,0.00,0.1488,0.14890,4.000
4,29.312,0.00,0.2111,0.21122,4.000
4,29.375,0.00,0.2737,0.27380,4.000
4,29.438,0.00,0.3362,0.33632,4.000
4,29.500,-0.01,0.3987,0.39880,4.000
4,29.562,0.00,0.4612,0.46130,4.000
4,29.625,0.00,0.5236,0.52370,4.000
4,29.688,0.00,0.5863,0.58637,4.000
4,29.750,0.00,0.6486,0.64870,4.000
4,29.812,0.00,0.7112,0.71135,4.000
4,29.875,0.00,0.7736,0.77375,4.000
4,29.938,0.00,0.8362,0.83630,4.000
4,30.000,0.00,0.8988,0.89890,4.000
4,30.062,0.00,0.9612,0.96127,4.000
4,30.125,0.00,1.0238,1.02390,4.000
4,30.188,0.00,1.0862,1.08627,4.000
4,30.250,0.00,1.1487,1.14880,4.000
4,30.312,0.00,1.2111,1.21122,4.000
4,30.375,0.00,1.2737,1.27380,4.000
4,30.438,0.00,1.3361,1.33622,4.000
4,30.500,0.00,1.3987,1.39880,4.000
4,30.562,0.00,1.4612,1.46135,4.000
4,30.625,0.00,1.5237,1.52375,4.000
4,30.688,0.00,1.5863,1.58640,4.000
4,30.750,0.00,1.6486,1.64870,4.000
4,30.812,0.02,1.7113,1.71137,4.000
4,30.875,0.03,1.7738,1.77390,4.000
4,30.938,0.04,1.8364,1.83650,4.000
4,31.000,0.06,1.8988,1.89890,4.000
4,31.062,0.09,1.9613,1.96142,4.000
4,31.125,0.13,2.0238,2.02390,4.000
4,31.188,0.20,2.0862,2.08632,4.000
4,31.250,0.29,2.1489,2.14900,4.000
4,31.312,0.40,2.2112,2.21135,4.000
4,31.375,0.54,2.2739,2.27395,4.000
4,31.438,0.69,2.3363,2.33645,4.000
4,31.500,0.87,2.3989,2.39900,4.000
4,31.562,1.07,2.4614,2.46150,4.000
4,31.625,1.30,2.5238,2.52385,4.000
4,31.688,1.56,2.5863,2.58640,4.000
4,31.750,1.85,2.6488,2.64890,4.000
4,31.812,2.16,2.7114,2.71147,4.000
4,31.875,2.52,2.7737,2.77380,4.000
4,31.938,2.92,2.8362,2.83635,4.000
4,32.000,3.37,2.8987,2.89880,4.000
4,32.062,3.86,2.9612,2.96132,4.000
4,32.125,4.39,3.0238,3.02390,4.000
4,32.188,4.97,3.0863,3.08635,4.000
4,32.312,5.52,3.1271,3.12723,4.000
4,32.375,4.68,3.0647,3.06475,4.000
4,32.438,3.99,3.0021,3.00220,4.000
4,32.500,3.39,2.9395,2.93960,4.000
4,32.562,2.88,2.8770,2.87710,4.000
4,32.625,2.43,2.8145,2.81455,4.000
4,32.688,2.05,2.7520,2.75210,4.000
4,32.750,1.71,2.6894,2.68950,4.000
4,32.812,1.42,2.6270,2.62713,4.000
4,32.875,1.16,2.5644,2.56450,4.000
4,32.938,0.94,2.5020,2.50212,4.000
4,33.000,0.76,2.4395,2.43960,4.000
4,33.062,0.59,2.3771,2.37718,4.000
4,33.125,0.44,2.3145,2.31460,4.000
4,33.188,0.32,2.2519,2.25197,4.000
4,33.250,0.22,2.1895,2.18960,4.000
4,33.312,0.14,2.1269,2.12700,4.000
4,33.375,0.08,2.0646,2.06465,4.000
4,33.438,0.05,2.0019,2.00205,4.000
4,33.500,0.03,1.9395,1.93960,4.000
4,33.562,0.02,1.8770,1.87713,4.000
4,33.625,0.01,1.8146,1.81465,4.000
4,33.688,0.01,1.7520,1.75212,4.000
4,33.750,0.01,1.6893,1.68940,4.000
4,33.812,0.00,1.6269,1.62703,4.000
4,33.875,0.00,1.5644,1.56450,4.000
4,33.938,0.00,1.5021,1.50217,4.000
4,34.000,0.00,1.4394,1.43950,4.000
4,34.062,0.00,1.3770,1.37705,4.000
4,34.125,0.00,1.3144,1.31455,4.000
4,34.188,0.00,1.2518,1.25190,4.000
4,34.250,0.00,1.1894,1.18950,4.000
4,34.312,0.00,1.1269,1.12700,4.000
4,34.375,0.00,1.0645,1.06460,4.000
4,34.438,0.00,1.0019,1.00197,4.000
4,34.500,0.00,0.9395,0.93960,4.000
4,34.562,0.00,0.8769,0.87695,4.000
4,34.625,0.00,0.8144,0.81450,4.000
4,34.688,0.00,0.7518,0.75192,4.000
4,34.750,0.00,0.6893,0.68940,4.000
4,34.812,0.00,0.6269,0.62703,4.000
4,34.875,0.00,0.5643,0.56440,4.000
4,34.938,0.00,0.5019,0.50200,4.000
4,35.000,0.00,0.4392,0.43930,4.000
4,35.062,0.00,0.3769,0.37700,4.000
4,35.125,0.00,0.3144,0.31450,4.000
4,35.188,0.00,0.2518,0.25195,4.000
4,35.250,0.00,0.1893,0.18940,4.000
4,35.312,0.00,0.1268,0.12690,4.000
4,35.375,0.00,0.0644,0.06445,4.000
4,35.438,0.00,0.0018,0.00187,4.000
4,35.562,0.00,-0.0045,-0.00440,4.000
4,35.625,0.00,-0.0002,-0.00010,4.000
4,35.688,0.00,-0.0002,-0.00010,4.000
4,35.750,0.00,-0.0002,-0.00010,4.000
4,35.812,0.00,-0.0002,-0.00010,4.000
4,35.875,0.00,-0.0002,-0.00010,4.000
4,35.938,0.00,-0.0002,-0.00010,4.000
4,36.000,-0.01,-0.0002,-0.00010,4.000
4,36.062,0.00,-0.0002,-0.00010,4.000
4,36.125,0.00,-0.0002,-0.00010,4.000
4,36.188,0.00,-0.0002,-0.00010,4.000
4,36.250,0.00,-0.0002,-0.00010,4.000
4,36.312,0.00,-0.0002,-0.00010,4.000
4,36.375,0.00,-0.0002,-0.00010,4.000
4,36.438,0.00,-0.0002,-0.00010,4.000
4,36.500,0.00,-0.0002,-0.00010,4.000
4,36.562,0.00,-0.0002,-0.00010,4.000
4,36.625,0.00,-0.0002,-0.00010,4.000
4,36.688,0.00,-0.0002,-0.00010,4.000
4,36.750,0.00,-0.0002,-0.00010,4.000
4,36.812,0.00,-0.0002,-0.00010,4.000
4,36.875,0.00,-0.0002,-0.00010,4.000
4,36.938,0.00,-0.0002,-0.00010,4.000
4,37.000,0.00,-0.0002,-0.00010,4.000
4,37.062,0.00,-0.0002,-0.00010,4.000
4,37.125,0.00,-0.0002,-0.00010,4.000
4,37.188,0.00,-0.0002,-0.00010,4.000
4,37.250,0.00,-0.0002,-0.00010,4.000
4,37.312,0.00,-0.0002,-0.00010,4.000
4,37.375,0.00,-0.0002,-0.00010,4.000
4,37.438,0.00,-0.0002,-0.00010,4.000
4,37.500,0.00,-0.0002,-0.00010,4.000
4,37.562,0.00,-0.0002,-0.00010,4.000
4,37.625,0.00,-0.0002,-0.00010,4.000
4,37.688,0.00,-0.0002,-0.00010,4.000
4,37.750,0.00,-0.0002,-0.00010,4.000
4,37.812,0.00,-0.0002,-0.00010,4.000
4,37.875,0.00,-0.0002,-0.00010,4.000
4,37.938,0.00,-0.0002,-0.00010,4.000
4,38.000,0.01,-0.0002,-0.00010,4.000
4,38.062,0.00,-0.0002,-0.00010,4.000
4,38.125,0.00,-0.0002,-0.00010,4.000
4,38.188,0.00,-0.0002,-0.00010,4.000
4,38.250,0.00,-0.0002,-0.00010,4.000
4,38.312,0.00,-0.0002,-0.00010,4.000
4,38.375,0.00,-0.0002,-0.00010,4.000
4,38.438,0.00,-0.0002,-0.00010,4.000
4,38.500,0.00,-0.0002,-0.00010,4.000
5,38.812,0.00,0.0611,0.06117,5.000
5,38.875,0.00,0.1235,0.12360,5.000
5,38.938,0.00,0.1863,0.18635,5.000
5,39.000,0.00,0.2487,0.24880,5.000
5,39.062,0.00,0.3113,0.31145,5.000
5,39.125,0.00,0.3738,0.37390,5.000
5,39.188,0.00,0.4362,0.43625,5.000
5,39.250,-0.01,0.4986,0.49870,5.000
5,39.312,0.00,0.5610,0.56112,5.000
5,39.375,0.00,0.6238,0.62385,5.000
5,39.438,0.00,0.6862,0.68628,5.000
5,39.500,0.00,0.7488,0.74890,5.000
5,39.562,0.00,0.8111,0.81125,5.000
5,39.625,0.00,0.8737,0.87380,5.000
5,39.688,0.00,0.9362,0.93630,5.000
5,39.750,0.00,0.9986,0.99870,5.000
5,39.812,0.00,1.0612,1.06135,5.000
5,39.875,0.00,1.1236,1.12375,5.000
5,39.938,0.00,1.1863,1.18638,5.000
5,40.000,0.00,1.2486,1.24870,5.000
5,40.062,0.00,1.3113,1.31137,5.000
5,40.125,0.00,1.3736,1.37375,5.000
5,40.188,0.00,1.4362,1.43628,5.000
5,40.250,0.00,1.4988,1.49890,5.000
5,40.312,0.00,1.5612,1.56127,5.000
5,40.375,0.00,1.6238,1.62385,5.000
5,40.438,0.01,1.6861,1.68623,5.000
5,40.500,0.02,1.7490,1.74910,5.000
5,40.562,0.02,1.8113,1.81142,5.000
5,40.625,0.05,1.8739,1.87400,5.000
5,40.688,0.07,1.9363,1.93635,5.000
5,40.750,0.11,1.9987,1.99880,5.000
5,40.812,0.17,2.0613,2.06142,5.000
5,40.875,0.25,2.1238,2.12385,5.000
5,40.938,0.35,2.1863,2.18640,5.000
5,41.000,0.48,2.2488,2.24890,5.000
5,41.062,0.62,2.3114,2.31150,5.000
5,41.125,0.79,2.3738,2.37390,5.000
5,41.188,0.99,2.4364,2.43653,5.000
5,41.250,1.21,2.4988,2.49890,5.000
5,41.312,1.45,2.5613,2.56145,5.000
5,41.375,1.73,2.6238,2.62395,5.000
5,41.438,2.03,2.6862,2.68628,5.000
5,41.500,2.38,2.7489,2.74900,5.000
5,41.562,2.76,2.8112,2.81132,5.000
5,41.625,3.18,2.8738,2.87390,5.000
5,41.688,3.66,2.9363,2.93638,5.000
5,41.750,4.18,2.9989,2.99900,5.000
5,41.812,4.74,3.0614,3.06147,5.000
5,41.938,5.37,3.1120,3.11207,5.000
5,42.000,4.56,3.0495,3.04960,5.000
5,42.062,3.88,2.9872,2.98728,5.000
5,42.125,3.30,2.9245,2.92460,5.000
5,42.188,2.79,2.8619,2.86205,5.000
5,42.250,2.35,2.7995,2.79960,5.000
5,42.312,1.98,2.7371,2.73715,5.000
5,42.375,1.65,2.6746,2.67465,5.000
5,42.438,1.36,2.6119,2.61202,5.000
5,42.500,1.11,2.5496,2.54970,5.000
5,42.562,0.90,2.4870,2.48713,5.000
5,42.625,0.72,2.4247,2.42480,5.000
5,42.688,0.56,2.3620,2.36215,5.000
5,42.750,0.41,2.2996,2.29970,5.000
5,42.812,0.30,2.2369,2.23703,5.000
5,42.875,0.20,2.1745,2.17455,5.000
5,42.938,0.12,2.1120,2.11215,5.000
5,43.000,0.07,2.0492,2.04930,5.000
5,43.062,0.04,1.9870,1.98708,5.000
5,43.125,0.03,1.9244,1.92455,5.000
5,43.188,0.02,1.8620,1.86212,5.000
5,43.250,0.01,1.7996,1.79970,5.000
5,43.312,0.01,1.7370,1.73713,5.000
5,43.375,0.00,1.6744,1.67455,5.000
5,43.438,0.00,1.6118,1.61187,5.000
5,43.500,-0.01,1.5495,1.54960,5.000
5,43.562,0.00,1.4869,1.48695,5.000
5,43.625,0.00,1.4245,1.42460,5.000
5,43.688,0.00,1.3618,1.36195,5.000
5,43.750,0.00,1.2994,1.29950,5.000
5,43.812,0.00,1.2369,1.23703,5.000
5,43.875,0.00,1.1744,1.17445,5.000
5,43.938,0.00,1.1119,1.11200,5.000
5,44.000,0.00,1.0493,1.04940,5.000
5,44.062,0.00,0.9869,0.98703,5.000
5,44.125,0.00,0.9243,0.92440,5.000
5,44.188,0.00,0.8620,0.86207,5.000
5,44.250,-0.01,0.7993,0.79940,5.000
5,44.312,0.00,0.7369,0.73698,5.000
5,44.375,0.00,0.6744,0.67450,5.000
5,44.438,0.00,0.6118,0.61195,5.000
5,44.500,0.00,0.5495,0.54960,5.000
5,44.562,0.00,0.4868,0.48690,5.000
5,44.625,0.00,0.4244,0.42455,5.000
5,44.688,0.00,0.3619,0.36200,5.000
5,44.750,0.00,0.2995,0.29960,5.000
5,44.812,0.00,0.2368,0.23693,5.000
5,44.875,0.00,0.1744,0.17445,5.000
5,44.938,0.00,0.1119,0.11197,5.000
5,45.000,0.00,0.0492,0.04930,5.000
5,45.188,0.00,-0.0003,-0.00020,5.000
5,45.250,0.00,-0.0002,-0.00010,5.000
5,45.312,0.00,-0.0002,-0.00010,5.000
5,45.375,0.00,-0.0002,-0.00010,5.000
5,45.438,0.00,-0.0002,-0.00010,5.000
5,45.500,0.00,-0.0002,-0.00010,5.000
5,45.562,0.00,-0.0002,-0.00010,5.000
5,45.625,0.00,-0.0002,-0.00010,5.000
5,45.688,0.00,-0.0002,-0.00010,5.000
5,45.750,0.00,-0.0002,-0.00010,5.000
5,45.812,0.00,-0.0002,-0.00010,5.000
5,45.875,0.00,-0.0002,-0.00010,5.000
5,45.938,0.00,-0.0002,-0.00010,5.000
5,46.000,0.00,-0.0002,-0.00010,5.000
5,46.062,0.00,-0.0002,-0.00010,5.000
5,46.125,-0.01,-0.0002,-0.00010,5.000
5,46.188,0.00,-0.0002,-0.00010,5.000
5,46.250,0.00,-0.0002,-0.00010,5.000
5,46.312,0.00,-0.0002,-0.00010,5.000
5,46.375,0.00,-0.0002,-0.00010,5.000
5,46.438,0.00,-0.0002,-0.00010,5.000
5,46.500,0.00,-0.0002,-0.00010,5.000
5,46.562,0.00,-0.0002,-0.00010,5.000
5,46.625,-0.01,-0.0002,-0.00010,5.000
5,46.688,0.00,-0.0002,-0.00010,5.000
5,46.750,0.00,-0.0002,-0.00010,5.000
5,46.812,0.00,-0.0002,-0.00010,5.000
5,46.875,0.00,-0.0002,-0.00010,5.000
5,46.938,0.00,-0.0002,-0.00010,5.000
5,47.000,0.00,-0.0002,-0.00010,5.000
5,47.062,0.00,-0.0002,-0.00010,5.000
5,47.125,-0.01,-0.0002,-0.00010,5.000
5,47.188,0.00,-0.0002,-0.00010,5.000
5,47.250,0.00,-0.0002,-0.00010,5.000
5,47.312,0.00,-0.0002,-0.00010,5.000
5,47.375,0.00,-0.0002,-0.00010,5.000
5,47.438,0.00,-0.0002,-0.00010,5.000
5,47.500,0.00,-0.0002,-0.00010,5.000
5,47.562,0.00,-0.0002,-0.00010,5.000
5,47.625,0.00,-0.0002,-0.00010,5.000
5,47.688,0.00,-0.0002,-0.00010,5.000
5,47.750,0.00,-0.0002,-0.00010,5.000
5,47.812,-0.01,-0.0002,-0.00010,5.000
5,47.875,0.00,-0.0002,-0.00010,5.000
5,47.938,0.00,-0.0002,-0.00010,5.000
5,48.000,0.00,-0.0002,-0.00010,5.000
5,48.062,0.00,-0.0002,-0.00010,5.000
5,48.125,-0.01,-0.0002,-0.00010,5.000
6,48.438,0.01,0.0761,0.07608,6.000
6,48.500,0.01,0.1386,0.13860,6.000
6,48.562,0.01,0.2011,0.20112,6.000
6,48.625,0.00,0.2638,0.26380,6.000
6,48.688,0.01,0.3262,0.32620,6.000
6,48.750,0.00,0.3889,0.38890,6.000
6,48.812,0.00,0.4512,0.45117,6.000
6,48.875,0.01,0.5137,0.51370,6.000
6,48.938,0.00,0.5761,0.57610,6.000
6,49.000,0.01,0.6386,0.63860,6.000
6,49.062,0.00,0.7011,0.70115,6.000
6,49.125,0.00,0.7636,0.76360,6.000
6,49.188,0.00,0.8263,0.82628,6.000
6,49.250,0.01,0.8887,0.88870,6.000
6,49.312,0.00,0.9512,0.95125,6.000
6,49.375,0.00,1.0137,1.01375,6.000
6,49.438,0.01,1.0763,1.07625,6.000
6,49.500,0.01,1.1387,1.13870,6.000
6,49.562,0.00,1.2012,1.20117,6.000
6,49.625,0.01,1.2638,1.26380,6.000
6,49.688,0.00,1.3262,1.32615,6.000
6,49.750,0.01,1.3888,1.38880,6.000
6,49.812,0.00,1.4512,1.45122,6.000
6,49.875,0.01,1.5138,1.51380,6.000
6,49.938,0.01,1.5762,1.57615,6.000
6,50.000,0.01,1.6387,1.63870,6.000
6,50.062,0.01,1.7013,1.70130,6.000
6,50.125,0.03,1.7638,1.76380,6.000
6,50.188,0.04,1.8265,1.82645,6.000
6,50.250,0.06,1.8887,1.88870,6.000
6,50.312,0.09,1.9513,1.95132,6.000
6,50.375,0.13,2.0137,2.01370,6.000
6,50.438,0.19,2.0764,2.07635,6.000
6,50.500,0.28,2.1388,2.13880,6.000
6,50.562,0.39,2.2013,2.20127,6.000
6,50.625,0.52,2.2638,2.26385,6.000
6,50.688,0.67,2.3263,2.32628,6.000
6,50.750,0.84,2.3890,2.38900,6.000
6,50.812,1.04,2.4513,2.45130,6.000
6,50.875,1.27,2.5138,2.51385,6.000
6,50.938,1.52,2.5763,2.57625,6.000
6,51.000,1.81,2.6388,2.63880,6.000
6,51.062,2.12,2.7012,2.70125,6.000
6,51.125,2.48,2.7637,2.76375,6.000
6,51.188,2.87,2.8263,2.82628,6.000
6,51.250,3.30,2.8887,2.88870,6.000
6,51.312,3.78,2.9514,2.95137,6.000
6,51.375,4.31,3.0137,3.01375,6.000
6,51.438,4.89,3.0764,3.07640,6.000
6,51.562,5.24,3.0989,3.09885,6.000
6,51.625,4.42,3.0366,3.03660,6.000
6,51.688,3.77,2.9740,2.97400,6.000
6,51.750,3.20,2.9116,2.91160,6.000
6,51.812,2.71,2.8489,2.84890,6.000
6,51.875,2.28,2.7866,2.78655,6.000
6,51.938,1.91,2.7240,2.72397,6.000
6,52.000,1.60,2.6615,2.66150,6.000
6,52.062,1.32,2.5989,2.59893,6.000
6,52.125,1.08,2.5365,2.53650,6.000
6,52.188,0.86,2.4741,2.47410,6.000
6,52.250,0.69,2.4114,2.41140,6.000
6,52.312,0.53,2.3492,2.34915,6.000
6,52.375,0.40,2.2865,2.28645,6.000
6,52.438,0.28,2.2241,2.22407,6.000
6,52.500,0.19,2.1615,2.16150,6.000
6,52.562,0.12,2.0990,2.09900,6.000
6,52.625,0.07,2.0365,2.03645,6.000
6,52.688,0.04,1.9739,1.97392,6.000
6,52.750,0.03,1.9116,1.91160,6.000
6,52.812,0.02,1.8490,1.84898,6.000
6,52.875,0.02,1.7866,1.78660,6.000
6,52.938,0.01,1.7239,1.72390,6.000
6,53.000,0.01,1.6615,1.66150,6.000
6,53.062,0.00,1.5989,1.59890,6.000
6,53.125,0.01,1.5365,1.53645,6.000
6,53.188,0.01,1.4740,1.47397,6.000
6,53.250,0.00,1.4114,1.41140,6.000
6,53.312,0.00,1.3490,1.34900,6.000
6,53.375,0.00,1.2864,1.28635,6.000
6,53.438,0.00,1.2240,1.22400,6.000
6,53.500,0.00,1.1614,1.16140,6.000
6,53.562,0.00,1.0989,1.09893,6.000
6,53.625,0.00,1.0364,1.03635,6.000
6,53.688,0.00,0.9738,0.97385,6.000
6,53.750,0.01,0.9114,0.91140,6.000
6,53.812,0.00,0.8488,0.84880,6.000
6,53.875,0.00,0.7864,0.78640,6.000
6,53.938,0.01,0.7238,0.72380,6.000
6,54.000,0.00,0.6614,0.66140,6.000
6,54.062,0.00,0.5988,0.59875,6.000
6,54.125,0.01,0.5364,0.53635,6.000
6,54.188,0.00,0.4739,0.47387,6.000
6,54.250,0.00,0.4114,0.41140,6.000
6,54.312,0.00,0.3490,0.34895,6.000
6,54.375,0.00,0.2864,0.28635,6.000
6,54.438,0.00,0.2239,0.22395,6.000
6,54.500,0.01,0.1612,0.16120,6.000
6,54.562,0.01,0.0989,0.09890,6.000
6,54.625,0.01,0.0364,0.03635,6.000
6,54.812,0.00,-0.0003,-0.00030,6.000
6,54.875,0.00,-0.0003,-0.00025,6.000
6,54.938,0.01,-0.0002,-0.00020,6.000
6,55.000,0.01,-0.0002,-0.00020,6.000
6,55.062,0.00,-0.0002,-0.00020,6.000
6,55.125,0.01,-0.0002,-0.00020,6.000
6,55.188,0.01,-0.0002,-0.00020,6.000
6,55.250,0.00,-0.0002,-0.00020,6.000
6,55.312,0.00,-0.0002,-0.00020,6.000
6,55.375,0.01,-0.0002,-0.00020,6.000
6,55.438,0.01,-0.0002,-0.00020,6.000
6,55.500,0.00,-0.0002,-0.00020,6.000
6,55.562,0.00,-0.0002,-0.00020,6.000
6,55.625,0.00,-0.0002,-0.00020,6.000
6,55.688,0.01,-0.0002,-0.00020,6.000
6,55.750,0.00,-0.0002,-0.00020,6.000
6,55.812,0.01,-0.0002,-0.00020,6.000
6,55.875,0.00,-0.0002,-0.00020,6.000
6,55.938,0.01,-0.0002,-0.00020,6.000
6,56.000,0.00,-0.0002,-0.00020,6.000
6,56.062,0.00,-0.0002,-0.00020,6.000
6,56.125,0.00,-0.0002,-0.00020,6.000
6,56.188,0.00,-0.0002,-0.00020,6.000
6,56.250,0.00,-0.0002,-0.00020,6.000
6,56.312,0.00,-0.0002,-0.00020,6.000
6,56.375,0.00,-0.0002,-0.00020,6.000
6,56.438,0.00,-0.0002,-0.00020,6.000
6,56.500,0.00,-0.0002,-0.00020,6.000
6,56.562,0.00,-0.0002,-0.00020,6.000
6,56.625,0.00,-0.0002,-0.00020,6.000
6,56.688,0.01,-0.0002,-0.00020,6.000
6,56.750,0.00,-0.0002,-0.00020,6.000
6,56.812,0.01,-0.0002,-0.00020,6.000
6,56.875,0.00,-0.0002,-0.00020,6.000
6,56.938,0.00,-0.0002,-0.00020,6.000
6,57.000,0.00,-0.0002,-0.00020,6.000
6,57.062,0.01,-0.0002,-0.00020,6.000
6,57.125,0.01,-0.0002,-0.00020,6.000
6,57.188,0.00,-0.0002,-0.00020,6.000
6,57.250,0.00,-0.0002,-0.00020,6.000
6,57.312,0.00,-0.0002,-0.00020,6.000
6,57.375,0.00,-0.0002,-0.00020,6.000
6,57.438,0.01,-0.0002,-0.00020,6.000
6,57.500,0.00,-0.0002,-0.00020,6.000
6,57.562,0.01,-0.0002,-0.00020,6.000
6,57.625,0.00,-0.0002,-0.00020,6.000
6,57.688,0.00,-0.0001,-0.00012,6.000
6,57.750,0.00,-0.0001,-0.00010,6.000
7,58.062,0.00,0.0811,0.08107,7.000
7,58.125,0.00,0.1436,0.14365,7.000
7,58.188,-0.01,0.2062,0.20615,7.000
7,58.250,0.00,0.2689,0.26890,7.000
7,58.312,0.00,0.3312,0.33122,7.000
7,58.375,0.00,0.3938,0.39380,7.000
7,58.438,0.00,0.4561,0.45613,7.000
7,58.500,0.00,0.5186,0.51860,7.000
7,58.562,0.00,0.5812,0.58120,7.000
7,58.625,0.00,0.6436,0.64365,7.000
7,58.688,0.00,0.7062,0.70620,7.000
7,58.750,0.00,0.7685,0.76850,7.000
7,58.812,0.00,0.8313,0.83127,7.000
7,58.875,0.00,0.8936,0.89365,7.000
7,58.938,0.00,0.9563,0.95630,7.000
7,59.000,-0.01,1.0188,1.01880,7.000
7,59.062,0.00,1.0812,1.08120,7.000
7,59.125,0.00,1.1437,1.14375,7.000
7,59.188,0.00,1.2061,1.20613,7.000
7,59.250,0.00,1.2687,1.26870,7.000
7,59.312,0.00,1.3311,1.33112,7.000
7,59.375,0.00,1.3937,1.39370,7.000
7,59.438,0.00,1.4563,1.45628,7.000
7,59.500,0.00,1.5187,1.51870,7.000
7,59.562,0.00,1.5812,1.58117,7.000
7,59.625,0.00,1.6436,1.64365,7.000
7,59.688,0.02,1.7062,1.70623,7.000
7,59.750,0.03,1.7687,1.76870,7.000
7,59.812,0.04,1.8314,1.83140,7.000
7,59.875,0.05,1.8937,1.89375,7.000
7,59.938,0.09,1.9563,1.95633,7.000
7,60.000,0.13,2.0187,2.01870,7.000
7,60.062,0.19,2.0812,2.08122,7.000
7,60.125,0.28,2.1438,2.14380,7.000
7,60.188,0.39,2.2062,2.20623,7.000
7,60.250,0.52,2.2689,2.26890,7.000
7,60.312,0.68,2.3312,2.33125,7.000
7,60.375,0.85,2.3939,2.39390,7.000
7,60.438,1.06,2.4564,2.45635,7.000
7,60.500,1.28,2.5188,2.51880,7.000
7,60.562,1.54,2.5813,2.58130,7.000
7,60.625,1.83,2.6437,2.64375,7.000
7,60.688,2.15,2.7062,2.70623,7.000
7,60.750,2.51,2.7686,2.76860,7.000
7,60.812,2.90,2.8312,2.83122,7.000
7,60.875,3.34,2.8936,2.89365,7.000
7,60.938,3.83,2.9564,2.95638,7.000
7,61.000,4.36,3.0188,3.01880,7.000
7,61.062,4.93,3.0813,3.08135,7.000
7,61.188,5.14,3.0920,3.09197,7.000
7,61.250,4.34,3.0297,3.02970,7.000
7,61.312,3.69,2.9671,2.96708,7.000
7,61.375,3.14,2.9046,2.90455,7.000
7,61.438,2.65,2.8420,2.84197,7.000
7,61.500,2.23,2.7796,2.77960,7.000
7,61.562,1.87,2.7171,2.71708,7.000
7,61.625,1.56,2.6545,2.65450,7.000
7,61.688,1.28,2.5921,2.59208,7.000
7,61.750,1.05,2.5293,2.52930,7.000
7,61.812,0.84,2.4671,2.46710,7.000
7,61.875,0.66,2.4045,2.40450,7.000
7,61.938,0.51,2.3421,2.34213,7.000
7,62.000,0.38,2.2796,2.27960,7.000
7,62.062,0.27,2.2170,2.21698,7.000
7,62.125,0.18,2.1545,2.15450,7.000
7,62.188,0.11,2.0919,2.09193,7.000
7,62.250,0.06,2.0295,2.02950,7.000
7,62.312,0.03,1.9669,1.96690,7.000
7,62.375,0.02,1.9046,1.90455,7.000
7,62.438,0.01,1.8421,1.84205,7.000
7,62.500,0.01,1.7796,1.77960,7.000
7,62.562,0.00,1.7170,1.71695,7.000
7,62.625,0.00,1.6544,1.65440,7.000
7,62.688,0.00,1.5920,1.59195,7.000
7,62.750,0.00,1.5293,1.52930,7.000
7,62.812,0.00,1.4670,1.46703,7.000
7,62.875,0.00,1.4044,1.40435,7.000
7,62.938,0.00,1.3420,1.34198,7.000
7,63.000,0.00,1.2794,1.27940,7.000
7,63.062,0.00,1.2169,1.21693,7.000
7,63.125,0.00,1.1544,1.15440,7.000
7,63.188,0.00,1.0918,1.09183,7.000
7,63.250,0.00,1.0294,1.02940,7.000
7,63.312,0.00,0.9668,0.96683,7.000
7,63.375,0.00,0.9045,0.90445,7.000
7,63.438,0.00,0.8418,0.84180,7.000
7,63.500,0.00,0.7794,0.77940,7.000
7,63.562,0.00,0.7169,0.71685,7.000
7,63.625,0.00,0.6544,0.65440,7.000
7,63.688,0.00,0.5919,0.59190,7.000
7,63.750,-0.01,0.5293,0.52930,7.000
7,63.812,0.00,0.4669,0.46685,7.000
7,63.875,0.00,0.4044,0.40435,7.000
7,63.938,0.00,0.3421,0.34205,7.000
7,64.000,0.00,0.2793,0.27930,7.000
7,64.062,0.00,0.2170,0.21695,7.000
7,64.125,0.00,0.1543,0.15430,7.000
7,64.188,0.00,0.0918,0.09185,7.000
7,64.250,0.00,0.0293,0.02930,7.000
7,64.375,0.00,-0.0258,-0.02585,7.000
7,64.438,0.00,-0.0002,-0.00023,7.000
7,64.500,0.00,-0.0002,-0.00020,7.000
7,64.562,0.00,-0.0002,-0.00020,7.000
7,64.625,0.00,-0.0002,-0.00020,7.000
7,64.688,0.00,-0.0002,-0.00020,7.000
7,64.750,0.00,-0.0002,-0.00020,7.000
7,64.812,0.00,-0.0002,-0.00020,7.000
7,64.875,0.00,-0.0002,-0.00020,7.000
7,64.938,0.00,-0.0002,-0.00020,7.000
7,65.000,0.00,-0.0002,-0.00020,7.000
7,65.062,0.00,-0.0002,-0.00020,7.000
7,65.125,0.00,-0.0002,-0.00020,7.000
7,65.188,0.00,-0.0002,-0.00020,7.000
7,65.250,0.00,-0.0002,-0.00020,7.000
7,65.312,0.00,-0.0002,-0.00020,7.000
7,65.375,0.00,-0.0002,-0.00020,7.000
7,65.438,0.00,-0.0002,-0.00020,7.000
7,65.500,0.00,-0.0002,-0.00020,7.000
7,65.562,0.00,-0.0002,-0.00020,7.000
7,65.625,0.00,-0.0002,-0.00020,7.000
7,65.688,0.00,-0.0002,-0.00020,7.000
7,65.750,0.00,-0.0002,-0.00020,7.000
7,65.812,0.00,-0.0002,-0.00020,7.000
7,65.875,0.00,-0.0002,-0.00020,7.000
7,65.938,0.00,-0.0002,-0.00020,7.000
7,66.000,0.00,-0.0002,-0.00020,7.000
7,66.062,0.00,-0.0002,-0.00020,7.000
7,66.125,0.00,-0.0002,-0.00020,7.000
7,66.188,0.00,-0.0002,-0.00020,7.000
7,66.250,0.00,-0.0002,-0.00020,7.000
7,66.312,0.00,-0.0002,-0.00020,7.000
7,66.375,0.00,-0.0002,-0.00020,7.000
7,66.438,0.00,-0.0002,-0.00020,7.000
7,66.500,0.00,-0.0002,-0.00020,7.000
7,66.562,0.00,-0.0002,-0.00020,7.000
7,66.625,0.00,-0.0002,-0.00020,7.000
7,66.688,0.00,-0.0002,-0.00020,7.000
7,66.750,0.00,-0.0002,-0.00020,7.000
7,66.812,0.00,-0.0002,-0.00020,7.000
7,66.875,0.00,-0.0002,-0.00020,7.000
7,66.938,0.00,-0.0002,-0.00020,7.000
7,67.000,0.00,-0.0002,-0.00020,7.000
7,67.062,0.00,-0.0002,-0.00020,7.000
7,67.125,0.00,-0.0002,-0.00020,7.000
7,67.188,0.00,-0.0002,-0.00020,7.000
7,67.250,0.00,-0.0002,-0.00020,7.000
7,67.312,0.00,-0.0002,-0.00020,7.000
8,67.688,0.00,0.0981,0.09810,8.000
8,67.750,-0.01,0.1606,0.16060,8.000
8,67.812,-0.01,0.2232,0.22322,8.000
8,67.875,0.00,0.2857,0.28570,8.000
8,67.938,-0.01,0.3484,0.34838,8.000
8,68.000,-0.01,0.4108,0.41080,8.000
8,68.062,-0.01,0.4732,0.47325,8.000
8,68.125,0.00,0.5357,0.53565,8.000
8,68.188,-0.01,0.5982,0.59818,8.000
8,68.250,0.00,0.6607,0.66070,8.000
8,68.312,-0.01,0.7232,0.72317,8.000
8,68.375,-0.01,0.7858,0.78575,8.000
8,68.438,-0.01,0.8482,0.84818,8.000
8,68.500,0.00,0.9108,0.91080,8.000
8,68.562,0.00,0.9731,0.97315,8.000
8,68.625,0.00,1.0358,1.03580,8.000
8,68.688,-0.01,1.0982,1.09820,8.000
8,68.750,-0.01,1.1607,1.16070,8.000
8,68.812,-0.01,1.2233,1.22327,8.000
8,68.875,-0.01,1.2856,1.28565,8.000
8,68.938,-0.01,1.3483,1.34830,8.000
8,69.000,0.00,1.4106,1.41060,8.000
8,69.062,0.00,1.4733,1.47330,8.000
8,69.125,0.00,1.5357,1.53570,8.000
8,69.188,0.00,1.5982,1.59818,8.000
8,69.250,0.00,1.6607,1.66070,8.000
8,69.312,0.01,1.7232,1.72325,8.000
8,69.375,0.02,1.7859,1.78590,8.000
8,69.438,0.03,1.8482,1.84825,8.000
8,69.500,0.06,1.9108,1.91080,8.000
8,69.562,0.09,1.9732,1.97322,8.000
8,69.625,0.13,2.0358,2.03580,8.000
8,69.688,0.21,2.0982,2.09820,8.000
8,69.750,0.30,2.1608,2.16080,8.000
8,69.812,0.42,2.2233,2.22332,8.000
8,69.875,0.56,2.2858,2.28580,8.000
8,69.938,0.71,2.3484,2.34838,8.000
8,70.000,0.89,2.4108,2.41080,8.000
8,70.062,1.10,2.4734,2.47345,8.000
8,70.125,1.34,2.5358,2.53575,8.000
8,70.188,1.60,2.5983,2.59825,8.000
8,70.250,1.90,2.6607,2.66070,8.000
8,70.312,2.22,2.7232,2.72322,8.000
8,70.375,2.59,2.7858,2.78580,8.000
8,70.438,3.00,2.8482,2.84820,8.000
8,70.500,3.45,2.9109,2.91090,8.000
8,70.562,3.95,2.9732,2.97320,8.000
8,70.625,4.50,3.0358,3.03585,8.000
8,70.688,5.09,3.0984,3.09835,8.000
8,70.812,5.17,3.0991,3.09908,8.000
8,70.875,4.38,3.0366,3.03660,8.000
8,70.938,3.73,2.9740,2.97402,8.000
8,71.000,3.17,2.9116,2.91160,8.000
8,71.062,2.68,2.8489,2.84893,8.000
8,71.125,2.26,2.7866,2.78660,8.000
8,71.188,1.89,2.7239,2.72392,8.000
8,71.250,1.57,2.6617,2.66170,8.000
8,71.312,1.29,2.5990,2.59903,8.000
8,71.375,1.06,2.5365,2.53645,8.000
8,71.438,0.85,2.4742,2.47415,8.000
8,71.500,0.67,2.4114,2.41140,8.000
8,71.562,0.52,2.3492,2.34915,8.000
8,71.625,0.38,2.2865,2.28645,8.000
8,71.688,0.27,2.2241,2.22408,8.000
8,71.750,0.18,2.1615,2.16150,8.000
8,71.812,0.10,2.0991,2.09905,8.000
8,71.875,0.05,2.0365,2.03650,8.000
8,71.938,0.03,1.9738,1.97385,8.000
8,72.000,0.03,1.9116,1.91160,8.000
8,72.062,0.01,1.8490,1.84895,8.000
8,72.125,0.01,1.7866,1.78660,8.000
8,72.188,0.00,1.7240,1.72398,8.000
8,72.250,-0.01,1.6614,1.66140,8.000
8,72.312,-0.01,1.5989,1.59890,8.000
8,72.375,-0.01,1.5364,1.53640,8.000
8,72.438,-0.01,1.4740,1.47405,8.000
8,72.500,-0.01,1.4113,1.41130,8.000
8,72.562,-0.01,1.3490,1.34898,8.000
8,72.625,-0.01,1.2864,1.28635,8.000
8,72.688,-0.01,1.2239,1.22392,8.000
8,72.750,-0.01,1.1614,1.16140,8.000
8,72.812,-0.01,1.0989,1.09890,8.000
8,72.875,0.00,1.0365,1.03645,8.000
8,72.938,-0.01,0.9738,0.97382,8.000
8,73.000,0.00,0.9114,0.91140,8.000
8,73.062,-0.01,0.8489,0.84888,8.000
8,73.125,0.00,0.7865,0.78645,8.000
8,73.188,0.00,0.7238,0.72380,8.000
8,73.250,-0.01,0.6615,0.66150,8.000
8,73.312,-0.01,0.5988,0.59880,8.000
8,73.375,-0.01,0.5364,0.53640,8.000
8,73.438,-0.01,0.4739,0.47388,8.000
8,73.500,-0.01,0.4113,0.41130,8.000
8,73.562,-0.01,0.3490,0.34898,8.000
8,73.625,-0.01,0.2863,0.28630,8.000
8,73.688,-0.01,0.2240,0.22398,8.000
8,73.750,0.00,0.1613,0.16130,8.000
8,73.812,-0.01,0.0989,0.09888,8.000
8,73.875,-0.01,0.0363,0.03630,8.000
8,73.938,-0.01,-0.0261,-0.02610,8.000
8,74.062,-0.01,-0.0074,-0.00743,8.000
8,74.125,0.00,-0.0003,-0.00030,8.000
8,74.188,-0.01,-0.0002,-0.00020,8.000
8,74.250,-0.01,-0.0002,-0.00020,8.000
8,74.312,-0.01,-0.0002,-0.00020,8.000
8,74.375,-0.01,-0.0002,-0.00020,8.000
8,74.438,-0.01,-0.0002,-0.00020,8.000
8,74.500,-0.01,-0.0002,-0.00020,8.000
8,74.562,0.00,-0.0002,-0.00020,8.000
8,74.625,-0.01,-0.0002,-0.00020,8.000
8,74.688,-0.01,-0.0002,-0.00020,8.000
8,74.750,0.00,-0.0002,-0.00020,8.000
8,74.812,0.00,-0.0002,-0.00020,8.000
8,74.875,-0.01,-0.0002,-0.00020,8.000
8,74.938,-0.01,-0.0002,-0.00020,8.000
8,75.000,-0.01,-0.0002,-0.00020,8.000
8,75.062,-0.01,-0.0002,-0.00020,8.000
8,75.125,0.00,-0.0002,-0.00020,8.000
8,75.188,-0.01,-0.0002,-0.00020,8.000
8,75.250,-0.01,-0.0002,-0.00020,8.000
8,75.312,-0.01,-0.0002,-0.00020,8.000
8,75.375,-0.01,-0.0002,-0.00020,8.000
8,75.438,-0.01,-0.0002,-0.00020,8.000
8,75.500,0.00,-0.0002,-0.00020,8.000
8,75.562,-0.01,-0.0002,-0.00020,8.000
8,75.625,-0.01,-0.0002,-0.00020,8.000
8,75.688,-0.01,-0.0002,-0.00020,8.000
8,75.750,-0.01,-0.0002,-0.00020,8.000
8,75.812,-0.01,-0.0002,-0.00020,8.000
8,75.875,0.00,-0.0002,-0.00020,8.000
8,75.938,0.00,-0.0002,-0.00020,8.000
8,76.000,0.00,-0.0002,-0.00020,8.000
8,76.062,-0.01,-0.0002,-0.00020,8.000
8,76.125,0.00,-0.0002,-0.00020,8.000
8,76.188,0.00,-0.0002,-0.00020,8.000
8,76.250,0.00,-0.0002,-0.00020,8.000
8,76.312,-0.01,-0.0002,-0.00020,8.000
8,76.375,-0.01,-0.0002,-0.00020,8.000
8,76.438,0.00,-0.0002,-0.00020,8.000
8,76.500,-0.01,-0.0002,-0.00020,8.000
8,76.562,-0.01,-0.0002,-0.00020,8.000
8,76.625,-0.01,-0.0002,-0.00020,8.000
8,76.688,-0.01,-0.0002,-0.00020,8.000
8,76.750,-0.01,-0.0002,-0.00020,8.000
8,76.812,-0.01,-0.0002,-0.00020,8.000
8,76.875,-0.01,-0.0001,-0.00010,8.000
8,76.938,-0.01,-0.0001,-0.00010,8.000
8,77.000,-0.01,-0.0001,-0.00010,8.000
9,77.312,0.00,0.0900,0.09002,9.000
9,77.375,0.00,0.1527,0.15270,9.000
9,77.438,0.00,0.2152,0.21515,9.000
9,77.500,0.00,0.2778,0.27780,9.000
9,77.562,0.00,0.3403,0.34030,9.000
9,77.625,0.00,0.4027,0.40270,9.000
9,77.688,0.00,0.4653,0.46525,9.000
9,77.750,0.00,0.5275,0.52750,9.000
9,77.812,0.00,0.5902,0.59025,9.000
9,77.875,0.00,0.6527,0.65265,9.000
9,77.938,0.00,0.7153,0.71528,9.000
9,78.000,0.00,0.7777,0.77770,9.000
9,78.062,0.00,0.8401,0.84012,9.000
9,78.125,0.00,0.9028,0.90275,9.000
9,78.188,0.00,0.9651,0.96512,9.000
9,78.250,0.00,1.0278,1.02780,9.000
9,78.312,0.00,1.0901,1.09007,9.000
9,78.375,0.00,1.1528,1.15275,9.000
9,78.438,0.00,1.2152,1.21518,9.000
9,78.500,0.00,1.2778,1.27780,9.000
9,78.562,0.00,1.3403,1.34027,9.000
9,78.625,0.00,1.4027,1.40270,9.000
9,78.688,0.00,1.4654,1.46537,9.000
9,78.750,0.00,1.5277,1.52770,9.000
9,78.812,0.00,1.5903,1.59030,9.000
9,78.875,0.00,1.6527,1.65265,9.000
9,78.938,0.01,1.7153,1.71532,9.000
9,79.000,0.03,1.7779,1.77790,9.000
9,79.062,0.04,1.8403,1.84035,9.000
9,79.125,0.06,1.9028,1.90280,9.000
9,79.188,0.09,1.9652,1.96518,9.000
9,79.250,0.14,2.0279,2.02790,9.000
9,79.312,0.21,2.0901,2.09015,9.000
9,79.375,0.29,2.1528,2.15280,9.000
9,79.438,0.41,2.2153,2.21528,9.000
9,79.500,0.54,2.2780,2.27800,9.000
9,79.562,0.70,2.3403,2.34030,9.000
9,79.625,0.88,2.4029,2.40290,9.000
9,79.688,1.08,2.4654,2.46540,9.000
9,79.750,1.31,2.5277,2.52770,9.000
9,79.812,1.57,2.5904,2.59037,9.000
9,79.875,1.86,2.6528,2.65275,9.000
9,79.938,2.18,2.7153,2.71532,9.000
9,80.000,2.55,2.7777,2.77770,9.000
9,80.062,2.95,2.8403,2.84027,9.000
9,80.125,3.40,2.9028,2.90275,9.000
9,80.188,3.89,2.9653,2.96530,9.000
9,80.250,4.43,3.0279,3.02790,9.000
9,80.312,5.01,3.0902,3.09020,9.000
9,80.438,5.48,3.1228,3.12282,9.000
9,80.500,4.63,3.0605,3.06050,9.000
9,80.562,3.95,2.9981,2.99810,9.000
9,80.625,3.36,2.9355,2.93550,9.000
9,80.688,2.85,2.8730,2.87305,9.000
9,80.750,2.41,2.8104,2.81040,9.000
9,80.812,2.02,2.7482,2.74815,9.000
9,80.875,1.69,2.6855,2.68545,9.000
9,80.938,1.40,2.6231,2.62308,9.000
9,81.000,1.15,2.5606,2.56060,9.000
9,81.062,0.93,2.4980,2.49798,9.000
9,81.125,0.74,2.4356,2.43560,9.000
9,81.188,0.57,2.3730,2.37295,9.000
9,81.250,0.43,2.3106,2.31060,9.000
9,81.312,0.31,2.2479,2.24785,9.000
9,81.375,0.22,2.1855,2.18550,9.000
9,81.438,0.14,2.1230,2.12298,9.000
9,81.500,0.07,2.0605,2.06050,9.000
9,81.562,0.04,1.9979,1.99793,9.000
9,81.625,0.03,1.9354,1.93540,9.000
9,81.688,0.01,1.8731,1.87308,9.000
9,81.750,0.01,1.8105,1.81050,9.000
9,81.812,0.01,1.7481,1.74810,9.000
9,81.875,0.00,1.6854,1.68540,9.000
9,81.938,-0.01,1.6230,1.62295,9.000
9,82.000,0.00,1.5605,1.56050,9.000
9,82.062,0.00,1.4980,1.49798,9.000
9,82.125,0.00,1.4354,1.43540,9.000
9,82.188,0.00,1.3728,1.37278,9.000
9,82.250,0.00,1.3104,1.31040,9.000
9,82.312,0.00,1.2478,1.24775,9.000
9,82.375,0.00,1.1855,1.18545,9.000
9,82.438,0.00,1.1229,1.12288,9.000
9,82.500,0.00,1.0604,1.06040,9.000
9,82.562,0.00,0.9979,0.99785,9.000
9,82.625,0.00,0.9354,0.93540,9.000
9,82.688,0.00,0.8730,0.87298,9.000
9,82.750,0.00,0.8103,0.81030,9.000
9,82.812,0.00,0.7480,0.74798,9.000
9,82.875,0.00,0.6854,0.68535,9.000
9,82.938,0.00,0.6229,0.62290,9.000
9,83.000,-0.01,0.5603,0.56030,9.000
9,83.062,0.00,0.4979,0.49788,9.000
9,83.125,0.00,0.4354,0.43535,9.000
9,83.188,0.00,0.3729,0.37292,9.000
9,83.250,0.00,0.3105,0.31050,9.000
9,83.312,0.00,0.2478,0.24783,9.000
9,83.375,0.00,0.1854,0.18545,9.000
9,83.438,0.00,0.1228,0.12278,9.000
9,83.500,0.00,0.0604,0.06040,9.000
9,83.562,0.00,-0.0022,-0.00217,9.000
9,83.688,0.00,-0.0323,-0.03227,9.000
9,83.750,0.00,-0.0006,-0.00060,9.000
9,83.812,0.00,-0.0002,-0.00020,9.000
9,83.875,0.00,-0.0002,-0.00020,9.000
9,83.938,0.00,-0.0002,-0.00020,9.000
9,84.000,-0.01,-0.0002,-0.00020,9.000
9,84.062,0.00,-0.0002,-0.00020,9.000
9,84.125,0.00,-0.0002,-0.00020,9.000
9,84.188,0.00,-0.0002,-0.00020,9.000
9,84.250,0.00,-0.0002,-0.00020,9.000
9,84.312,0.00,-0.0002,-0.00020,9.000
9,84.375,0.00,-0.0002,-0.00020,9.000
9,84.438,0.00,-0.0002,-0.00020,9.000
9,84.500,-0.01,-0.0002,-0.00020,9.000
9,84.562,0.00,-0.0002,-0.00020,9.000
9,84.625,0.00,-0.0002,-0.00020,9.000
9,84.688,0.00,-0.0002,-0.00020,9.000
9,84.750,0.00,-0.0002,-0.00020,9.000
9,84.812,0.00,-0.0002,-0.00020,9.000
9,84.875,0.00,-0.0002,-0.00020,9.000
9,84.938,-0.01,-0.0002,-0.00020,9.000
9,85.000,0.00,-0.0002,-0.00020,9.000
9,85.062,0.00,-0.0002,-0.00020,9.000
9,85.125,0.00,-0.0002,-0.00020,9.000
9,85.188,-0.01,-0.0002,-0.00020,9.000
9,85.250,0.00,-0.0002,-0.00020,9.000
9,85.312,0.00,-0.0002,-0.00020,9.000
9,85.375,-0.01,-0.0002,-0.00020,9.000
9,85.438,0.00,-0.0002,-0.00020,9.000
9,85.500,0.00,-0.0002,-0.00020,9.000
9,85.562,0.00,-0.0002,-0.00020,9.000
9,85.625,0.00,-0.0002,-0.00020,9.000
9,85.688,0.00,-0.0002,-0.00020,9.000
9,85.750,0.00,-0.0002,-0.00020,9.000
9,85.812,0.00,-0.0002,-0.00020,9.000
9,85.875,0.00,-0.0002,-0.00020,9.000
9,85.938,0.00,-0.0002,-0.00020,9.000
9,86.000,0.00,-0.0002,-0.00020,9.000
9,86.062,0.00,-0.0002,-0.00020,9.000
9,86.125,0.00,-0.0002,-0.00020,9.000
9,86.188,0.00,-0.0002,-0.00020,9.000
9,86.250,0.00,-0.0002,-0.00020,9.000
9,86.312,0.00,-0.0002,-0.00020,9.000
9,86.375,0.00,-0.0002,-0.00020,9.000
9,86.438,0.00,-0.0002,-0.00020,9.000
9,86.500,0.00,-0.0002,-0.00020,9.000
9,86.562,0.00,-0.0002,-0.00020,9.000
9,86.625,0.00,-0.0002,-0.00020,9.000
10,86.938,0.01,0.0771,0.07705,10.000
10,87.000,0.01,0.1396,0.13960,10.000
10,87.062,0.00,0.2021,0.20210,10.000
10,87.125,0.01,0.2648,0.26480,10.000
10,87.188,0.00,0.3271,0.32712,10.000
10,87.250,0.01,0.3898,0.38980,10.000
10,87.312,0.01,0.4521,0.45212,10.000
10,87.375,0.00,0.5147,0.51470,10.000
10,87.438,0.01,0.5772,0.57718,10.000
10,87.500,0.00,0.6397,0.63970,10.000
10,87.562,0.01,0.7022,0.70220,10.000
10,87.625,0.00,0.7646,0.76460,10.000
10,87.688,0.01,0.8273,0.82728,10.000
10,87.750,0.00,0.8896,0.88960,10.000
10,87.812,0.01,0.9523,0.95227,10.000
10,87.875,0.01,1.0147,1.01470,10.000
10,87.938,0.00,1.0772,1.07722,10.000
10,88.000,0.01,1.1397,1.13970,10.000
10,88.062,0.01,1.2021,1.20212,10.000
10,88.125,0.01,1.2647,1.26470,10.000
10,88.188,0.00,1.3272,1.32715,10.000
10,88.250,0.01,1.3899,1.38990,10.000
10,88.312,0.00,1.4522,1.45222,10.000
10,88.375,0.01,1.5148,1.51480,10.000
10,88.438,0.01,1.5772,1.57720,10.000
10,88.500,0.01,1.6397,1.63970,10.000
10,88.562,0.02,1.7022,1.70222,10.000
10,88.625,0.03,1.7648,1.76485,10.000
10,88.688,0.04,1.8274,1.82745,10.000
10,88.750,0.07,1.8897,1.88970,10.000
10,88.812,0.09,1.9523,1.95230,10.000
10,88.875,0.13,2.0148,2.01475,10.000
10,88.938,0.19,2.0773,2.07732,10.000
10,89.000,0.28,2.1398,2.13980,10.000
10,89.062,0.39,2.2023,2.20230,10.000
10,89.125,0.52,2.2648,2.26485,10.000
10,89.188,0.67,2.3273,2.32730,10.000
10,89.250,0.85,2.3899,2.38990,10.000
10,89.312,1.05,2.4523,2.45232,10.000
10,89.375,1.27,2.5149,2.51490,10.000
10,89.438,1.52,2.5772,2.57720,10.000
10,89.500,1.80,2.6398,2.63980,10.000
10,89.562,2.13,2.7022,2.70225,10.000
10,89.625,2.48,2.7648,2.76475,10.000
10,89.688,2.87,2.8273,2.82730,10.000
10,89.750,3.31,2.8897,2.88970,10.000
10,89.812,3.79,2.9524,2.95237,10.000
10,89.875,4.32,3.0148,3.01475,10.000
10,89.938,4.89,3.0774,3.07738,10.000
10,90.062,5.44,3.1182,3.11815,10.000
10,90.125,4.61,3.0555,3.05550,10.000
10,90.188,3.93,2.9932,2.99315,10.000
10,90.250,3.34,2.9304,2.93040,10.000
10,90.312,2.83,2.8681,2.86808,10.000
10,90.375,2.39,2.8055,2.80550,10.000
10,90.438,2.01,2.7430,2.74302,10.000
10,90.500,1.68,2.6805,2.68050,10.000
10,90.562,1.39,2.6179,2.61793,10.000
10,90.625,1.14,2.5556,2.55555,10.000
10,90.688,0.92,2.4930,2.49300,10.000
10,90.750,0.74,2.4306,2.43060,10.000
10,90.812,0.57,2.3680,2.36800,10.000
10,90.875,0.43,2.3056,2.30560,10.000
10,90.938,0.31,2.2429,2.24290,10.000
10,91.000,0.21,2.1805,2.18050,10.000
10,91.062,0.13,2.1180,2.11800,10.000
10,91.125,0.08,2.0555,2.05545,10.000
10,91.188,0.05,1.9931,1.99305,10.000
10,91.250,0.04,1.9304,1.93040,10.000
10,91.312,0.02,1.8682,1.86815,10.000
10,91.375,0.02,1.8055,1.80550,10.000
10,91.438,0.02,1.7431,1.74308,10.000
10,91.500,0.01,1.6804,1.68040,10.000
10,91.562,0.01,1.6179,1.61793,10.000
10,91.625,0.01,1.5555,1.55550,10.000
10,91.688,0.01,1.4929,1.49292,10.000
10,91.750,0.01,1.4305,1.43050,10.000
10,91.812,0.01,1.3678,1.36775,10.000
10,91.875,0.01,1.3054,1.30545,10.000
10,91.938,0.01,1.2429,1.24288,10.000
10,92.000,0.00,1.1805,1.18050,10.000
10,92.062,0.00,1.1179,1.11790,10.000
10,92.125,0.01,1.0554,1.05540,10.000
10,92.188,0.01,0.9930,0.99298,10.000
10,92.250,0.00,0.9303,0.93030,10.000
10,92.312,0.01,0.8679,0.86793,10.000
10,92.375,0.00,0.8053,0.80530,10.000
10,92.438,0.01,0.7429,0.74290,10.000
10,92.500,0.00,0.6803,0.68030,10.000
10,92.562,0.01,0.6179,0.61788,10.000
10,92.625,0.00,0.5554,0.55540,10.000
10,92.688,0.01,0.4928,0.49275,10.000
10,92.750,0.01,0.4304,0.43040,10.000
10,92.812,0.01,0.3679,0.36790,10.000
10,92.875,0.01,0.3054,0.30545,10.000
10,92.938,0.01,0.2428,0.24280,10.000
10,93.000,0.01,0.1805,0.18050,10.000
10,93.062,0.01,0.1179,0.11788,10.000
10,93.125,0.01,0.0554,0.05535,10.000
10,93.188,0.01,-0.0071,-0.00710,10.000
10,93.312,0.01,-0.0264,-0.02643,10.000
10,93.375,0.01,-0.0004,-0.00035,10.000
10,93.438,0.01,-0.0003,-0.00030,10.000
10,93.500,0.00,-0.0002,-0.00020,10.000
10,93.562,0.00,-0.0002,-0.00020,10.000
10,93.625,0.01,-0.0002,-0.00020,10.000
10,93.688,0.01,-0.0002,-0.00020,10.000
10,93.750,0.01,-0.0002,-0.00020,10.000
10,93.812,0.01,-0.0002,-0.00020,10.000
10,93.875,0.00,-0.0002,-0.00020,10.000
10,93.938,0.01,-0.0002,-0.00020,10.000
10,94.000,0.00,-0.0002,-0.00020,10.000
10,94.062,0.00,-0.0002,-0.00020,10.000
10,94.125,0.01,-0.0002,-0.00020,10.000
10,94.188,0.01,-0.0002,-0.00020,10.000
10,94.250,0.01,-0.0002,-0.00020,10.000
10,94.312,0.01,-0.0002,-0.00020,10.000
10,94.375,0.00,-0.0002,-0.00020,10.000
10,94.438,0.00,-0.0002,-0.00020,10.000
10,94.500,0.01,-0.0002,-0.00020,10.000
10,94.562,0.01,-0.0002,-0.00020,10.000
10,94.625,0.00,-0.0002,-0.00020,10.000
10,94.688,0.01,-0.0002,-0.00020,10.000
10,94.750,0.00,-0.0002,-0.00020,10.000
10,94.812,0.01,-0.0002,-0.00020,10.000
10,94.875,0.01,-0.0002,-0.00020,10.000
10,94.938,0.00,-0.0002,-0.00020,10.000
10,95.000,0.01,-0.0002,-0.00020,10.000
10,95.062,0.01,-0.0002,-0.00020,10.000
10,95.125,0.01,-0.0002,-0.00020,10.000
10,95.188,0.01,-0.0002,-0.00020,10.000
10,95.250,0.01,-0.0002,-0.00020,10.000
10,95.312,0.01,-0.0002,-0.00020,10.000
10,95.375,0.01,-0.0002,-0.00020,10.000
10,95.438,0.01,-0.0002,-0.00020,10.000
10,95.500,0.00,-0.0002,-0.00020,10.000
10,95.562,0.01,-0.0002,-0.00020,10.000
10,95.625,0.01,-0.0002,-0.00020,10.000
10,95.688,0.01,-0.0002,-0.00020,10.000
10,95.750,0.00,-0.0002,-0.00020,10.000
10,95.812,0.00,-0.0002,-0.00020,10.000
10,95.875,0.01,-0.0002,-0.00020,10.000
10,95.938,0.00,-0.0002,-0.00020,10.000
10,96.000,0.00,-0.0002,-0.00020,10.000
10,96.062,0.01,-0.0002,-0.00020,10.000
10,96.125,0.01,-0.0002,-0.00020,10.000
10,96.188,0.00,-0.0002,-0.00020,10.000
10,96.250,0.00,-0.0002,-0.00020,10.000


