""
"Test Method","Radhen_Load_Cntrl_Cmprsn_250N_12-7.msm"
"Sample I. D.","Sample1.mss"
"Specimen Number","23"

"TheCycle_Output ()","_Time (s)","_Load (N)","_Extension (mm)","RealTimeDepth (mm)","CycleNumber ()"

1,0.312,-0.01,0.1070,0.10703,1.000
1,0.375,-0.01,0.1695,0.16950,1.000
1,0.438,-0.02,0.2322,0.23218,1.000
1,0.500,-0.01,0.2946,0.29460,1.000
1,0.562,-0.02,0.3573,0.35727,1.000
1,0.625,-0.02,0.4197,0.41970,1.000
1,0.688,-0.02,0.4823,0.48230,1.000
1,0.750,-0.02,0.5448,0.54480,1.000
1,0.812,-0.01,0.6070,0.60705,1.000
1,0.875,-0.01,0.6696,0.66960,1.000
1,0.938,-0.02,0.7322,0.73217,1.000
1,1.000,-0.01,0.7949,0.79490,1.000
1,1.062,-0.01,0.8572,0.85720,1.000
1,1.125,-0.02,0.9198,0.91980,1.000
1,1.188,-0.01,0.9822,0.98225,1.000
1,1.250,-0.02,1.0448,1.04480,1.000
1,1.312,-0.01,1.1072,1.10722,1.000
1,1.375,-0.02,1.1697,1.16965,1.000
1,1.438,-0.02,1.2323,1.23230,1.000
1,1.500,-0.01,1.2946,1.29460,1.000
1,1.562,-0.01,1.3572,1.35722,1.000
1,1.625,-0.03,1.4197,1.41975,1.000
1,1.688,-0.02,1.4822,1.48223,1.000
1,1.750,-0.02,1.5449,1.54490,1.000
1,1.812,-0.02,1.6073,1.60728,1.000
1,1.875,-0.01,1.6698,1.66980,1.000
1,1.938,-0.02,1.7322,1.73225,1.000
1,2.000,-0.01,1.7950,1.79500,1.000
1,2.062,-0.01,1.8572,1.85723,1.000
1,2.125,-0.01,1.9198,1.91980,1.000
1,2.188,-0.01,1.9822,1.98225,1.000
1,2.250,-0.01,2.0449,2.04490,1.000
1,2.312,-0.01,2.1072,2.10725,1.000
1,2.375,-0.01,2.1698,2.16975,1.000
1,2.438,-0.02,2.2323,2.23230,1.000
1,2.500,-0.01,2.2947,2.29470,1.000
1,2.562,-0.01,2.3574,2.35740,1.000
1,2.625,0.00,2.4198,2.41980,1.000
1,2.688,0.01,2.4824,2.48238,1.000
1,2.750,0.02,2.5448,2.54480,1.000
1,2.812,0.04,2.6072,2.60725,1.000
1,2.875,0.06,2.6698,2.66975,1.000
1,2.938,0.11,2.7323,2.73230,1.000
1,3.000,0.15,2.7948,2.79480,1.000
1,3.062,0.21,2.8572,2.85720,1.000
1,3.125,0.30,2.9199,2.91990,1.000
1,3.188,0.41,2.9823,2.98230,1.000
1,3.250,0.53,3.0450,3.04500,1.000
1,3.312,0.68,3.1072,3.10725,1.000
1,3.375,0.85,3.1698,3.16980,1.000
1,3.438,1.04,3.2324,3.23238,1.000
1,3.500,1.25,3.2948,3.29480,1.000
1,3.562,1.49,3.3574,3.35745,1.000
1,3.625,1.76,3.4198,3.41975,1.000
1,3.688,2.05,3.4824,3.48245,1.000
1,3.750,2.37,3.5449,3.54490,1.000
1,3.812,2.71,3.6074,3.60745,1.000
1,3.875,3.08,3.6698,3.66985,1.000
1,3.938,3.49,3.7324,3.73238,1.000
1,4.000,3.92,3.7949,3.79490,1.000
1,4.062,4.39,3.8573,3.85730,1.000
1,4.125,4.88,3.9200,3.92000,1.000
1,4.250,5.19,3.9451,3.94510,1.000
1,4.312,4.47,3.8831,3.88305,1.000
1,4.375,3.89,3.8205,3.82050,1.000
1,4.438,3.37,3.7582,3.75818,1.000
1,4.500,2.91,3.6956,3.69560,1.000
1,4.562,2.51,3.6332,3.63315,1.000
1,4.625,2.13,3.5706,3.57060,1.000
1,4.688,1.82,3.5080,3.50803,1.000
1,4.750,1.53,3.4455,3.44550,1.000
1,4.812,1.28,3.3830,3.38303,1.000
1,4.875,1.05,3.3207,3.32070,1.000
1,4.938,0.86,3.2580,3.25803,1.000
1,5.000,0.69,3.1956,3.19560,1.000
1,5.062,0.53,3.1329,3.13288,1.000
1,5.125,0.40,3.0706,3.07055,1.000
1,5.188,0.30,3.0081,3.00808,1.000
1,5.250,0.21,2.9456,2.94560,1.000
1,5.312,0.13,2.8831,2.88308,1.000
1,5.375,0.08,2.8204,2.82045,1.000
1,5.438,0.05,2.7581,2.75810,1.000
1,5.500,0.02,2.6954,2.69540,1.000
1,5.562,0.01,2.6330,2.63303,1.000
1,5.625,0.00,2.5704,2.57040,1.000
1,5.688,-0.02,2.5080,2.50800,1.000
1,5.750,0.00,2.4456,2.44560,1.000
1,5.812,-0.01,2.3830,2.38300,1.000
1,5.875,-0.02,2.3205,2.32050,1.000
1,5.938,-0.01,2.2580,2.25798,1.000
1,6.000,-0.02,2.1956,2.19560,1.000
1,6.062,-0.02,2.1329,2.13290,1.000
1,6.125,-0.02,2.0705,2.07050,1.000
1,6.188,-0.01,2.0079,2.00788,1.000
1,6.250,-0.02,1.9454,1.94540,1.000
1,6.312,-0.02,1.8830,1.88300,1.000
1,6.375,-0.01,1.8205,1.82050,1.000
1,6.438,-0.02,1.7580,1.75800,1.000
1,6.500,-0.01,1.6954,1.69540,1.000
1,6.562,-0.03,1.6330,1.63300,1.000
1,6.625,-0.01,1.5704,1.57045,1.000
1,6.688,-0.01,1.5080,1.50800,1.000
1,6.750,-0.01,1.4455,1.44550,1.000
1,6.812,-0.02,1.3829,1.38293,1.000
1,6.875,-0.02,1.3204,1.32040,1.000
1,6.938,-0.01,1.2578,1.25780,1.000
1,7.000,-0.01,1.1954,1.19540,1.000
1,7.062,-0.01,1.1328,1.13283,1.000
1,7.125,-0.02,1.0705,1.07045,1.000
1,7.188,-0.02,1.0078,1.00780,1.000
1,7.250,-0.03,0.9454,0.94540,1.000
1,7.312,-0.02,0.8829,0.88293,1.000
1,7.375,-0.02,0.8204,0.82045,1.000
1,7.438,-0.02,0.7580,0.75800,1.000
1,7.500,-0.01,0.6952,0.69520,1.000
1,7.562,-0.02,0.6327,0.63273,1.000
1,7.625,-0.02,0.5702,0.57020,1.000
1,7.688,-0.02,0.5080,0.50798,1.000
1,7.750,-0.02,0.4453,0.44530,1.000
1,7.812,-0.01,0.3829,0.38285,1.000
1,7.875,-0.02,0.3204,0.32035,1.000
1,7.938,-0.02,0.2577,0.25765,1.000
1,8.000,-0.02,0.1952,0.19520,1.000
1,8.062,-0.02,0.1326,0.13263,1.000
1,8.125,-0.02,0.0703,0.07025,1.000
1,8.188,-0.03,0.0077,0.00775,1.000
1,8.312,-0.01,-0.0129,-0.01293,1.000
1,8.375,-0.02,-0.0002,-0.00020,1.000
1,8.438,-0.01,-0.0002,-0.00020,1.000
1,8.500,-0.02,-0.0002,-0.00020,1.000
1,8.562,-0.01,-0.0002,-0.00020,1.000
1,8.625,-0.01,-0.0002,-0.00020,1.000
1,8.688,-0.01,-0.0002,-0.00020,1.000
1,8.750,-0.03,-0.0002,-0.00020,1.000
1,8.812,0.00,-0.0002,-0.00020,1.000
1,8.875,-0.01,-0.0002,-0.00020,1.000
1,8.938,-0.01,-0.0002,-0.00020,1.000
1,9.000,-0.02,-0.0002,-0.00020,1.000
1,9.062,-0.02,-0.0002,-0.00020,1.000
1,9.125,-0.02,-0.0002,-0.00020,1.000
1,9.188,-0.01,-0.0002,-0.00020,1.000
1,9.250,-0.01,-0.0002,-0.00020,1.000
1,9.312,-0.01,-0.0002,-0.00020,1.000
1,9.375,-0.02,-0.0002,-0.00020,1.000
1,9.438,-0.02,-0.0002,-0.00020,1.000
1,9.500,-0.02,-0.0002,-0.00020,1.000
1,9.562,-0.02,-0.0002,-0.00020,1.000
1,9.625,-0.03,-0.0002,-0.00020,1.000
1,9.688,-0.01,-0.0002,-0.00020,1.000
1,9.750,-0.02,-0.0002,-0.00020,1.000
1,9.812,-0.01,-0.0002,-0.00020,1.000
1,9.875,-0.02,-0.0002,-0.00020,1.000
1,9.938,-0.01,-0.0002,-0.00020,1.000
1,10.000,-0.01,-0.0001,-0.00010,1.000
1,10.062,0.00,-0.0001,-0.00010,1.000
1,10.125,-0.02,-0.0001,-0.00010,1.000
1,10.188,-0.01,-0.0001,-0.00010,1.000
1,10.250,-0.01,-0.0001,-0.00010,1.000
1,10.312,-0.01,-0.0001,-0.00010,1.000
1,10.375,-0.02,-0.0001,-0.00010,1.000
1,10.438,-0.02,-0.0001,-0.00010,1.000
1,10.500,-0.02,-0.0001,-0.00010,1.000
1,10.562,-0.02,-0.0001,-0.00010,1.000
1,10.625,-0.02,-0.0001,-0.00010,1.000
1,10.688,-0.02,-0.0001,-0.00010,1.000
1,10.750,-0.02,-0.0001,-0.00010,1.000
1,10.812,-0.01,-0.0001,-0.00010,1.000
1,10.875,0.00,-0.0001,-0.00010,1.000
1,10.938,0.00,-0.0001,-0.00010,1.000
1,11.000,0.00,-0.0001,-0.00010,1.000
1,11.062,-0.01,-0.0001,-0.00010,1.000
1,11.125,-0.02,-0.0001,-0.00010,1.000
1,11.188,-0.02,-0.0001,-0.00010,1.000
1,11.250,-0.01,-0.0001,-0.00010,1.000
2,11.562,-0.01,0.1071,0.10707,2.000
2,11.625,-0.01,0.1694,0.16945,2.000
2,11.688,-0.01,0.2321,0.23210,2.000
2,11.750,-0.01,0.2946,0.29460,2.000
2,11.812,0.00,0.3572,0.35725,2.000
2,11.875,-0.01,0.4196,0.41960,2.000
2,11.938,-0.01,0.4822,0.48220,2.000
2,12.000,-0.02,0.5447,0.54470,2.000
2,12.062,-0.01,0.6070,0.60697,2.000
2,12.125,0.00,0.6695,0.66955,2.000
2,12.188,0.00,0.7321,0.73205,2.000
2,12.250,-0.01,0.7948,0.79480,2.000
2,12.312,-0.01,0.8572,0.85717,2.000
2,12.375,-0.01,0.9197,0.91975,2.000
2,12.438,-0.01,0.9821,0.98210,2.000
2,12.500,-0.01,1.0446,1.04460,2.000
2,12.562,0.00,1.1072,1.10720,2.000
2,12.625,-0.01,1.1697,1.16970,2.000
2,12.688,-0.01,1.2322,1.23220,2.000
2,12.750,-0.01,1.2946,1.29460,2.000
2,12.812,-0.01,1.3572,1.35725,2.000
2,12.875,-0.01,1.4196,1.41965,2.000
2,12.938,-0.01,1.4823,1.48230,2.000
2,13.000,-0.01,1.5448,1.54480,2.000
2,13.062,-0.01,1.6073,1.60727,2.000
2,13.125,-0.01,1.6697,1.66970,2.000
2,13.188,-0.01,1.7323,1.73225,2.000
2,13.250,-0.01,1.7948,1.79480,2.000
2,13.312,-0.01,1.8571,1.85715,2.000
2,13.375,-0.01,1.9197,1.91975,2.000
2,13.438,0.00,1.9822,1.98218,2.000
2,13.500,-0.01,2.0449,2.04490,2.000
2,13.562,0.00,2.1073,2.10727,2.000
2,13.625,-0.01,2.1697,2.16970,2.000
2,13.688,-0.01,2.2322,2.23223,2.000
2,13.750,-0.01,2.2947,2.29470,2.000
2,13.812,0.00,2.3573,2.35730,2.000
2,13.875,0.00,2.4197,2.41975,2.000
2,13.938,0.01,2.4824,2.48238,2.000
2,14.000,0.03,2.5447,2.54470,2.000
2,14.062,0.04,2.6072,2.60725,2.000
2,14.125,0.07,2.6697,2.66970,2.000
2,14.188,0.09,2.7323,2.73230,2.000
2,14.250,0.14,2.7948,2.79480,2.000
2,14.312,0.20,2.8572,2.85720,2.000
2,14.375,0.29,2.9198,2.91985,2.000
2,14.438,0.39,2.9823,2.98228,2.000
2,14.500,0.52,3.0449,3.04490,2.000
2,14.562,0.66,3.1073,3.10727,2.000
2,14.625,0.83,3.1697,3.16975,2.000
2,14.688,1.02,3.2322,3.23223,2.000
2,14.750,1.23,3.2948,3.29480,2.000
2,14.812,1.48,3.3574,3.35742,2.000
2,14.875,1.74,3.4197,3.41975,2.000
2,14.938,2.02,3.4823,3.48230,2.000
2,15.000,2.34,3.5447,3.54470,2.000
2,15.062,2.69,3.6074,3.60735,2.000
2,15.125,3.08,3.6698,3.66980,2.000
2,15.188,3.48,3.7323,3.73233,2.000
2,15.250,3.91,3.7949,3.79490,2.000
2,15.312,4.39,3.8573,3.85730,2.000
2,15.375,4.89,3.9199,3.91990,2.000
2,15.500,5.23,3.9451,3.94510,2.000
2,15.562,4.50,3.8831,3.88308,2.000
2,15.625,3.90,3.8205,3.82050,2.000
2,15.688,3.39,3.7581,3.75810,2.000
2,15.750,2.93,3.6955,3.69550,2.000
2,15.812,2.52,3.6331,3.63313,2.000
2,15.875,2.16,3.5705,3.57050,2.000
2,15.938,1.83,3.5081,3.50808,2.000
2,16.000,1.54,3.4455,3.44550,2.000
2,16.062,1.29,3.3829,3.38292,2.000
2,16.125,1.05,3.3207,3.32065,2.000
2,16.188,0.86,3.2580,3.25800,2.000
2,16.250,0.68,3.1955,3.19550,2.000
2,16.312,0.53,3.1329,3.13292,2.000
2,16.375,0.40,3.0704,3.07045,2.000
2,16.438,0.29,3.0081,3.00805,2.000
2,16.500,0.20,2.9455,2.94550,2.000
2,16.562,0.13,2.8830,2.88300,2.000
2,16.625,0.09,2.8204,2.82035,2.000
2,16.688,0.06,2.7580,2.75803,2.000
2,16.750,0.03,2.6953,2.69530,2.000
2,16.812,0.01,2.6329,2.63295,2.000
2,16.875,0.00,2.5703,2.57030,2.000
2,16.938,0.00,2.5080,2.50795,2.000
2,17.000,0.00,2.4455,2.44550,2.000
2,17.062,-0.01,2.3830,2.38297,2.000
2,17.125,-0.01,2.3205,2.32050,2.000
2,17.188,-0.01,2.2578,2.25783,2.000
2,17.250,0.00,2.1955,2.19550,2.000
2,17.312,-0.01,2.1328,2.13285,2.000
2,17.375,-0.01,2.0704,2.07045,2.000
2,17.438,-0.01,2.0079,2.00793,2.000
2,17.500,-0.02,1.9454,1.94540,2.000
2,17.562,-0.01,1.8830,1.88300,2.000
2,17.625,-0.01,1.8204,1.82045,2.000
2,17.688,-0.02,1.7580,1.75800,2.000
2,17.750,0.00,1.6954,1.69540,2.000
2,17.812,0.00,1.6330,1.63300,2.000
2,17.875,-0.01,1.5704,1.57040,2.000
2,17.938,0.00,1.5080,1.50798,2.000
2,18.000,-0.02,1.4455,1.44550,2.000
2,18.062,-0.01,1.3828,1.38285,2.000
2,18.125,-0.01,1.3204,1.32035,2.000
2,18.188,0.00,1.2578,1.25775,2.000
2,18.250,-0.02,1.1954,1.19540,2.000
2,18.312,0.00,1.1327,1.13267,2.000
2,18.375,-0.01,1.0704,1.07035,2.000
2,18.438,-0.01,1.0078,1.00780,2.000
2,18.500,-0.01,0.9454,0.94540,2.000
2,18.562,-0.01,0.8829,0.88292,2.000
2,18.625,-0.01,0.8204,0.82045,2.000
2,18.688,0.00,0.7579,0.75790,2.000
2,18.750,0.00,0.6951,0.69510,2.000
2,18.812,0.00,0.6328,0.63277,2.000
2,18.875,-0.01,0.5702,0.57020,2.000
2,18.938,-0.01,0.5079,0.50785,2.000
2,19.000,-0.01,0.4453,0.44530,2.000
2,19.062,-0.01,0.3828,0.38285,2.000
2,19.125,-0.01,0.3204,0.32035,2.000
2,19.188,0.00,0.2577,0.25770,2.000
2,19.250,0.00,0.1952,0.19520,2.000
2,19.312,-0.01,0.1326,0.13262,2.000
2,19.375,-0.01,0.0703,0.07030,2.000
2,19.438,-0.01,0.0077,0.00768,2.000
2,19.562,-0.01,-0.0327,-0.03272,2.000
2,19.625,-0.01,-0.0002,-0.00020,2.000
2,19.688,-0.01,-0.0002,-0.00020,2.000
2,19.750,-0.01,-0.0002,-0.00020,2.000
2,19.812,-0.01,-0.0002,-0.00020,2.000
2,19.875,-0.01,-0.0002,-0.00020,2.000
2,19.938,-0.01,-0.0002,-0.00020,2.000
2,20.000,0.00,-0.0002,-0.00020,2.000
2,20.062,0.00,-0.0002,-0.00020,2.000
2,20.125,-0.01,-0.0002,-0.00020,2.000
2,20.188,-0.01,-0.0002,-0.00020,2.000
2,20.250,-0.01,-0.0002,-0.00020,2.000
2,20.312,-0.01,-0.0002,-0.00020,2.000
2,20.375,-0.01,-0.0002,-0.00020,2.000
2,20.438,-0.01,-0.0002,-0.00020,2.000
2,20.500,0.00,-0.0002,-0.00020,2.000
2,20.562,-0.01,-0.0002,-0.00020,2.000
2,20.625,-0.01,-0.0002,-0.00020,2.000
2,20.688,-0.01,-0.0002,-0.00020,2.000
2,20.750,-0.01,-0.0002,-0.00020,2.000
2,20.812,-0.01,-0.0002,-0.00020,2.000
2,20.875,-0.01,-0.0002,-0.00020,2.000
2,20.938,-0.01,-0.0002,-0.00020,2.000
2,21.000,-0.01,-0.0002,-0.00020,2.000
2,21.062,-0.01,-0.0002,-0.00020,2.000
2,21.125,-0.01,-0.0002,-0.00020,2.000
2,21.188,0.00,-0.0002,-0.00020,2.000
2,21.250,-0.01,-0.0002,-0.00020,2.000
2,21.312,-0.01,-0.0002,-0.00020,2.000
2,21.375,-0.01,-0.0002,-0.00020,2.000
2,21.438,-0.01,-0.0002,-0.00020,2.000
2,21.500,-0.01,-0.0001,-0.00010,2.000
2,21.562,-0.01,-0.0001,-0.00010,2.000
2,21.625,-0.01,-0.0001,-0.00010,2.000
2,21.688,-0.01,-0.0001,-0.00010,2.000
2,21.750,-0.01,-0.0001,-0.00010,2.000
2,21.812,-0.01,-0.0001,-0.00010,2.000
2,21.875,0.00,-0.0001,-0.00010,2.000
2,21.938,-0.01,-0.0001,-0.00010,2.000
2,22.000,-0.01,-0.0001,-0.00010,2.000
2,22.062,-0.01,-0.0001,-0.00010,2.000
2,22.125,-0.01,-0.0001,-0.00010,2.000
2,22.188,0.00,-0.0001,-0.00010,2.000
2,22.250,-0.01,-0.0001,-0.00010,2.000
2,22.312,0.00,-0.0001,-0.00010,2.000
2,22.375,-0.01,-0.0001,-0.00010,2.000
2,22.438,-0.01,-0.0001,-0.00010,2.000
2,22.500,-0.01,-0.0001,-0.00010,2.000
3,22.812,0.00,0.0969,0.09693,3.000
3,22.875,0.00,0.1595,0.15950,3.000
3,22.938,-0.01,0.2220,0.22205,3.000
3,23.000,-0.01,0.2846,0.28460,3.000
3,23.062,-0.01,0.3472,0.34720,3.000
3,23.125,0.00,0.4096,0.40960,3.000
3,23.188,0.00,0.4722,0.47222,3.000
3,23.250,0.00,0.5345,0.53450,3.000
3,23.312,0.00,0.5971,0.59713,3.000
3,23.375,-0.01,0.6594,0.65945,3.000
3,23.438,0.00,0.7222,0.72220,3.000
3,23.500,0.00,0.7848,0.78480,3.000
3,23.562,0.00,0.8473,0.84725,3.000
3,23.625,0.00,0.9097,0.90970,3.000
3,23.688,0.00,0.9721,0.97212,3.000
3,23.750,0.00,1.0348,1.03480,3.000
3,23.812,-0.01,1.0971,1.09710,3.000
3,23.875,0.00,1.1597,1.15970,3.000
3,23.938,-0.01,1.2222,1.22217,3.000
3,24.000,0.00,1.2847,1.28470,3.000
3,24.062,0.00,1.3471,1.34712,3.000
3,24.125,0.00,1.4096,1.40965,3.000
3,24.188,0.01,1.4722,1.47220,3.000
3,24.250,0.01,1.5346,1.53460,3.000
3,24.312,-0.01,1.5972,1.59725,3.000
3,24.375,0.00,1.6596,1.65965,3.000
3,24.438,0.00,1.7223,1.72235,3.000
3,24.500,0.01,1.7847,1.78470,3.000
3,24.562,0.00,1.8473,1.84730,3.000
3,24.625,0.00,1.9098,1.90975,3.000
3,24.688,-0.01,1.9721,1.97215,3.000
3,24.750,0.01,2.0348,2.03480,3.000
3,24.812,0.00,2.0971,2.09715,3.000
3,24.875,-0.01,2.1598,2.15980,3.000
3,24.938,0.00,2.2222,2.22220,3.000
3,25.000,0.00,2.2848,2.28480,3.000
3,25.062,0.01,2.3472,2.34725,3.000
3,25.125,0.00,2.4098,2.40980,3.000
3,25.188,0.01,2.4724,2.47237,3.000
3,25.250,0.03,2.5347,2.53470,3.000
3,25.312,0.04,2.5973,2.59727,3.000
3,25.375,0.06,2.6596,2.65965,3.000
3,25.438,0.09,2.7224,2.72237,3.000
3,25.500,0.14,2.7847,2.78470,3.000
3,25.562,0.20,2.8473,2.84730,3.000
3,25.625,0.28,2.9098,2.90980,3.000
3,25.688,0.38,2.9723,2.97232,3.000
3,25.750,0.50,3.0348,3.03480,3.000
3,25.812,0.64,3.0972,3.09720,3.000
3,25.875,0.81,3.1598,3.15975,3.000
3,25.938,0.99,3.2222,3.22220,3.000
3,26.000,1.20,3.2850,3.28500,3.000
3,26.062,1.44,3.3473,3.34732,3.000
3,26.125,1.70,3.4098,3.40980,3.000
3,26.188,1.99,3.4722,3.47225,3.000
3,26.250,2.30,3.5348,3.53480,3.000
3,26.312,2.64,3.5974,3.59740,3.000
3,26.375,3.01,3.6598,3.65975,3.000
3,26.438,3.42,3.7224,3.72245,3.000
3,26.500,3.85,3.7848,3.78480,3.000
3,26.562,4.32,3.8474,3.84740,3.000
3,26.625,4.82,3.9098,3.90980,3.000
3,26.750,5.49,3.9743,3.97430,3.000
3,26.812,4.80,3.9130,3.91300,3.000
3,26.875,4.17,3.8506,3.85055,3.000
3,26.938,3.61,3.7879,3.78790,3.000
3,27.000,3.14,3.7256,3.72560,3.000
3,27.062,2.71,3.6630,3.66300,3.000
3,27.125,2.31,3.6006,3.60065,3.000
3,27.188,1.97,3.5380,3.53798,3.000
3,27.250,1.68,3.4756,3.47560,3.000
3,27.312,1.41,3.4130,3.41303,3.000
3,27.375,1.16,3.3506,3.35055,3.000
3,27.438,0.95,3.2882,3.28815,3.000
3,27.500,0.77,3.2254,3.22540,3.000
3,27.562,0.60,3.1630,3.16300,3.000
3,27.625,0.46,3.1004,3.10040,3.000
3,27.688,0.35,3.0381,3.03810,3.000
3,27.750,0.24,2.9755,2.97550,3.000
3,27.812,0.17,2.9131,2.91305,3.000
3,27.875,0.11,2.8505,2.85045,3.000
3,27.938,0.07,2.7880,2.78800,3.000
3,28.000,0.04,2.7255,2.72550,3.000
3,28.062,0.02,2.6629,2.66288,3.000
3,28.125,0.01,2.6004,2.60045,3.000
3,28.188,0.01,2.5379,2.53788,3.000
3,28.250,0.00,2.4756,2.47560,3.000
3,28.312,0.00,2.4129,2.41293,3.000
3,28.375,0.00,2.3505,2.35050,3.000
3,28.438,0.00,2.2880,2.28795,3.000
3,28.500,0.00,2.2254,2.22540,3.000
3,28.562,-0.01,2.1630,2.16300,3.000
3,28.625,0.00,2.1004,2.10040,3.000
3,28.688,0.00,2.0380,2.03798,3.000
3,28.750,0.00,1.9752,1.97520,3.000
3,28.812,-0.01,1.9130,1.91295,3.000
3,28.875,-0.01,1.8504,1.85040,3.000
3,28.938,0.00,1.7880,1.78800,3.000
3,29.000,0.00,1.7255,1.72550,3.000
3,29.062,-0.01,1.6628,1.66283,3.000
3,29.125,0.00,1.6005,1.60050,3.000
3,29.188,-0.01,1.5378,1.53783,3.000
3,29.250,0.00,1.4754,1.47540,3.000
3,29.312,-0.01,1.4129,1.41285,3.000
3,29.375,-0.01,1.3504,1.35035,3.000
3,29.438,0.00,1.2879,1.28785,3.000
3,29.500,-0.01,1.2254,1.22540,3.000
3,29.562,0.00,1.1629,1.16288,3.000
3,29.625,0.00,1.1003,1.10030,3.000
3,29.688,0.00,1.0379,1.03788,3.000
3,29.750,0.00,0.9753,0.97530,3.000
3,29.812,0.00,0.9129,0.91288,3.000
3,29.875,0.00,0.8504,0.85040,3.000
3,29.938,0.00,0.7879,0.78793,3.000
3,30.000,0.00,0.7254,0.72540,3.000
3,30.062,0.00,0.6628,0.66275,3.000
3,30.125,0.00,0.6003,0.60025,3.000
3,30.188,0.00,0.5377,0.53773,3.000
3,30.250,0.00,0.4754,0.47540,3.000
3,30.312,-0.01,0.4127,0.41270,3.000
3,30.375,0.00,0.3504,0.35035,3.000
3,30.438,0.00,0.2878,0.28775,3.000
3,30.500,0.00,0.2252,0.22520,3.000
3,30.562,0.00,0.1628,0.16278,3.000
3,30.625,0.00,0.1002,0.10020,3.000
3,30.688,0.00,0.0378,0.03775,3.000
3,30.750,0.00,-0.0247,-0.02470,3.000
3,30.875,0.00,-0.0044,-0.00440,3.000
3,30.938,-0.01,-0.0002,-0.00020,3.000
3,31.000,0.00,-0.0002,-0.00020,3.000
3,31.062,0.00,-0.0002,-0.00020,3.000
3,31.125,0.00,-0.0002,-0.00020,3.000
3,31.188,-0.01,-0.0002,-0.00020,3.000
3,31.250,0.00,-0.0002,-0.00020,3.000
3,31.312,0.00,-0.0002,-0.00020,3.000
3,31.375,0.00,-0.0002,-0.00020,3.000
3,31.438,0.00,-0.0002,-0.00020,3.000
3,31.500,-0.01,-0.0002,-0.00020,3.000
3,31.562,0.00,-0.0002,-0.00020,3.000
3,31.625,0.00,-0.0002,-0.00020,3.000
3,31.688,0.00,-0.0002,-0.00020,3.000
3,31.750,0.00,-0.0002,-0.00020,3.000
3,31.812,0.00,-0.0002,-0.00020,3.000
3,31.875,0.00,-0.0002,-0.00020,3.000
3,31.938,0.00,-0.0002,-0.00020,3.000
3,32.000,-0.01,-0.0002,-0.00020,3.000
3,32.062,-0.01,-0.0002,-0.00020,3.000
3,32.125,0.00,-0.0002,-0.00020,3.000
3,32.188,0.00,-0.0002,-0.00020,3.000
3,32.250,0.00,-0.0002,-0.00020,3.000
3,32.312,0.00,-0.0002,-0.00020,3.000
3,32.375,0.00,-0.0002,-0.00020,3.000
3,32.438,0.00,-0.0002,-0.00020,3.000
3,32.500,-0.01,-0.0002,-0.00020,3.000
3,32.562,0.00,-0.0002,-0.00020,3.000
3,32.625,-0.01,-0.0001,-0.00010,3.000
3,32.688,-0.01,-0.0001,-0.00010,3.000
3,32.750,-0.01,-0.0001,-0.00010,3.000
3,32.812,-0.01,-0.0001,-0.00010,3.000
3,32.875,0.00,-0.0001,-0.00010,3.000
3,32.938,0.00,-0.0001,-0.00010,3.000
3,33.000,-0.02,-0.0001,-0.00010,3.000
3,33.062,0.00,-0.0001,-0.00010,3.000
3,33.125,-0.01,-0.0001,-0.00010,3.000
3,33.188,0.00,-0.0001,-0.00010,3.000
3,33.250,0.00,-0.0001,-0.00010,3.000
3,33.312,0.00,-0.0001,-0.00010,3.000
3,33.375,-0.01,-0.0001,-0.00010,3.000
3,33.438,0.00,-0.0001,-0.00010,3.000
3,33.500,0.00,-0.0001,-0.00010,3.000
3,33.562,0.00,-0.0001,-0.00010,3.000
3,33.625,0.00,-0.0001,-0.00010,3.000
3,33.688,0.00,-0.0001,-0.00010,3.000
3,33.750,-0.01,-0.0001,-0.00010,3.000
3,33.812,0.00,-0.0001,-0.00010,3.000
4,34.000,0.00,0.0000,0.00000,4.000
4,34.062,0.00,0.0312,0.03122,4.000
4,34.125,-0.02,0.0934,0.09340,4.000
4,34.188,-0.01,0.1561,0.15610,4.000
4,34.250,-0.02,0.2185,0.21850,4.000
4,34.312,-0.01,0.2811,0.28115,4.000
4,34.375,-0.01,0.3436,0.34365,4.000
4,34.438,-0.01,0.4061,0.40608,4.000
4,34.500,0.00,0.4687,0.46870,4.000
4,34.562,0.00,0.5311,0.53110,4.000
4,34.625,-0.01,0.5936,0.59360,4.000
4,34.688,-0.01,0.6559,0.65590,4.000
4,34.750,-0.01,0.7187,0.71870,4.000
4,34.812,-0.01,0.7812,0.78122,4.000
4,34.875,0.00,0.8438,0.84375,4.000
4,34.938,0.00,0.9063,0.90625,4.000
4,35.000,-0.01,0.9686,0.96860,4.000
4,35.062,-0.01,1.0312,1.03120,4.000
4,35.125,-0.01,1.0936,1.09355,4.000
4,35.188,-0.01,1.1562,1.15620,4.000
4,35.250,0.00,1.2186,1.21860,4.000
4,35.312,0.00,1.2812,1.28122,4.000
4,35.375,0.00,1.3436,1.34360,4.000
4,35.438,-0.01,1.4061,1.40613,4.000
4,35.500,0.00,1.4687,1.46870,4.000
4,35.562,-0.01,1.5312,1.53120,4.000
4,35.625,0.00,1.5938,1.59380,4.000
4,35.688,-0.01,1.6562,1.65620,4.000
4,35.750,-0.02,1.7189,1.71890,4.000
4,35.812,-0.01,1.7812,1.78117,4.000
4,35.875,0.00,1.8438,1.84380,4.000
4,35.938,-0.01,1.9062,1.90618,4.000
4,36.000,0.00,1.9686,1.96860,4.000
4,36.062,0.00,2.0311,2.03115,4.000
4,36.125,0.00,2.0937,2.09370,4.000
4,36.188,0.00,2.1562,2.15623,4.000
4,36.250,-0.01,2.2186,2.21860,4.000
4,36.312,-0.01,2.2812,2.28122,4.000
4,36.375,-0.01,2.3437,2.34370,4.000
4,36.438,0.00,2.4064,2.40638,4.000
4,36.500,0.00,2.4688,2.46880,4.000
4,36.562,0.02,2.5312,2.53117,4.000
4,36.625,0.04,2.5937,2.59370,4.000
4,36.688,0.06,2.6561,2.65605,4.000
4,36.750,0.09,2.7188,2.71880,4.000
4,36.812,0.13,2.7811,2.78112,4.000
4,36.875,0.19,2.8438,2.84380,4.000
4,36.938,0.27,2.9063,2.90625,4.000
4,37.000,0.36,2.9689,2.96890,4.000
4,37.062,0.49,3.0313,3.03130,4.000
4,37.125,0.63,3.0938,3.09375,4.000
4,37.188,0.79,3.1562,3.15623,4.000
4,37.250,0.98,3.2186,3.21860,4.000
4,37.312,1.19,3.2814,3.28140,4.000
4,37.375,1.42,3.3438,3.34385,4.000
4,37.438,1.68,3.4064,3.40640,4.000
4,37.500,1.97,3.4688,3.46880,4.000
4,37.562,2.28,3.5313,3.53135,4.000
4,37.625,2.62,3.5938,3.59380,4.000
4,37.688,2.98,3.6563,3.65630,4.000
4,37.750,3.39,3.7189,3.71890,4.000
4,37.812,3.82,3.7813,3.78130,4.000
4,37.875,4.27,3.8438,3.84385,4.000
4,37.938,4.75,3.9063,3.90630,4.000
4,38.062,5.39,3.9663,3.96625,4.000
4,38.125,4.70,3.9044,3.90440,4.000
4,38.188,4.07,3.8420,3.84202,4.000
4,38.250,3.54,3.7796,3.77960,4.000
4,38.312,3.07,3.7172,3.71715,4.000
4,38.375,2.64,3.6546,3.65455,4.000
4,38.438,2.26,3.5920,3.59202,4.000
4,38.500,1.93,3.5296,3.52960,4.000
4,38.562,1.63,3.4669,3.46690,4.000
4,38.625,1.36,3.4046,3.40455,4.000
4,38.688,1.13,3.3421,3.34207,4.000
4,38.750,0.91,3.2797,3.27970,4.000
4,38.812,0.74,3.2170,3.21695,4.000
4,38.875,0.58,3.1545,3.15450,4.000
4,38.938,0.44,3.0919,3.09195,4.000
4,39.000,0.32,3.0295,3.02950,4.000
4,39.062,0.23,2.9670,2.96695,4.000
4,39.125,0.16,2.9044,2.90440,4.000
4,39.188,0.10,2.8420,2.84205,4.000
4,39.250,0.06,2.7794,2.77940,4.000
4,39.312,0.03,2.7170,2.71700,4.000
4,39.375,0.02,2.6544,2.65435,4.000
4,39.438,0.00,2.5919,2.59190,4.000
4,39.500,-0.01,2.5295,2.52950,4.000
4,39.562,0.00,2.4669,2.46690,4.000
4,39.625,-0.01,2.4046,2.40455,4.000
4,39.688,-0.01,2.3418,2.34185,4.000
4,39.750,-0.01,2.2796,2.27960,4.000
4,39.812,-0.01,2.2168,2.21678,4.000
4,39.875,-0.01,2.1544,2.15445,4.000
4,39.938,0.00,2.0918,2.09185,4.000
4,40.000,0.00,2.0295,2.02950,4.000
4,40.062,-0.01,1.9669,1.96688,4.000
4,40.125,-0.02,1.9044,1.90435,4.000
4,40.188,-0.01,1.8420,1.84197,4.000
4,40.250,0.00,1.7794,1.77940,4.000
4,40.312,-0.01,1.7170,1.71698,4.000
4,40.375,-0.01,1.6544,1.65435,4.000
4,40.438,0.00,1.5920,1.59200,4.000
4,40.500,0.00,1.5294,1.52940,4.000
4,40.562,0.00,1.4670,1.46700,4.000
4,40.625,0.00,1.4044,1.40440,4.000
4,40.688,0.00,1.3417,1.34175,4.000
4,40.750,-0.02,1.2793,1.27930,4.000
4,40.812,0.00,1.2168,1.21675,4.000
4,40.875,0.00,1.1544,1.15440,4.000
4,40.938,0.00,1.0918,1.09177,4.000
4,41.000,0.00,1.0295,1.02950,4.000
4,41.062,-0.01,0.9668,0.96683,4.000
4,41.125,-0.01,0.9043,0.90430,4.000
4,41.188,0.00,0.8420,0.84197,4.000
4,41.250,-0.01,0.7794,0.77940,4.000
4,41.312,-0.01,0.7168,0.71683,4.000
4,41.375,0.00,0.6542,0.65415,4.000
4,41.438,-0.01,0.5918,0.59180,4.000
4,41.500,0.00,0.5293,0.52930,4.000
4,41.562,-0.01,0.4670,0.46695,4.000
4,41.625,-0.01,0.4043,0.40430,4.000
4,41.688,-0.01,0.3417,0.34175,4.000
4,41.750,0.00,0.2792,0.27920,4.000
4,41.812,-0.01,0.2166,0.21663,4.000
4,41.875,-0.01,0.1542,0.15425,4.000
4,41.938,-0.02,0.0916,0.09160,4.000
4,42.000,-0.01,0.0292,0.02920,4.000
4,42.125,-0.01,-0.0259,-0.02590,4.000
4,42.188,-0.01,-0.0001,-0.00012,4.000
4,42.250,-0.01,-0.0001,-0.00010,4.000
4,42.312,-0.01,-0.0001,-0.00010,4.000
4,42.375,-0.02,-0.0001,-0.00010,4.000
4,42.438,-0.01,-0.0001,-0.00010,4.000
4,42.500,-0.01,-0.0001,-0.00010,4.000
4,42.562,-0.01,-0.0001,-0.00010,4.000
4,42.625,-0.01,-0.0001,-0.00010,4.000
4,42.688,0.00,-0.0001,-0.00010,4.000
4,42.750,-0.02,-0.0001,-0.00010,4.000
4,42.812,-0.01,-0.0001,-0.00010,4.000
4,42.875,-0.02,-0.0001,-0.00010,4.000
4,42.938,-0.01,-0.0001,-0.00010,4.000
4,43.000,-0.02,-0.0001,-0.00010,4.000
4,43.062,-0.01,-0.0001,-0.00010,4.000
4,43.125,-0.01,-0.0001,-0.00010,4.000
4,43.188,-0.01,-0.0001,-0.00010,4.000
4,43.250,-0.01,-0.0001,-0.00010,4.000
4,43.312,0.00,-0.0001,-0.00010,4.000
4,43.375,-0.01,-0.0001,-0.00010,4.000
4,43.438,0.00,-0.0001,-0.00010,4.000
4,43.500,-0.01,-0.0001,-0.00010,4.000
4,43.562,-0.01,-0.0001,-0.00010,4.000
4,43.625,-0.01,-0.0001,-0.00010,4.000
4,43.688,-0.01,-0.0001,-0.00010,4.000
4,43.750,-0.01,-0.0001,-0.00010,4.000
4,43.812,-0.01,-0.0001,-0.00010,4.000
4,43.875,-0.01,-0.0001,-0.00010,4.000
4,43.938,-0.01,-0.0001,-0.00010,4.000
4,44.000,-0.01,-0.0001,-0.00010,4.000
4,44.062,-0.01,-0.0001,-0.00010,4.000
4,44.125,-0.01,-0.0001,-0.00010,4.000
4,44.188,-0.01,-0.0001,-0.00010,4.000
4,44.250,-0.03,-0.0001,-0.00010,4.000
4,44.312,-0.02,-0.0001,-0.00010,4.000
4,44.375,0.00,-0.0001,-0.00010,4.000
4,44.438,-0.02,-0.0001,-0.00010,4.000
4,44.500,0.00,-0.0001,-0.00010,4.000
4,44.562,-0.01,-0.0001,-0.00010,4.000
4,44.625,-0.01,-0.0001,-0.00010,4.000
4,44.688,-0.01,-0.0001,-0.00010,4.000
4,44.750,-0.01,-0.0001,-0.00010,4.000
4,44.812,-0.01,-0.0001,-0.00010,4.000
4,44.875,-0.01,-0.0001,-0.00010,4.000
4,44.938,-0.01,-0.0001,-0.00010,4.000
4,45.000,0.00,-0.0001,-0.00010,4.000
4,45.062,0.00,-0.0001,-0.00010,4.000
5,45.375,0.00,0.0795,0.07950,5.000
5,45.438,0.00,0.1419,0.14190,5.000
5,45.500,0.00,0.2045,0.20450,5.000
5,45.562,0.00,0.2671,0.26710,5.000
5,45.625,0.00,0.3296,0.32955,5.000
5,45.688,0.00,0.3921,0.39213,5.000
5,45.750,0.02,0.4545,0.45450,5.000
5,45.812,0.01,0.5172,0.51720,5.000
5,45.875,0.00,0.5794,0.57945,5.000
5,45.938,0.00,0.6419,0.64193,5.000
5,46.000,0.00,0.7046,0.70460,5.000
5,46.062,0.01,0.7672,0.76717,5.000
5,46.125,0.00,0.8297,0.82970,5.000
5,46.188,0.00,0.8921,0.89208,5.000
5,46.250,0.01,0.9547,0.95470,5.000
5,46.312,0.01,1.0170,1.01702,5.000
5,46.375,0.01,1.0797,1.07970,5.000
5,46.438,0.00,1.1421,1.14205,5.000
5,46.500,0.00,1.2047,1.20470,5.000
5,46.562,0.00,1.2671,1.26712,5.000
5,46.625,0.01,1.3296,1.32955,5.000
5,46.688,0.01,1.3922,1.39215,5.000
5,46.750,0.01,1.4546,1.45460,5.000
5,46.812,0.01,1.5172,1.51722,5.000
5,46.875,0.01,1.5796,1.57965,5.000
5,46.938,0.01,1.6424,1.64235,5.000
5,47.000,0.01,1.7047,1.70470,5.000
5,47.062,0.01,1.7673,1.76732,5.000
5,47.125,0.01,1.8298,1.82975,5.000
5,47.188,0.00,1.8922,1.89215,5.000
5,47.250,0.01,1.9547,1.95470,5.000
5,47.312,0.00,2.0171,2.01710,5.000
5,47.375,0.01,2.0798,2.07975,5.000
5,47.438,0.01,2.1422,2.14218,5.000
5,47.500,0.00,2.2048,2.20480,5.000
5,47.562,0.00,2.2671,2.26715,5.000
5,47.625,0.01,2.3297,2.32970,5.000
5,47.688,0.01,2.3923,2.39233,5.000
5,47.750,0.03,2.4547,2.45470,5.000
5,47.812,0.03,2.5173,2.51730,5.000
5,47.875,0.04,2.5796,2.57960,5.000
5,47.938,0.07,2.6423,2.64228,5.000
5,48.000,0.09,2.7046,2.70460,5.000
5,48.062,0.13,2.7673,2.76727,5.000
5,48.125,0.19,2.8297,2.82970,5.000
5,48.188,0.27,2.8922,2.89220,5.000
5,48.250,0.36,2.9548,2.95480,5.000
5,48.312,0.47,3.0172,3.01720,5.000
5,48.375,0.62,3.0798,3.07980,5.000
5,48.438,0.77,3.1421,3.14213,5.000
5,48.500,0.97,3.2047,3.20470,5.000
5,48.562,1.15,3.2673,3.26730,5.000
5,48.625,1.38,3.3299,3.32990,5.000
5,48.688,1.63,3.3923,3.39230,5.000
5,48.750,1.92,3.4548,3.45480,5.000
5,48.812,2.22,3.5173,3.51732,5.000
5,48.875,2.55,3.5797,3.57975,5.000
5,48.938,2.92,3.6424,3.64238,5.000
5,49.000,3.32,3.7048,3.70480,5.000
5,49.062,3.74,3.7674,3.76737,5.000
5,49.125,4.17,3.8298,3.82980,5.000
5,49.188,4.67,3.8923,3.89233,5.000
5,49.250,5.18,3.9549,3.95490,5.000
5,49.312,5.45,3.9705,3.97048,5.000
5,49.375,4.81,3.9125,3.91245,5.000
5,49.438,4.17,3.8501,3.85007,5.000
5,49.500,3.62,3.7874,3.78740,5.000
5,49.562,3.14,3.7251,3.72510,5.000
5,49.625,2.71,3.6625,3.66245,5.000
5,49.688,2.33,3.6000,3.60002,5.000
5,49.750,1.99,3.5375,3.53750,5.000
5,49.812,1.67,3.4751,3.47505,5.000
5,49.875,1.42,3.4125,3.41250,5.000
5,49.938,1.17,3.3500,3.35005,5.000
5,50.000,0.96,3.2876,3.28760,5.000
5,50.062,0.78,3.2249,3.22490,5.000
5,50.125,0.62,3.1625,3.16250,5.000
5,50.188,0.48,3.0998,3.09982,5.000
5,50.250,0.36,3.0376,3.03760,5.000
5,50.312,0.26,2.9750,2.97495,5.000
5,50.375,0.18,2.9125,2.91250,5.000
5,50.438,0.12,2.8499,2.84990,5.000
5,50.500,0.07,2.7874,2.78740,5.000
5,50.562,0.05,2.7250,2.72495,5.000
5,50.625,0.04,2.6623,2.66230,5.000
5,50.688,0.02,2.5998,2.59985,5.000
5,50.750,0.02,2.5373,2.53730,5.000
5,50.812,0.01,2.4751,2.47505,5.000
5,50.875,0.02,2.4125,2.41245,5.000
5,50.938,0.02,2.3499,2.34992,5.000
5,51.000,0.01,2.2874,2.28740,5.000
5,51.062,0.01,2.2250,2.22495,5.000
5,51.125,0.01,2.1625,2.16250,5.000
5,51.188,0.01,2.0998,2.09982,5.000
5,51.250,0.01,2.0374,2.03740,5.000
5,51.312,0.01,1.9748,1.97475,5.000
5,51.375,0.00,1.9124,1.91240,5.000
5,51.438,0.00,1.8499,1.84995,5.000
5,51.500,0.00,1.7875,1.78750,5.000
5,51.562,0.01,1.7249,1.72493,5.000
5,51.625,0.01,1.6623,1.66230,5.000
5,51.688,0.01,1.6000,1.59997,5.000
5,51.750,0.01,1.5374,1.53740,5.000
5,51.812,0.01,1.4750,1.47500,5.000
5,51.875,0.01,1.4124,1.41235,5.000
5,51.938,0.00,1.3499,1.34990,5.000
5,52.000,0.00,1.2874,1.28740,5.000
5,52.062,0.01,1.2249,1.22485,5.000
5,52.125,0.01,1.1624,1.16240,5.000
5,52.188,0.01,1.0997,1.09972,5.000
5,52.250,-0.01,1.0374,1.03740,5.000
5,52.312,0.01,0.9748,0.97475,5.000
5,52.375,0.01,0.9124,0.91235,5.000
5,52.438,0.01,0.8499,0.84995,5.000
5,52.500,-0.01,0.7875,0.78750,5.000
5,52.562,0.00,0.7249,0.72485,5.000
5,52.625,0.01,0.6622,0.66220,5.000
5,52.688,0.01,0.5997,0.59975,5.000
5,52.750,0.01,0.5372,0.53720,5.000
5,52.812,0.00,0.4749,0.47488,5.000
5,52.875,0.01,0.4123,0.41225,5.000
5,52.938,0.01,0.3498,0.34985,5.000
5,53.000,0.01,0.2872,0.28720,5.000
5,53.062,0.01,0.2247,0.22468,5.000
5,53.125,0.01,0.1623,0.16225,5.000
5,53.188,0.00,0.0996,0.09965,5.000
5,53.250,0.01,0.0372,0.03720,5.000
5,53.375,0.01,-0.0353,-0.03525,5.000
5,53.438,0.01,-0.0001,-0.00010,5.000
5,53.500,0.01,-0.0002,-0.00020,5.000
5,53.562,0.01,-0.0002,-0.00020,5.000
5,53.625,0.01,-0.0002,-0.00020,5.000
5,53.688,0.00,-0.0002,-0.00020,5.000
5,53.750,0.01,-0.0002,-0.00020,5.000
5,53.812,0.01,-0.0002,-0.00020,5.000
5,53.875,0.01,-0.0002,-0.00020,5.000
5,53.938,0.00,-0.0002,-0.00020,5.000
5,54.000,0.01,-0.0002,-0.00020,5.000
5,54.062,0.01,-0.0002,-0.00020,5.000
5,54.125,0.00,-0.0002,-0.00020,5.000
5,54.188,0.01,-0.0002,-0.00020,5.000
5,54.250,0.01,-0.0002,-0.00020,5.000
5,54.312,0.01,-0.0002,-0.00020,5.000
5,54.375,0.00,-0.0002,-0.00020,5.000
5,54.438,0.00,-0.0002,-0.00020,5.000
5,54.500,0.01,-0.0002,-0.00020,5.000
5,54.562,0.01,-0.0002,-0.00020,5.000
5,54.625,0.00,-0.0002,-0.00020,5.000
5,54.688,0.00,-0.0002,-0.00020,5.000
5,54.750,0.01,-0.0002,-0.00020,5.000
5,54.812,0.00,-0.0002,-0.00020,5.000
5,54.875,0.00,-0.0002,-0.00020,5.000
5,54.938,0.01,-0.0002,-0.00020,5.000
5,55.000,0.02,-0.0002,-0.00020,5.000
5,55.062,0.01,-0.0002,-0.00020,5.000
5,55.125,0.01,-0.0002,-0.00020,5.000
5,55.188,0.01,-0.0002,-0.00020,5.000
5,55.250,0.00,-0.0002,-0.00020,5.000
5,55.312,-0.01,-0.0002,-0.00020,5.000
5,55.375,0.01,-0.0002,-0.00020,5.000
5,55.438,0.01,-0.0002,-0.00020,5.000
5,55.500,0.02,-0.0002,-0.00020,5.000
5,55.562,0.01,-0.0001,-0.00010,5.000
5,55.625,0.01,-0.0001,-0.00010,5.000
5,55.688,0.01,-0.0001,-0.00010,5.000
5,55.750,0.01,-0.0001,-0.00010,5.000
5,55.812,0.00,-0.0001,-0.00010,5.000
5,55.875,0.00,-0.0001,-0.00010,5.000
5,55.938,0.01,-0.0001,-0.00010,5.000
5,56.000,0.01,-0.0001,-0.00010,5.000
5,56.062,0.01,-0.0001,-0.00010,5.000
5,56.125,0.01,-0.0001,-0.00010,5.000
5,56.188,0.01,-0.0001,-0.00010,5.000
5,56.250,0.00,-0.0001,-0.00010,5.000
5,56.312,0.00,-0.0001,-0.00010,5.000
6,56.625,-0.01,0.0435,0.04355,6.000
6,56.688,0.00,0.1059,0.10593,6.000
6,56.750,-0.01,0.1684,0.16840,6.000
6,56.812,0.00,0.2311,0.23112,6.000
6,56.875,0.00,0.2935,0.29350,6.000
6,56.938,-0.01,0.3563,0.35628,6.000
6,57.000,0.01,0.4187,0.41870,6.000
6,57.062,-0.01,0.4813,0.48132,6.000
6,57.125,0.00,0.5436,0.54360,6.000
6,57.188,-0.01,0.6060,0.60600,6.000
6,57.250,-0.01,0.6686,0.66860,6.000
6,57.312,0.00,0.7311,0.73107,6.000
6,57.375,-0.01,0.7937,0.79375,6.000
6,57.438,-0.01,0.8561,0.85605,6.000
6,57.500,-0.02,0.9188,0.91880,6.000
6,57.562,0.00,0.9811,0.98112,6.000
6,57.625,-0.01,1.0437,1.04370,6.000
6,57.688,0.00,1.1061,1.10610,6.000
6,57.750,-0.01,1.1686,1.16860,6.000
6,57.812,0.00,1.2311,1.23115,6.000
6,57.875,0.00,1.2936,1.29360,6.000
6,57.938,0.00,1.3562,1.35620,6.000
6,58.000,0.00,1.4186,1.41860,6.000
6,58.062,0.00,1.4813,1.48127,6.000
6,58.125,0.00,1.5437,1.54370,6.000
6,58.188,-0.01,1.6063,1.60630,6.000
6,58.250,0.00,1.6687,1.66870,6.000
6,58.312,0.00,1.7313,1.73127,6.000
6,58.375,-0.01,1.7938,1.79385,6.000
6,58.438,0.00,1.8562,1.85620,6.000
6,58.500,-0.01,1.9187,1.91870,6.000
6,58.562,0.00,1.9811,1.98112,6.000
6,58.625,-0.01,2.0437,2.04375,6.000
6,58.688,-0.01,2.1063,2.10625,6.000
6,58.750,-0.01,2.1689,2.16890,6.000
6,58.812,0.00,2.2313,2.23127,6.000
6,58.875,0.00,2.2937,2.29375,6.000
6,58.938,0.00,2.3562,2.35623,6.000
6,59.000,-0.01,2.4187,2.41870,6.000
6,59.062,0.02,2.4814,2.48137,6.000
6,59.125,0.03,2.5437,2.54370,6.000
6,59.188,0.04,2.6062,2.60623,6.000
6,59.250,0.07,2.6687,2.66870,6.000
6,59.312,0.10,2.7312,2.73125,6.000
6,59.375,0.15,2.7937,2.79370,6.000
6,59.438,0.20,2.8562,2.85615,6.000
6,59.500,0.29,2.9189,2.91890,6.000
6,59.562,0.39,2.9812,2.98122,6.000
6,59.625,0.52,3.0439,3.04390,6.000
6,59.688,0.67,3.1062,3.10620,6.000
6,59.750,0.84,3.1688,3.16880,6.000
6,59.812,1.03,3.2312,3.23125,6.000
6,59.875,1.23,3.2938,3.29385,6.000
6,59.938,1.48,3.3564,3.35638,6.000
6,60.000,1.75,3.4188,3.41880,6.000
6,60.062,2.03,3.4813,3.48132,6.000
6,60.125,2.35,3.5437,3.54375,6.000
6,60.188,2.71,3.6064,3.60638,6.000
6,60.250,3.07,3.6687,3.66870,6.000
6,60.312,3.48,3.7314,3.73137,6.000
6,60.375,3.92,3.7938,3.79380,6.000
6,60.438,4.39,3.8563,3.85633,6.000
6,60.500,4.89,3.9189,3.91890,6.000
6,60.625,5.30,3.9545,3.95445,6.000
6,60.688,4.59,3.8920,3.89200,6.000
6,60.750,3.97,3.8295,3.82950,6.000
6,60.812,3.45,3.7671,3.76710,6.000
6,60.875,2.99,3.7045,3.70450,6.000
6,60.938,2.57,3.6421,3.64215,6.000
6,61.000,2.21,3.5795,3.57950,6.000
6,61.062,1.87,3.5171,3.51705,6.000
6,61.125,1.59,3.4545,3.45445,6.000
6,61.188,1.31,3.3920,3.39197,6.000
6,61.250,1.09,3.3297,3.32970,6.000
6,61.312,0.88,3.2670,3.26700,6.000
6,61.375,0.71,3.2046,3.20455,6.000
6,61.438,0.56,3.1419,3.14190,6.000
6,61.500,0.43,3.0796,3.07960,6.000
6,61.562,0.31,3.0170,3.01703,6.000
6,61.625,0.22,2.9545,2.95450,6.000
6,61.688,0.15,2.8919,2.89190,6.000
6,61.750,0.09,2.8294,2.82940,6.000
6,61.812,0.06,2.7670,2.76695,6.000
6,61.875,0.03,2.7044,2.70440,6.000
6,61.938,0.02,2.6420,2.64198,6.000
6,62.000,0.01,2.5792,2.57920,6.000
6,62.062,0.01,2.5170,2.51695,6.000
6,62.125,0.00,2.4544,2.45440,6.000
6,62.188,-0.01,2.3920,2.39203,6.000
6,62.250,-0.01,2.3294,2.32940,6.000
6,62.312,0.00,2.2669,2.26693,6.000
6,62.375,0.00,2.2044,2.20440,6.000
6,62.438,0.00,2.1419,2.14185,6.000
6,62.500,0.00,2.0795,2.07950,6.000
6,62.562,0.00,2.0168,2.01675,6.000
6,62.625,0.00,1.9544,1.95440,6.000
6,62.688,0.00,1.8919,1.89188,6.000
6,62.750,0.01,1.8295,1.82950,6.000
6,62.812,0.00,1.7670,1.76703,6.000
6,62.875,0.01,1.7044,1.70435,6.000
6,62.938,0.00,1.6420,1.64198,6.000
6,63.000,0.00,1.5794,1.57940,6.000
6,63.062,0.00,1.5170,1.51698,6.000
6,63.125,0.00,1.4544,1.45435,6.000
6,63.188,0.00,1.3919,1.39190,6.000
6,63.250,-0.01,1.3294,1.32940,6.000
6,63.312,-0.01,1.2669,1.26685,6.000
6,63.375,0.00,1.2044,1.20440,6.000
6,63.438,-0.01,1.1418,1.14175,6.000
6,63.500,-0.01,1.0793,1.07930,6.000
6,63.562,0.00,1.0168,1.01675,6.000
6,63.625,-0.01,0.9544,0.95440,6.000
6,63.688,0.00,0.8918,0.89180,6.000
6,63.750,0.00,0.8295,0.82950,6.000
6,63.812,-0.01,0.7669,0.76690,6.000
6,63.875,0.00,0.7043,0.70425,6.000
6,63.938,0.00,0.6417,0.64165,6.000
6,64.000,0.00,0.5791,0.57910,6.000
6,64.062,-0.01,0.5169,0.51688,6.000
6,64.125,0.00,0.4543,0.45430,6.000
6,64.188,0.00,0.3920,0.39195,6.000
6,64.250,0.00,0.3292,0.32920,6.000
6,64.312,0.00,0.2668,0.26678,6.000
6,64.375,-0.01,0.2042,0.20425,6.000
6,64.438,0.00,0.1417,0.14170,6.000
6,64.500,-0.01,0.0792,0.07920,6.000
6,64.562,0.00,0.0167,0.01665,6.000
6,64.688,0.00,-0.0138,-0.01380,6.000
6,64.750,0.01,-0.0001,-0.00010,6.000
6,64.812,0.00,-0.0001,-0.00010,6.000
6,64.875,0.00,-0.0001,-0.00010,6.000
6,64.938,-0.01,-0.0001,-0.00010,6.000
6,65.000,0.00,-0.0001,-0.00010,6.000
6,65.062,0.00,-0.0001,-0.00010,6.000
6,65.125,0.00,-0.0001,-0.00010,6.000
6,65.188,-0.01,-0.0001,-0.00010,6.000
6,65.250,0.00,-0.0001,-0.00010,6.000
6,65.312,0.00,-0.0001,-0.00010,6.000
6,65.375,0.00,-0.0001,-0.00010,6.000
6,65.438,0.00,-0.0001,-0.00010,6.000
6,65.500,0.00,-0.0001,-0.00010,6.000
6,65.562,0.00,-0.0001,-0.00010,6.000
6,65.625,-0.01,-0.0001,-0.00010,6.000
6,65.688,0.00,-0.0001,-0.00010,6.000
6,65.750,0.00,-0.0001,-0.00010,6.000
6,65.812,0.00,-0.0001,-0.00010,6.000
6,65.875,0.00,-0.0001,-0.00010,6.000
6,65.938,-0.01,-0.0001,-0.00010,6.000
6,66.000,-0.01,-0.0001,-0.00010,6.000
6,66.062,0.00,-0.0001,-0.00010,6.000
6,66.125,0.00,-0.0001,-0.00010,6.000
6,66.188,-0.01,-0.0001,-0.00010,6.000
6,66.250,0.00,-0.0001,-0.00010,6.000
6,66.312,0.00,-0.0001,-0.00010,6.000
6,66.375,0.00,-0.0001,-0.00010,6.000
6,66.438,0.00,-0.0001,-0.00010,6.000
6,66.500,-0.01,-0.0001,-0.00010,6.000
6,66.562,0.00,-0.0001,-0.00010,6.000
6,66.625,0.00,-0.0001,-0.00010,6.000
6,66.688,0.00,-0.0001,-0.00010,6.000
6,66.750,-0.01,-0.0001,-0.00010,6.000
6,66.812,-0.01,-0.0001,-0.00010,6.000
6,66.875,0.00,-0.0001,-0.00010,6.000
6,66.938,0.00,-0.0001,-0.00010,6.000
6,67.000,-0.01,-0.0001,-0.00010,6.000
6,67.062,0.00,-0.0001,-0.00010,6.000
6,67.125,0.00,-0.0001,-0.00010,6.000
6,67.188,0.00,-0.0001,-0.00010,6.000
6,67.250,-0.01,-0.0001,-0.00010,6.000
6,67.312,0.01,-0.0001,-0.00010,6.000
6,67.375,0.00,-0.0001,-0.00010,6.000
6,67.438,0.00,-0.0001,-0.00010,6.000
6,67.500,0.00,-0.0001,-0.00010,6.000
6,67.562,0.00,-0.0001,-0.00010,6.000
6,67.625,0.00,-0.0001,-0.00010,6.000
7,67.938,0.00,0.0760,0.07603,7.000
7,68.000,0.02,0.1384,0.13840,7.000
7,68.062,0.02,0.2010,0.20105,7.000
7,68.125,0.01,0.2636,0.26355,7.000
7,68.188,0.02,0.3260,0.32605,7.000
7,68.250,0.01,0.3886,0.38860,7.000
7,68.312,0.01,0.4511,0.45110,7.000
7,68.375,0.01,0.5137,0.51365,7.000
7,68.438,0.02,0.5759,0.57595,7.000
7,68.500,0.02,0.6385,0.63850,7.000
7,68.562,0.02,0.7010,0.70102,7.000
7,68.625,0.02,0.7636,0.76365,7.000
7,68.688,0.03,0.8262,0.82620,7.000
7,68.750,0.02,0.8886,0.88860,7.000
7,68.812,0.02,0.9512,0.95120,7.000
7,68.875,0.01,1.0136,1.01355,7.000
7,68.938,0.02,1.0762,1.07618,7.000
7,69.000,0.01,1.1385,1.13850,7.000
7,69.062,0.02,1.2012,1.20117,7.000
7,69.125,0.02,1.2636,1.26360,7.000
7,69.188,0.02,1.3261,1.32612,7.000
7,69.250,0.02,1.3886,1.38860,7.000
7,69.312,0.02,1.4512,1.45117,7.000
7,69.375,0.02,1.5138,1.51375,7.000
7,69.438,0.02,1.5762,1.57620,7.000
7,69.500,0.02,1.6388,1.63880,7.000
7,69.562,0.02,1.7011,1.70115,7.000
7,69.625,0.01,1.7638,1.76385,7.000
7,69.688,0.02,1.8262,1.82620,7.000
7,69.750,0.02,1.8887,1.88870,7.000
7,69.812,0.02,1.9511,1.95115,7.000
7,69.875,0.02,2.0137,2.01365,7.000
7,69.938,0.01,2.0763,2.07632,7.000
7,70.000,0.02,2.1386,2.13860,7.000
7,70.062,0.02,2.2013,2.20127,7.000
7,70.125,0.02,2.2637,2.26365,7.000
7,70.188,0.02,2.3263,2.32630,7.000
7,70.250,0.03,2.3887,2.38870,7.000
7,70.312,0.03,2.4513,2.45130,7.000
7,70.375,0.04,2.5138,2.51375,7.000
7,70.438,0.05,2.5761,2.57608,7.000
7,70.500,0.08,2.6387,2.63870,7.000
7,70.562,0.10,2.7011,2.70112,7.000
7,70.625,0.14,2.7638,2.76375,7.000
7,70.688,0.19,2.8262,2.82615,7.000
7,70.750,0.27,2.8889,2.88890,7.000
7,70.812,0.37,2.9513,2.95130,7.000
7,70.875,0.47,3.0138,3.01380,7.000
7,70.938,0.61,3.0763,3.07628,7.000
7,71.000,0.77,3.1386,3.13860,7.000
7,71.062,0.95,3.2013,3.20130,7.000
7,71.125,1.15,3.2638,3.26375,7.000
7,71.188,1.38,3.3265,3.32645,7.000
7,71.250,1.64,3.3888,3.38880,7.000
7,71.312,1.91,3.4513,3.45135,7.000
7,71.375,2.21,3.5138,3.51375,7.000
7,71.438,2.55,3.5762,3.57622,7.000
7,71.500,2.91,3.6389,3.63890,7.000
7,71.562,3.30,3.7012,3.70122,7.000
7,71.625,3.71,3.7639,3.76390,7.000
7,71.688,4.16,3.8262,3.82622,7.000
7,71.750,4.67,3.8889,3.88890,7.000
7,71.812,5.18,3.9513,3.95130,7.000
7,71.938,5.14,3.9418,3.94185,7.000
7,72.000,4.46,3.8796,3.87960,7.000
7,72.062,3.87,3.8170,3.81703,7.000
7,72.125,3.36,3.7546,3.75455,7.000
7,72.188,2.91,3.6920,3.69200,7.000
7,72.250,2.51,3.6295,3.62950,7.000
7,72.312,2.15,3.5670,3.56703,7.000
7,72.375,1.83,3.5044,3.50445,7.000
7,72.438,1.54,3.4420,3.44200,7.000
7,72.500,1.29,3.3794,3.37940,7.000
7,72.562,1.06,3.3171,3.31710,7.000
7,72.625,0.87,3.2545,3.25450,7.000
7,72.688,0.70,3.1920,3.19200,7.000
7,72.750,0.55,3.1295,3.12950,7.000
7,72.812,0.40,3.0669,3.06690,7.000
7,72.875,0.31,3.0046,3.00455,7.000
7,72.938,0.22,2.9419,2.94190,7.000
7,73.000,0.14,2.8795,2.87950,7.000
7,73.062,0.10,2.8169,2.81690,7.000
7,73.125,0.07,2.7544,2.75445,7.000
7,73.188,0.05,2.6920,2.69195,7.000
7,73.250,0.04,2.6293,2.62930,7.000
7,73.312,0.03,2.5669,2.56690,7.000
7,73.375,0.03,2.5044,2.50435,7.000
7,73.438,0.03,2.4421,2.44208,7.000
7,73.500,0.02,2.3794,2.37940,7.000
7,73.562,0.02,2.3170,2.31695,7.000
7,73.625,0.01,2.2544,2.25435,7.000
7,73.688,0.01,2.1920,2.19198,7.000
7,73.750,0.02,2.1294,2.12940,7.000
7,73.812,0.01,2.0670,2.06695,7.000
7,73.875,0.01,2.0044,2.00440,7.000
7,73.938,0.02,1.9417,1.94172,7.000
7,74.000,0.02,1.8794,1.87940,7.000
7,74.062,0.02,1.8170,1.81698,7.000
7,74.125,0.02,1.7545,1.75450,7.000
7,74.188,0.01,1.6919,1.69188,7.000
7,74.250,0.01,1.6294,1.62940,7.000
7,74.312,0.01,1.5669,1.56688,7.000
7,74.375,0.02,1.5044,1.50440,7.000
7,74.438,0.02,1.4419,1.44192,7.000
7,74.500,0.02,1.3792,1.37920,7.000
7,74.562,0.01,1.3168,1.31683,7.000
7,74.625,0.02,1.2543,1.25430,7.000
7,74.688,0.00,1.1919,1.19190,7.000
7,74.750,0.02,1.1293,1.12930,7.000
7,74.812,0.01,1.0668,1.06680,7.000
7,74.875,0.02,1.0044,1.00440,7.000
7,74.938,0.01,0.9418,0.94175,7.000
7,75.000,0.01,0.8794,0.87940,7.000
7,75.062,0.02,0.8169,0.81690,7.000
7,75.125,0.01,0.7544,0.75445,7.000
7,75.188,0.02,0.6917,0.69170,7.000
7,75.250,0.02,0.6292,0.62920,7.000
7,75.312,0.02,0.5668,0.56678,7.000
7,75.375,0.02,0.5043,0.50430,7.000
7,75.438,0.01,0.4419,0.44188,7.000
7,75.500,0.02,0.3791,0.37910,7.000
7,75.562,0.03,0.3168,0.31680,7.000
7,75.625,0.02,0.2542,0.25415,7.000
7,75.688,0.01,0.1917,0.19172,7.000
7,75.750,0.02,0.1292,0.12920,7.000
7,75.812,0.01,0.0668,0.06675,7.000
7,75.875,0.02,0.0043,0.00430,7.000
7,76.000,0.02,-0.0354,-0.03540,7.000
7,76.062,0.02,-0.0001,-0.00012,7.000
7,76.125,0.02,-0.0002,-0.00020,7.000
7,76.188,0.01,-0.0002,-0.00020,7.000
7,76.250,0.02,-0.0002,-0.00020,7.000
7,76.312,0.02,-0.0002,-0.00020,7.000
7,76.375,0.02,-0.0002,-0.00020,7.000
7,76.438,0.02,-0.0002,-0.00020,7.000
7,76.500,0.02,-0.0002,-0.00020,7.000
7,76.562,0.03,-0.0002,-0.00020,7.000
7,76.625,0.02,-0.0002,-0.00020,7.000
7,76.688,0.01,-0.0002,-0.00020,7.000
7,76.750,0.02,-0.0002,-0.00020,7.000
7,76.812,0.02,-0.0002,-0.00020,7.000
7,76.875,0.01,-0.0002,-0.00020,7.000
7,76.938,0.02,-0.0002,-0.00020,7.000
7,77.000,0.01,-0.0002,-0.00020,7.000
7,77.062,0.01,-0.0002,-0.00020,7.000
7,77.125,0.02,-0.0002,-0.00020,7.000
7,77.188,0.02,-0.0002,-0.00020,7.000
7,77.250,0.02,-0.0002,-0.00020,7.000
7,77.312,0.02,-0.0002,-0.00020,7.000
7,77.375,0.02,-0.0002,-0.00020,7.000
7,77.438,0.01,-0.0002,-0.00020,7.000
7,77.500,0.01,-0.0002,-0.00020,7.000
7,77.562,0.02,-0.0002,-0.00020,7.000
7,77.625,0.02,-0.0002,-0.00020,7.000
7,77.688,0.02,-0.0002,-0.00020,7.000
7,77.750,0.02,-0.0002,-0.00020,7.000
7,77.812,0.02,-0.0002,-0.00020,7.000
7,77.875,0.02,-0.0002,-0.00020,7.000
7,77.938,0.01,-0.0001,-0.00010,7.000
7,78.000,0.02,-0.0001,-0.00010,7.000
7,78.062,0.00,-0.0001,-0.00010,7.000
7,78.125,0.01,-0.0001,-0.00010,7.000
7,78.188,0.02,-0.0001,-0.00010,7.000
7,78.250,0.01,-0.0001,-0.00010,7.000
7,78.312,0.01,-0.0001,-0.00010,7.000
7,78.375,0.02,-0.0001,-0.00010,7.000
7,78.438,0.02,-0.0001,-0.00010,7.000
7,78.500,0.01,-0.0001,-0.00010,7.000
7,78.562,0.02,-0.0001,-0.00010,7.000
7,78.625,0.02,-0.0001,-0.00010,7.000
7,78.688,0.02,-0.0001,-0.00010,7.000
7,78.750,0.02,-0.0001,-0.00010,7.000
7,78.812,0.01,-0.0001,-0.00010,7.000
7,78.875,0.01,-0.0001,-0.00010,7.000
7,78.938,0.02,-0.0001,-0.00010,7.000
7,79.000,0.02,-0.0001,-0.00010,7.000
8,79.250,0.00,0.0486,0.04870,8.000
8,79.312,0.00,0.1110,0.11112,8.000
8,79.375,0.00,0.1734,0.17355,8.000
8,79.438,0.00,0.2361,0.23620,8.000
8,79.500,0.00,0.2986,0.29870,8.000
8,79.562,0.00,0.3612,0.36135,8.000
8,79.625,0.00,0.4236,0.42375,8.000
8,79.688,0.00,0.4862,0.48630,8.000
8,79.750,0.00,0.5486,0.54870,8.000
8,79.812,0.00,0.6110,0.61107,8.000
8,79.875,0.00,0.6736,0.67365,8.000
8,79.938,0.00,0.7360,0.73612,8.000
8,80.000,0.00,0.7987,0.79880,8.000
8,80.062,0.00,0.8610,0.86115,8.000
8,80.125,0.00,0.9237,0.92380,8.000
8,80.188,0.00,0.9862,0.98625,8.000
8,80.250,0.00,1.0486,1.04870,8.000
8,80.312,0.00,1.1112,1.11130,8.000
8,80.375,0.01,1.1737,1.17375,8.000
8,80.438,0.01,1.2361,1.23622,8.000
8,80.500,0.01,1.2985,1.29860,8.000
8,80.562,0.00,1.3612,1.36130,8.000
8,80.625,0.00,1.4236,1.42375,8.000
8,80.688,0.00,1.4863,1.48637,8.000
8,80.750,0.01,1.5488,1.54890,8.000
8,80.812,0.00,1.6113,1.61142,8.000
8,80.875,0.01,1.6738,1.67385,8.000
8,80.938,0.01,1.7362,1.73632,8.000
8,81.000,0.00,1.7989,1.79900,8.000
8,81.062,0.00,1.8611,1.86125,8.000
8,81.125,0.00,1.9238,1.92390,8.000
8,81.188,0.00,1.9861,1.98620,8.000
8,81.250,0.00,2.0487,2.04880,8.000
8,81.312,0.00,2.1112,2.11130,8.000
8,81.375,0.00,2.1737,2.17380,8.000
8,81.438,0.00,2.2362,2.23632,8.000
8,81.500,0.00,2.2987,2.29880,8.000
8,81.562,0.01,2.3613,2.36142,8.000
8,81.625,0.01,2.4238,2.42390,8.000
8,81.688,0.02,2.4863,2.48642,8.000
8,81.750,0.04,2.5487,2.54880,8.000
8,81.812,0.05,2.6112,2.61130,8.000
8,81.875,0.07,2.6738,2.67385,8.000
8,81.938,0.11,2.7362,2.73632,8.000
8,82.000,0.15,2.7988,2.79890,8.000
8,82.062,0.22,2.8612,2.86130,8.000
8,82.125,0.30,2.9239,2.92400,8.000
8,82.188,0.41,2.9863,2.98640,8.000
8,82.250,0.54,3.0489,3.04900,8.000
8,82.312,0.69,3.1111,3.11125,8.000
8,82.375,0.85,3.1737,3.17380,8.000
8,82.438,1.04,3.2363,3.23640,8.000
8,82.500,1.26,3.2989,3.29900,8.000
8,82.562,1.51,3.3614,3.36150,8.000
8,82.625,1.78,3.4237,3.42380,8.000
8,82.688,2.06,3.4863,3.48642,8.000
8,82.750,2.39,3.5488,3.54890,8.000
8,82.812,2.73,3.6114,3.61152,8.000
8,82.875,3.10,3.6738,3.67390,8.000
8,82.938,3.50,3.7364,3.73645,8.000
8,83.000,3.94,3.7988,3.79890,8.000
8,83.062,4.42,3.8613,3.86140,8.000
8,83.125,4.92,3.9239,3.92400,8.000
8,83.250,5.44,3.9697,3.96980,8.000
8,83.312,4.72,3.9070,3.90708,8.000
8,83.375,4.09,3.8446,3.84465,8.000
8,83.438,3.56,3.7820,3.78210,8.000
8,83.500,3.08,3.7196,3.71970,8.000
8,83.562,2.66,3.6571,3.65718,8.000
8,83.625,2.29,3.5945,3.59460,8.000
8,83.688,1.94,3.5321,3.53215,8.000
8,83.750,1.66,3.4694,3.46950,8.000
8,83.812,1.38,3.4071,3.40715,8.000
8,83.875,1.14,3.3446,3.34465,8.000
8,83.938,0.92,3.2821,3.28222,8.000
8,84.000,0.74,3.2195,3.21960,8.000
8,84.062,0.58,3.1570,3.15713,8.000
8,84.125,0.45,3.0945,3.09460,8.000
8,84.188,0.34,3.0320,3.03205,8.000
8,84.250,0.25,2.9696,2.96970,8.000
8,84.312,0.17,2.9070,2.90708,8.000
8,84.375,0.11,2.8445,2.84460,8.000
8,84.438,0.07,2.7819,2.78200,8.000
8,84.500,0.04,2.7195,2.71960,8.000
8,84.562,0.02,2.6569,2.65700,8.000
8,84.625,0.02,2.5944,2.59450,8.000
8,84.688,0.02,2.5320,2.53205,8.000
8,84.750,0.02,2.4695,2.46960,8.000
8,84.812,0.01,2.4071,2.40718,8.000
8,84.875,0.00,2.3444,2.34445,8.000
8,84.938,0.00,2.2819,2.28202,8.000
8,85.000,0.00,2.2194,2.21950,8.000
8,85.062,0.00,2.1570,2.15708,8.000
8,85.125,0.01,2.0944,2.09450,8.000
8,85.188,0.00,2.0319,2.03202,8.000
8,85.250,0.01,1.9692,1.96930,8.000
8,85.312,0.00,1.9068,1.90690,8.000
8,85.375,0.00,1.8445,1.84460,8.000
8,85.438,0.00,1.7819,1.78202,8.000
8,85.500,0.00,1.7195,1.71960,8.000
8,85.562,0.00,1.6568,1.65688,8.000
8,85.625,0.00,1.5944,1.59455,8.000
8,85.688,0.00,1.5320,1.53207,8.000
8,85.750,0.00,1.4694,1.46950,8.000
8,85.812,0.00,1.4070,1.40708,8.000
8,85.875,0.00,1.3443,1.34440,8.000
8,85.938,0.00,1.2819,1.28197,8.000
8,86.000,0.01,1.2192,1.21930,8.000
8,86.062,0.00,1.1569,1.15700,8.000
8,86.125,0.00,1.0943,1.09440,8.000
8,86.188,0.00,1.0319,1.03200,8.000
8,86.250,0.01,0.9693,0.96940,8.000
8,86.312,0.01,0.9069,0.90698,8.000
8,86.375,0.00,0.8444,0.84455,8.000
8,86.438,0.00,0.7818,0.78195,8.000
8,86.500,0.01,0.7193,0.71940,8.000
8,86.562,0.00,0.6567,0.65680,8.000
8,86.625,0.00,0.5943,0.59435,8.000
8,86.688,0.00,0.5318,0.53187,8.000
8,86.750,-0.01,0.4694,0.46950,8.000
8,86.812,0.00,0.4068,0.40685,8.000
8,86.875,0.00,0.3443,0.34440,8.000
8,86.938,0.01,0.2819,0.28195,8.000
8,87.000,0.00,0.2191,0.21920,8.000
8,87.062,0.00,0.1569,0.15695,8.000
8,87.125,0.00,0.0942,0.09425,8.000
8,87.188,0.00,0.0318,0.03187,8.000
8,87.250,0.00,-0.0308,-0.03070,8.000
8,87.312,0.00,-0.0448,-0.04465,8.000
8,87.375,0.01,-0.0004,-0.00035,8.000
8,87.438,0.00,-0.0002,-0.00010,8.000
8,87.500,0.00,-0.0002,-0.00010,8.000
8,87.562,0.01,-0.0002,-0.00010,8.000
8,87.625,0.00,-0.0002,-0.00010,8.000
8,87.688,0.00,-0.0002,-0.00010,8.000
8,87.750,0.01,-0.0002,-0.00010,8.000
8,87.812,0.00,-0.0002,-0.00010,8.000
8,87.875,0.00,-0.0002,-0.00010,8.000
8,87.938,0.00,-0.0002,-0.00010,8.000
8,88.000,0.01,-0.0002,-0.00010,8.000
8,88.062,0.00,-0.0002,-0.00010,8.000
8,88.125,0.00,-0.0002,-0.00010,8.000
8,88.188,0.00,-0.0002,-0.00010,8.000
8,88.250,0.00,-0.0002,-0.00010,8.000
8,88.312,0.00,-0.0002,-0.00010,8.000
8,88.375,0.00,-0.0002,-0.00010,8.000
8,88.438,0.00,-0.0002,-0.00010,8.000
8,88.500,0.00,-0.0002,-0.00010,8.000
8,88.562,0.00,-0.0002,-0.00010,8.000
8,88.625,0.00,-0.0002,-0.00010,8.000
8,88.688,0.00,-0.0002,-0.00010,8.000
8,88.750,0.00,-0.0002,-0.00010,8.000
8,88.812,0.00,-0.0001,0.00000,8.000
8,88.875,0.00,-0.0001,0.00000,8.000
8,88.938,0.00,-0.0001,0.00000,8.000
8,89.000,-0.01,-0.0001,0.00000,8.000
8,89.062,0.01,-0.0001,0.00000,8.000
8,89.125,0.00,-0.0001,0.00000,8.000
8,89.188,0.01,-0.0001,0.00000,8.000
8,89.250,0.00,-0.0001,0.00000,8.000
8,89.312,0.01,-0.0001,0.00000,8.000
8,89.375,0.00,-0.0001,0.00000,8.000
8,89.438,0.00,-0.0001,0.00000,8.000
8,89.500,0.00,-0.0001,0.00000,8.000
8,89.562,0.00,-0.0001,0.00000,8.000
8,89.625,0.01,-0.0001,0.00000,8.000
8,89.688,0.00,-0.0001,0.00000,8.000
8,89.750,0.00,-0.0001,0.00000,8.000
8,89.812,0.00,-0.0001,0.00000,8.000
8,89.875,-0.01,-0.0001,0.00000,8.000
8,89.938,0.01,-0.0001,0.00000,8.000
8,90.000,0.01,-0.0001,0.00000,8.000
8,90.062,0.01,-0.0001,0.00000,8.000
8,90.125,0.01,-0.0001,0.00000,8.000
8,90.188,0.00,-0.0001,0.00000,8.000
8,90.250,-0.01,-0.0001,0.00000,8.000
8,90.312,0.01,-0.0001,0.00000,8.000
9,90.562,0.01,0.0659,0.06595,9.000
9,90.625,0.01,0.1284,0.12845,9.000
9,90.688,0.01,0.1910,0.19100,9.000
9,90.750,0.01,0.2534,0.25340,9.000
9,90.812,0.01,0.3160,0.31605,9.000
9,90.875,0.00,0.3786,0.37860,9.000
9,90.938,0.01,0.4412,0.44120,9.000
9,91.000,0.00,0.5036,0.50360,9.000
9,91.062,0.01,0.5661,0.56607,9.000
9,91.125,0.01,0.6285,0.62850,9.000
9,91.188,0.00,0.6910,0.69095,9.000
9,91.250,0.01,0.7537,0.75370,9.000
9,91.312,0.00,0.8161,0.81612,9.000
9,91.375,0.01,0.8788,0.87875,9.000
9,91.438,0.01,0.9411,0.94110,9.000
9,91.500,0.00,1.0038,1.00380,9.000
9,91.562,0.00,1.0661,1.06607,9.000
9,91.625,0.01,1.1286,1.12865,9.000
9,91.688,0.01,1.1912,1.19117,9.000
9,91.750,0.01,1.2536,1.25360,9.000
9,91.812,0.01,1.3162,1.31617,9.000
9,91.875,0.01,1.3786,1.37860,9.000
9,91.938,0.01,1.4412,1.44125,9.000
9,92.000,0.02,1.5036,1.50360,9.000
9,92.062,0.01,1.5663,1.56627,9.000
9,92.125,0.01,1.6287,1.62870,9.000
9,92.188,0.00,1.6912,1.69122,9.000
9,92.250,0.02,1.7538,1.75380,9.000
9,92.312,0.01,1.8162,1.81620,9.000
9,92.375,0.02,1.8788,1.87875,9.000
9,92.438,0.01,1.9411,1.94110,9.000
9,92.500,0.02,2.0038,2.00380,9.000
9,92.562,0.00,2.0662,2.06620,9.000
9,92.625,0.00,2.1288,2.12875,9.000
9,92.688,0.01,2.1911,2.19112,9.000
9,92.750,0.01,2.2538,2.25380,9.000
9,92.812,0.02,2.3163,2.31630,9.000
9,92.875,0.01,2.3788,2.37875,9.000
9,92.938,0.02,2.4414,2.44138,9.000
9,93.000,0.04,2.5037,2.50370,9.000
9,93.062,0.05,2.5662,2.56620,9.000
9,93.125,0.07,2.6286,2.62860,9.000
9,93.188,0.09,2.6912,2.69122,9.000
9,93.250,0.14,2.7537,2.75370,9.000
9,93.312,0.17,2.8162,2.81622,9.000
9,93.375,0.25,2.8788,2.87880,9.000
9,93.438,0.34,2.9412,2.94118,9.000
9,93.500,0.44,3.0039,3.00390,9.000
9,93.562,0.57,3.0662,3.06620,9.000
9,93.625,0.73,3.1288,3.12880,9.000
9,93.688,0.91,3.1912,3.19125,9.000
9,93.750,1.12,3.2539,3.25390,9.000
9,93.812,1.33,3.3164,3.31640,9.000
9,93.875,1.58,3.3789,3.37885,9.000
9,93.938,1.86,3.4414,3.44135,9.000
9,94.000,2.15,3.5038,3.50380,9.000
9,94.062,2.48,3.5664,3.56640,9.000
9,94.125,2.83,3.6288,3.62880,9.000
9,94.188,3.23,3.6914,3.69138,9.000
9,94.250,3.63,3.7538,3.75380,9.000
9,94.312,4.09,3.8163,3.81635,9.000
9,94.375,4.57,3.8789,3.87885,9.000
9,94.438,5.08,3.9414,3.94135,9.000
9,94.562,5.14,3.9420,3.94203,9.000
9,94.625,4.45,3.8795,3.87950,9.000
9,94.688,3.86,3.8171,3.81708,9.000
9,94.750,3.36,3.7546,3.75460,9.000
9,94.812,2.90,3.6921,3.69210,9.000
9,94.875,2.50,3.6294,3.62945,9.000
9,94.938,2.14,3.5671,3.56710,9.000
9,95.000,1.82,3.5044,3.50440,9.000
9,95.062,1.53,3.4421,3.44208,9.000
9,95.125,1.28,3.3795,3.37950,9.000
9,95.188,1.05,3.3172,3.31718,9.000
9,95.250,0.86,3.2546,3.25460,9.000
9,95.312,0.69,3.1920,3.19198,9.000
9,95.375,0.54,3.1295,3.12950,9.000
9,95.438,0.42,3.0668,3.06685,9.000
9,95.500,0.30,3.0045,3.00450,9.000
9,95.562,0.22,2.9419,2.94185,9.000
9,95.625,0.14,2.8795,2.87950,9.000
9,95.688,0.10,2.8169,2.81692,9.000
9,95.750,0.07,2.7545,2.75450,9.000
9,95.812,0.04,2.6920,2.69200,9.000
9,95.875,0.03,2.6293,2.62930,9.000
9,95.938,0.02,2.5669,2.56692,9.000
9,96.000,0.00,2.5043,2.50430,9.000
9,96.062,0.02,2.4420,2.44203,9.000
9,96.125,0.01,2.3794,2.37940,9.000
9,96.188,0.01,2.3169,2.31692,9.000
9,96.250,0.02,2.2544,2.25440,9.000
9,96.312,0.01,2.1919,2.19193,9.000
9,96.375,0.01,2.1295,2.12945,9.000
9,96.438,0.01,2.0669,2.06690,9.000
9,96.500,0.01,2.0045,2.00450,9.000
9,96.562,0.00,1.9418,1.94180,9.000
9,96.625,0.02,1.8795,1.87950,9.000
9,96.688,-0.01,1.8170,1.81695,9.000
9,96.750,0.01,1.7545,1.75450,9.000
9,96.812,-0.01,1.6920,1.69195,9.000
9,96.875,0.02,1.6294,1.62940,9.000
9,96.938,0.00,1.5670,1.56698,9.000
9,97.000,0.00,1.5043,1.50430,9.000
9,97.062,0.00,1.4419,1.44193,9.000
9,97.125,0.01,1.3793,1.37930,9.000
9,97.188,0.01,1.3168,1.31683,9.000
9,97.250,0.01,1.2543,1.25430,9.000
9,97.312,0.00,1.1918,1.19183,9.000
9,97.375,0.01,1.1293,1.12930,9.000
9,97.438,0.01,1.0668,1.06678,9.000
9,97.500,-0.01,1.0043,1.00430,9.000
9,97.562,0.01,0.9418,0.94175,9.000
9,97.625,0.01,0.8794,0.87945,9.000
9,97.688,0.01,0.8170,0.81695,9.000
9,97.750,0.01,0.7545,0.75450,9.000
9,97.812,0.01,0.6917,0.69173,9.000
9,97.875,0.01,0.6292,0.62920,9.000
9,97.938,0.00,0.5668,0.56682,9.000
9,98.000,0.01,0.5043,0.50430,9.000
9,98.062,0.01,0.4419,0.44190,9.000
9,98.125,0.00,0.3792,0.37925,9.000
9,98.188,0.01,0.3169,0.31690,9.000
9,98.250,0.01,0.2542,0.25420,9.000
9,98.312,0.01,0.1918,0.19183,9.000
9,98.375,0.01,0.1291,0.12915,9.000
9,98.438,0.01,0.0667,0.06670,9.000
9,98.500,0.02,0.0042,0.00420,9.000
9,98.625,0.01,-0.0310,-0.03100,9.000
9,98.688,0.01,-0.0002,-0.00015,9.000
9,98.750,0.01,-0.0002,-0.00020,9.000
9,98.812,0.01,-0.0002,-0.00020,9.000
9,98.875,0.01,-0.0002,-0.00020,9.000
9,98.938,0.01,-0.0002,-0.00020,9.000
9,99.000,0.00,-0.0002,-0.00020,9.000
9,99.062,0.02,-0.0002,-0.00020,9.000
9,99.125,0.01,-0.0002,-0.00020,9.000
9,99.188,0.01,-0.0002,-0.00020,9.000
9,99.250,0.00,-0.0002,-0.00020,9.000
9,99.312,0.01,-0.0002,-0.00020,9.000
9,99.375,0.00,-0.0002,-0.00020,9.000
9,99.438,0.01,-0.0002,-0.00020,9.000
9,99.500,0.01,-0.0002,-0.00020,9.000
9,99.562,0.02,-0.0002,-0.00020,9.000
9,99.625,0.01,-0.0002,-0.00020,9.000
9,99.688,0.00,-0.0002,-0.00020,9.000
9,99.750,0.01,-0.0002,-0.00020,9.000
9,99.812,0.00,-0.0002,-0.00020,9.000
9,99.875,0.01,-0.0002,-0.00020,9.000
9,99.938,0.01,-0.0002,-0.00020,9.000
9,100.000,0.00,-0.0002,-0.00020,9.000
9,100.062,0.01,-0.0002,-0.00020,9.000
9,100.125,0.01,-0.0002,-0.00020,9.000
9,100.188,0.01,-0.0002,-0.00020,9.000
9,100.250,0.00,-0.0002,-0.00020,9.000
9,100.312,0.01,-0.0002,-0.00018,9.000
9,100.375,0.01,-0.0001,-0.00010,9.000
9,100.438,0.01,-0.0001,-0.00010,9.000
9,100.500,0.00,-0.0001,-0.00010,9.000
9,100.562,0.01,-0.0001,-0.00010,9.000
9,100.625,0.01,-0.0001,-0.00010,9.000
9,100.688,0.01,-0.0001,-0.00010,9.000
9,100.750,0.01,-0.0001,-0.00010,9.000
9,100.812,0.02,-0.0001,-0.00010,9.000
9,100.875,0.01,-0.0001,-0.00010,9.000
9,100.938,0.01,-0.0001,-0.00010,9.000
9,101.000,0.02,-0.0001,-0.00010,9.000
9,101.062,0.00,-0.0001,-0.00010,9.000
9,101.125,0.01,-0.0001,-0.00010,9.000
9,101.188,0.01,-0.0001,-0.00010,9.000
9,101.250,0.01,-0.0001,-0.00010,9.000
9,101.312,0.01,-0.0001,-0.00010,9.000
9,101.375,0.00,-0.0001,-0.00010,9.000
9,101.438,0.01,-0.0001,-0.00010,9.000
9,101.500,0.01,-0.0001,-0.00010,9.000
9,101.562,0.00,-0.0001,-0.00010,9.000
10,101.750,0.00,-0.0001,-0.00010,10.000
10,101.875,0.00,0.0924,0.09255,10.000
10,101.938,0.01,0.1550,0.15510,10.000
10,102.000,0.00,0.2175,0.21760,10.000
10,102.062,0.00,0.2802,0.28027,10.000
10,102.125,0.00,0.3426,0.34270,10.000
10,102.188,0.00,0.4051,0.40522,10.000
10,102.250,0.00,0.4676,0.46770,10.000
10,102.312,0.00,0.5301,0.53017,10.000
10,102.375,0.01,0.5926,0.59265,10.000
10,102.438,0.00,0.6550,0.65505,10.000
10,102.500,0.00,0.7176,0.71770,10.000
10,102.562,0.00,0.7802,0.78027,10.000
10,102.625,0.01,0.8428,0.84285,10.000
10,102.688,0.00,0.9052,0.90525,10.000
10,102.750,0.00,0.9678,0.96790,10.000
10,102.812,0.00,1.0302,1.03030,10.000
10,102.875,0.00,1.0926,1.09270,10.000
10,102.938,0.01,1.1552,1.15527,10.000
10,103.000,0.00,1.2176,1.21770,10.000
10,103.062,0.00,1.2801,1.28025,10.000
10,103.125,0.01,1.3426,1.34265,10.000
10,103.188,0.01,1.4053,1.40538,10.000
10,103.250,0.01,1.4677,1.46780,10.000
10,103.312,0.01,1.5303,1.53042,10.000
10,103.375,0.01,1.5927,1.59280,10.000
10,103.438,0.01,1.6552,1.65528,10.000
10,103.500,0.01,1.7178,1.71790,10.000
10,103.562,0.01,1.7803,1.78037,10.000
10,103.625,0.01,1.8428,1.84295,10.000
10,103.688,0.01,1.9051,1.90520,10.000
10,103.750,0.00,1.9677,1.96780,10.000
10,103.812,0.00,2.0302,2.03030,10.000
10,103.875,0.00,2.0927,2.09280,10.000
10,103.938,0.01,2.1552,2.15535,10.000
10,104.000,-0.01,2.2176,2.21770,10.000
10,104.062,0.00,2.2802,2.28035,10.000
10,104.125,0.00,2.3427,2.34280,10.000
10,104.188,0.00,2.4054,2.40548,10.000
10,104.250,0.02,2.4678,2.46790,10.000
10,104.312,0.03,2.5303,2.53042,10.000
10,104.375,0.05,2.5926,2.59270,10.000
10,104.438,0.07,2.6552,2.65525,10.000
10,104.500,0.10,2.7178,2.71790,10.000
10,104.562,0.14,2.7802,2.78030,10.000
10,104.625,0.20,2.8428,2.84285,10.000
10,104.688,0.29,2.9052,2.90530,10.000
10,104.750,0.38,2.9679,2.96800,10.000
10,104.812,0.50,3.0302,3.03032,10.000
10,104.875,0.64,3.0928,3.09290,10.000
10,104.938,0.80,3.1552,3.15525,10.000
10,105.000,0.99,3.2177,3.21780,10.000
10,105.062,1.20,3.2804,3.28050,10.000
10,105.125,1.43,3.3429,3.34295,10.000
10,105.188,1.69,3.4053,3.40540,10.000
10,105.250,1.98,3.4677,3.46780,10.000
10,105.312,2.28,3.5304,3.53050,10.000
10,105.375,2.63,3.5928,3.59290,10.000
10,105.438,2.99,3.6554,3.65548,10.000
10,105.500,3.38,3.7179,3.71800,10.000
10,105.562,3.82,3.7803,3.78040,10.000
10,105.625,4.28,3.8429,3.84295,10.000
10,105.688,4.77,3.9052,3.90533,10.000
10,105.750,5.31,3.9679,3.96800,10.000
10,105.812,5.54,3.9819,3.98200,10.000
10,105.875,4.90,3.9236,3.92365,10.000
10,105.938,4.25,3.8610,3.86108,10.000
10,106.000,3.70,3.7985,3.79860,10.000
10,106.062,3.20,3.7361,3.73620,10.000
10,106.125,2.77,3.6735,3.67360,10.000
10,106.188,2.38,3.6111,3.61120,10.000
10,106.250,2.03,3.5483,3.54840,10.000
10,106.312,1.73,3.4861,3.48618,10.000
10,106.375,1.45,3.4234,3.42355,10.000
10,106.438,1.21,3.3611,3.36122,10.000
10,106.500,0.98,3.2985,3.29860,10.000
10,106.562,0.80,3.2361,3.23615,10.000
10,106.625,0.64,3.1735,3.17360,10.000
10,106.688,0.49,3.1108,3.11095,10.000
10,106.750,0.37,3.0485,3.04860,10.000
10,106.812,0.27,2.9859,2.98603,10.000
10,106.875,0.19,2.9236,2.92365,10.000
10,106.938,0.13,2.8610,2.86105,10.000
10,107.000,0.09,2.7985,2.79860,10.000
10,107.062,0.05,2.7360,2.73605,10.000
10,107.125,0.04,2.6734,2.67350,10.000
10,107.188,0.03,2.6109,2.61100,10.000
10,107.250,0.01,2.5484,2.54850,10.000
10,107.312,0.02,2.4861,2.48618,10.000
10,107.375,0.01,2.4235,2.42355,10.000
10,107.438,0.01,2.3611,2.36118,10.000
10,107.500,0.01,2.2984,2.29850,10.000
10,107.562,0.00,2.2360,2.23605,10.000
10,107.625,0.01,2.1734,2.17350,10.000
10,107.688,0.00,2.1108,2.11095,10.000
10,107.750,0.00,2.0485,2.04860,10.000
10,107.812,0.00,1.9858,1.98590,10.000
10,107.875,0.00,1.9234,1.92350,10.000
10,107.938,0.00,1.8609,1.86098,10.000
10,108.000,0.01,1.7985,1.79860,10.000
10,108.062,0.00,1.7359,1.73603,10.000
10,108.125,0.01,1.6734,1.67350,10.000
10,108.188,0.00,1.6110,1.61108,10.000
10,108.250,0.01,1.5484,1.54850,10.000
10,108.312,0.01,1.4860,1.48605,10.000
10,108.375,0.01,1.4233,1.42340,10.000
10,108.438,0.00,1.3610,1.36108,10.000
10,108.500,0.00,1.2983,1.29840,10.000
10,108.562,0.01,1.2359,1.23598,10.000
10,108.625,0.01,1.1733,1.17340,10.000
10,108.688,0.01,1.1109,1.11098,10.000
10,108.750,0.00,1.0484,1.04850,10.000
10,108.812,0.00,0.9858,0.98590,10.000
10,108.875,0.00,0.9234,0.92345,10.000
10,108.938,-0.01,0.8608,0.86090,10.000
10,109.000,0.00,0.7986,0.79870,10.000
10,109.062,0.00,0.7358,0.73593,10.000
10,109.125,0.00,0.6732,0.67330,10.000
10,109.188,0.00,0.6107,0.61078,10.000
10,109.250,0.00,0.5483,0.54840,10.000
10,109.312,0.01,0.4859,0.48600,10.000
10,109.375,0.01,0.4232,0.42335,10.000
10,109.438,0.00,0.3609,0.36098,10.000
10,109.500,0.01,0.2981,0.29820,10.000
10,109.562,0.00,0.2358,0.23590,10.000
10,109.625,0.01,0.1732,0.17330,10.000
10,109.688,0.00,0.1107,0.11082,10.000
10,109.750,0.00,0.0483,0.04840,10.000
10,109.812,0.00,-0.0141,-0.01405,10.000
10,109.938,0.01,-0.0067,-0.00660,10.000
10,110.000,0.01,-0.0002,-0.00010,10.000
10,110.062,0.00,-0.0001,0.00000,10.000
10,110.125,0.00,-0.0001,0.00000,10.000
10,110.188,0.01,-0.0001,0.00000,10.000
10,110.250,0.00,-0.0001,0.00000,10.000
10,110.312,0.01,-0.0001,0.00000,10.000
10,110.375,-0.01,-0.0001,0.00000,10.000
10,110.438,0.01,-0.0001,0.00000,10.000
10,110.500,0.01,-0.0001,0.00000,10.000
10,110.562,0.00,-0.0001,0.00000,10.000
10,110.625,0.00,-0.0001,0.00000,10.000
10,110.688,0.00,-0.0001,0.00000,10.000
10,110.750,0.01,-0.0001,0.00000,10.000
10,110.812,0.00,-0.0001,0.00000,10.000
10,110.875,0.00,-0.0001,0.00000,10.000
10,110.938,0.00,-0.0001,0.00000,10.000
10,111.000,0.00,-0.0001,0.00000,10.000
10,111.062,0.00,-0.0001,0.00000,10.000
10,111.125,0.00,-0.0001,0.00000,10.000
10,111.188,0.00,-0.0001,0.00000,10.000
10,111.250,0.00,-0.0001,0.00000,10.000
10,111.312,0.01,-0.0001,0.00000,10.000
10,111.375,0.01,-0.0001,0.00000,10.000
10,111.438,0.01,-0.0001,0.00000,10.000
10,111.500,0.00,-0.0001,0.00000,10.000
10,111.562,0.00,-0.0001,0.00000,10.000
10,111.625,0.00,-0.0001,0.00000,10.000
10,111.688,0.01,-0.0001,0.00000,10.000
10,111.750,0.00,-0.0001,0.00000,10.000
10,111.812,0.00,-0.0001,0.00000,10.000
10,111.875,0.00,-0.0001,0.00000,10.000
10,111.938,0.01,-0.0001,0.00000,10.000
10,112.000,0.00,-0.0001,0.00000,10.000
10,112.062,0.00,-0.0001,0.00000,10.000
10,112.125,0.00,-0.0001,0.00000,10.000
10,112.188,0.01,-0.0001,0.00000,10.000
10,112.250,0.00,-0.0001,0.00000,10.000
10,112.312,0.01,-0.0001,0.00000,10.000
10,112.375,0.00,-0.0001,0.00000,10.000
10,112.438,0.00,-0.0001,0.00000,10.000
10,112.500,0.00,-0.0001,0.00000,10.000
10,112.562,0.00,-0.0001,0.00000,10.000
10,112.625,0.00,-0.0001,0.00000,10.000
10,112.688,0.01,-0.0001,0.00000,10.000
10,112.750,0.00,-0.0001,0.00000,10.000
10,112.812,0.01,-0.0001,0.00000,10.000
10,112.875,0.00,-0.0001,0.00000,10.000


