""
"Test Method","Radhen_Load_Cntrl_Cmprsn_250N_12-7.msm"
"Sample I. D.","Sample1.mss"
"Specimen Number","4"

"TheCycle_Output ()","_Time (s)","_Load (N)","_Extension (mm)","RealTimeDepth (mm)","CycleNumber ()"

1,0.312,0.01,0.0711,0.07115,1.000
1,0.375,0.01,0.1336,0.13360,1.000
1,0.438,0.01,0.1962,0.19615,1.000
1,0.500,0.01,0.2589,0.25890,1.000
1,0.562,0.01,0.3212,0.32120,1.000
1,0.625,0.01,0.3838,0.38385,1.000
1,0.688,0.00,0.4462,0.44618,1.000
1,0.750,0.01,0.5088,0.50880,1.000
1,0.812,0.01,0.5712,0.57125,1.000
1,0.875,0.01,0.6338,0.63385,1.000
1,0.938,0.01,0.6964,0.69640,1.000
1,1.000,0.01,0.7587,0.75870,1.000
1,1.062,0.01,0.8213,0.82132,1.000
1,1.125,0.00,0.8836,0.88365,1.000
1,1.188,0.01,0.9464,0.94638,1.000
1,1.250,0.01,1.0087,1.00870,1.000
1,1.312,0.01,1.0714,1.07138,1.000
1,1.375,0.01,1.1338,1.13380,1.000
1,1.438,0.01,1.1963,1.19630,1.000
1,1.500,0.01,1.2588,1.25880,1.000
1,1.562,0.01,1.3213,1.32130,1.000
1,1.625,0.01,1.3840,1.38400,1.000
1,1.688,0.01,1.4463,1.44630,1.000
1,1.750,0.01,1.5090,1.50900,1.000
1,1.812,0.01,1.5714,1.57138,1.000
1,1.875,0.01,1.6340,1.63405,1.000
1,1.938,0.01,1.6965,1.69648,1.000
1,2.000,0.00,1.7587,1.75870,1.000
1,2.062,0.00,1.8212,1.82125,1.000
1,2.125,0.01,1.8838,1.88375,1.000
1,2.188,0.01,1.9463,1.94632,1.000
1,2.250,0.00,2.0088,2.00880,1.000
1,2.312,0.00,2.0714,2.07138,1.000
1,2.375,0.01,2.1339,2.13385,1.000
1,2.438,0.01,2.1964,2.19640,1.000
1,2.500,0.01,2.2590,2.25900,1.000
1,2.562,0.00,2.3214,2.32140,1.000
1,2.625,0.01,2.3840,2.38395,1.000
1,2.688,0.00,2.4463,2.44630,1.000
1,2.750,0.01,2.5089,2.50890,1.000
1,2.812,0.01,2.5712,2.57122,1.000
1,2.875,0.01,2.6340,2.63395,1.000
1,2.938,0.01,2.6964,2.69635,1.000
1,3.000,0.01,2.7589,2.75890,1.000
1,3.062,0.00,2.8214,2.82142,1.000
1,3.125,0.01,2.8838,2.88385,1.000
1,3.188,0.01,2.9465,2.94648,1.000
1,3.250,0.01,3.0089,3.00890,1.000
1,3.312,0.02,3.0715,3.07152,1.000
1,3.375,0.02,3.1339,3.13390,1.000
1,3.438,0.03,3.1965,3.19648,1.000
1,3.500,0.04,3.2589,3.25890,1.000
1,3.562,0.04,3.3214,3.32145,1.000
1,3.625,0.06,3.3840,3.38395,1.000
1,3.688,0.08,3.4462,3.44625,1.000
1,3.750,0.11,3.5089,3.50890,1.000
1,3.812,0.15,3.5715,3.57148,1.000
1,3.875,0.22,3.6340,3.63405,1.000
1,3.938,0.29,3.6965,3.69645,1.000
1,4.000,0.39,3.7591,3.75910,1.000
1,4.062,0.52,3.8214,3.82142,1.000
1,4.125,0.65,3.8839,3.88390,1.000
1,4.188,0.82,3.9465,3.94648,1.000
1,4.250,1.01,4.0088,4.00880,1.000
1,4.375,1.04,4.0046,4.00455,1.000
1,4.438,0.79,3.9422,3.94215,1.000
1,4.500,0.60,3.8797,3.87970,1.000
1,4.562,0.45,3.8171,3.81710,1.000
1,4.625,0.33,3.7548,3.75475,1.000
1,4.688,0.23,3.6922,3.69220,1.000
1,4.750,0.16,3.6299,3.62990,1.000
1,4.812,0.11,3.5672,3.56723,1.000
1,4.875,0.07,3.5047,3.50470,1.000
1,4.938,0.04,3.4422,3.44218,1.000
1,5.000,0.03,3.3797,3.37970,1.000
1,5.062,0.03,3.3172,3.31720,1.000
1,5.125,0.02,3.2546,3.25455,1.000
1,5.188,0.01,3.1922,3.19220,1.000
1,5.250,0.01,3.1296,3.12960,1.000
1,5.312,0.01,3.0673,3.06728,1.000
1,5.375,0.01,3.0046,3.00460,1.000
1,5.438,0.01,2.9422,2.94220,1.000
1,5.500,0.01,2.8796,2.87960,1.000
1,5.562,0.01,2.8171,2.81710,1.000
1,5.625,0.00,2.7546,2.75460,1.000
1,5.688,0.01,2.6920,2.69203,1.000
1,5.750,0.01,2.6296,2.62960,1.000
1,5.812,0.00,2.5669,2.56693,1.000
1,5.875,0.01,2.5046,2.50455,1.000
1,5.938,0.01,2.4420,2.44195,1.000
1,6.000,0.01,2.3796,2.37960,1.000
1,6.062,0.01,2.3171,2.31705,1.000
1,6.125,0.01,2.2545,2.25450,1.000
1,6.188,0.01,2.1920,2.19200,1.000
1,6.250,0.01,2.1294,2.12940,1.000
1,6.312,0.01,2.0672,2.06715,1.000
1,6.375,0.01,2.0044,2.00440,1.000
1,6.438,0.01,1.9420,1.94203,1.000
1,6.500,0.01,1.8794,1.87940,1.000
1,6.562,0.01,1.8169,1.81690,1.000
1,6.625,0.01,1.7544,1.75440,1.000
1,6.688,0.01,1.6920,1.69203,1.000
1,6.750,0.00,1.6296,1.62960,1.000
1,6.812,0.01,1.5670,1.56700,1.000
1,6.875,0.01,1.5045,1.50450,1.000
1,6.938,0.01,1.4420,1.44198,1.000
1,7.000,0.00,1.3796,1.37960,1.000
1,7.062,0.01,1.3169,1.31693,1.000
1,7.125,0.01,1.2544,1.25445,1.000
1,7.188,0.00,1.1920,1.19195,1.000
1,7.250,0.01,1.1293,1.12930,1.000
1,7.312,0.01,1.0670,1.06703,1.000
1,7.375,0.01,1.0044,1.00440,1.000
1,7.438,0.01,0.9419,0.94193,1.000
1,7.500,0.00,0.8792,0.87920,1.000
1,7.562,0.01,0.8169,0.81688,1.000
1,7.625,0.00,0.7544,0.75440,1.000
1,7.688,0.01,0.6919,0.69188,1.000
1,7.750,0.01,0.6294,0.62940,1.000
1,7.812,0.01,0.5668,0.56683,1.000
1,7.875,0.01,0.5044,0.50440,1.000
1,7.938,0.01,0.4418,0.44178,1.000
1,8.000,0.00,0.3795,0.37950,1.000
1,8.062,0.01,0.3168,0.31680,1.000
1,8.125,0.00,0.2544,0.25440,1.000
1,8.188,0.00,0.1919,0.19187,1.000
1,8.250,0.01,0.1292,0.12920,1.000
1,8.312,0.00,0.0668,0.06675,1.000
1,8.375,0.01,0.0042,0.00415,1.000
1,8.500,0.00,-0.0057,-0.00570,1.000
1,8.562,0.00,-0.0003,-0.00030,1.000
1,8.625,0.00,-0.0003,-0.00030,1.000
1,8.688,0.01,-0.0003,-0.00030,1.000
1,8.750,0.00,-0.0003,-0.00030,1.000
1,8.812,0.00,-0.0003,-0.00030,1.000
1,8.875,0.01,-0.0003,-0.00030,1.000
1,8.938,0.02,-0.0003,-0.00030,1.000
1,9.000,0.01,-0.0003,-0.00030,1.000
1,9.062,0.01,-0.0003,-0.00030,1.000
1,9.125,0.00,-0.0003,-0.00030,1.000
1,9.188,0.01,-0.0003,-0.00030,1.000
1,9.250,0.01,-0.0003,-0.00030,1.000
1,9.312,0.01,-0.0003,-0.00030,1.000
1,9.375,0.01,-0.0003,-0.00030,1.000
1,9.438,0.00,-0.0003,-0.00030,1.000
1,9.500,0.01,-0.0003,-0.00030,1.000
1,9.562,0.01,-0.0003,-0.00030,1.000
1,9.625,0.01,-0.0003,-0.00030,1.000
1,9.688,0.01,-0.0003,-0.00030,1.000
1,9.750,0.01,-0.0003,-0.00030,1.000
1,9.812,0.00,-0.0003,-0.00030,1.000
1,9.875,0.01,-0.0003,-0.00025,1.000
1,9.938,0.01,-0.0002,-0.00020,1.000
1,10.000,0.01,-0.0002,-0.00020,1.000
1,10.062,0.01,-0.0002,-0.00020,1.000
1,10.125,0.00,-0.0002,-0.00020,1.000
1,10.188,0.01,-0.0002,-0.00020,1.000
1,10.250,0.01,-0.0002,-0.00020,1.000
1,10.312,0.01,-0.0002,-0.00020,1.000
1,10.375,0.01,-0.0002,-0.00020,1.000
1,10.438,0.01,-0.0002,-0.00020,1.000
1,10.500,0.01,-0.0002,-0.00020,1.000
1,10.562,0.01,-0.0002,-0.00020,1.000
1,10.625,0.01,-0.0002,-0.00020,1.000
1,10.688,0.00,-0.0002,-0.00020,1.000
1,10.750,0.01,-0.0002,-0.00020,1.000
1,10.812,0.01,-0.0002,-0.00020,1.000
1,10.875,0.01,-0.0002,-0.00020,1.000
1,10.938,0.01,-0.0002,-0.00020,1.000
1,11.000,0.01,-0.0002,-0.00020,1.000
1,11.062,0.01,-0.0002,-0.00020,1.000
1,11.125,0.01,-0.0002,-0.00020,1.000
1,11.188,0.00,-0.0002,-0.00020,1.000
1,11.250,0.00,-0.0002,-0.00020,1.000
1,11.312,0.01,-0.0002,-0.00020,1.000
1,11.375,0.01,-0.0002,-0.00020,1.000
1,11.438,0.01,-0.0002,-0.00020,1.000
2,11.750,0.01,0.0793,0.07940,2.000
2,11.812,0.00,0.1421,0.14220,2.000
2,11.875,0.00,0.2045,0.20465,2.000
2,11.938,0.01,0.2673,0.26735,2.000
2,12.000,0.01,0.3297,0.32980,2.000
2,12.062,0.01,0.3922,0.39227,2.000
2,12.125,0.01,0.4545,0.45465,2.000
2,12.188,0.01,0.5171,0.51723,2.000
2,12.250,0.01,0.5797,0.57980,2.000
2,12.312,0.01,0.6422,0.64227,2.000
2,12.375,0.01,0.7047,0.70485,2.000
2,12.438,0.01,0.7671,0.76720,2.000
2,12.500,0.01,0.8298,0.82990,2.000
2,12.562,0.00,0.8921,0.89222,2.000
2,12.625,0.01,0.9546,0.95470,2.000
2,12.688,0.01,1.0173,1.01738,2.000
2,12.750,0.01,1.0797,1.07980,2.000
2,12.812,0.01,1.1422,1.14230,2.000
2,12.875,0.01,1.2046,1.20475,2.000
2,12.938,0.01,1.2673,1.26743,2.000
2,13.000,0.01,1.3297,1.32980,2.000
2,13.062,0.01,1.3923,1.39237,2.000
2,13.125,0.00,1.4547,1.45480,2.000
2,13.188,0.01,1.5173,1.51740,2.000
2,13.250,0.01,1.5799,1.58000,2.000
2,13.312,0.01,1.6423,1.64242,2.000
2,13.375,0.01,1.7049,1.70500,2.000
2,13.438,0.01,1.7671,1.76723,2.000
2,13.500,0.01,1.8298,1.82990,2.000
2,13.562,0.01,1.8922,1.89230,2.000
2,13.625,0.00,1.9548,1.95490,2.000
2,13.688,0.00,2.0173,2.01738,2.000
2,13.750,0.01,2.0797,2.07980,2.000
2,13.812,0.01,2.1423,2.14240,2.000
2,13.875,0.01,2.2047,2.20485,2.000
2,13.938,0.00,2.2673,2.26743,2.000
2,14.000,0.01,2.3298,2.32990,2.000
2,14.062,0.01,2.3923,2.39245,2.000
2,14.125,0.01,2.4547,2.45480,2.000
2,14.188,0.01,2.5172,2.51733,2.000
2,14.250,0.00,2.5798,2.57990,2.000
2,14.312,0.01,2.6423,2.64238,2.000
2,14.375,0.01,2.7048,2.70495,2.000
2,14.438,0.01,2.7673,2.76738,2.000
2,14.500,0.02,2.8300,2.83010,2.000
2,14.562,0.01,2.8922,2.89232,2.000
2,14.625,0.01,2.9548,2.95495,2.000
2,14.688,0.00,3.0173,3.01740,2.000
2,14.750,0.01,3.0799,3.08000,2.000
2,14.812,0.02,3.1423,3.14245,2.000
2,14.875,0.03,3.2048,3.20490,2.000
2,14.938,0.04,3.2673,3.26738,2.000
2,15.000,0.03,3.3297,3.32980,2.000
2,15.062,0.06,3.3924,3.39248,2.000
2,15.125,0.09,3.4547,3.45485,2.000
2,15.188,0.12,3.5174,3.51750,2.000
2,15.250,0.17,3.5798,3.57990,2.000
2,15.312,0.22,3.6424,3.64250,2.000
2,15.375,0.31,3.7049,3.70505,2.000
2,15.438,0.42,3.7674,3.76745,2.000
2,15.500,0.54,3.8299,3.83000,2.000
2,15.562,0.68,3.8922,3.89232,2.000
2,15.625,0.84,3.9549,3.95500,2.000
2,15.688,1.04,4.0173,4.01738,2.000
2,15.812,1.00,3.9980,3.99808,2.000
2,15.875,0.77,3.9356,3.93565,2.000
2,15.938,0.59,3.8732,3.87325,2.000
2,16.000,0.44,3.8105,3.81060,2.000
2,16.062,0.32,3.7482,3.74827,2.000
2,16.125,0.22,3.6857,3.68575,2.000
2,16.188,0.15,3.6232,3.62333,2.000
2,16.250,0.10,3.5607,3.56080,2.000
2,16.312,0.06,3.4981,3.49818,2.000
2,16.375,0.05,3.4356,3.43570,2.000
2,16.438,0.03,3.3730,3.37313,2.000
2,16.500,0.03,3.3107,3.31080,2.000
2,16.562,0.03,3.2480,3.24810,2.000
2,16.625,0.02,3.1856,3.18570,2.000
2,16.688,0.02,3.1231,3.12320,2.000
2,16.750,0.01,3.0606,3.06070,2.000
2,16.812,0.00,2.9981,2.99822,2.000
2,16.875,0.01,2.9355,2.93560,2.000
2,16.938,0.01,2.8731,2.87320,2.000
2,17.000,0.00,2.8104,2.81050,2.000
2,17.062,0.01,2.7481,2.74817,2.000
2,17.125,0.01,2.6855,2.68560,2.000
2,17.188,0.01,2.6230,2.62313,2.000
2,17.250,0.00,2.5604,2.56050,2.000
2,17.312,0.00,2.4979,2.49805,2.000
2,17.375,0.01,2.4355,2.43560,2.000
2,17.438,0.01,2.3729,2.37298,2.000
2,17.500,0.01,2.3106,2.31070,2.000
2,17.562,0.01,2.2478,2.24795,2.000
2,17.625,0.01,2.1854,2.18555,2.000
2,17.688,0.01,2.1229,2.12303,2.000
2,17.750,0.01,2.0606,2.06070,2.000
2,17.812,0.01,1.9979,1.99800,2.000
2,17.875,0.01,1.9354,1.93550,2.000
2,17.938,0.01,1.8729,1.87298,2.000
2,18.000,0.01,1.8103,1.81040,2.000
2,18.062,0.00,1.7479,1.74802,2.000
2,18.125,0.01,1.6855,1.68560,2.000
2,18.188,0.01,1.6232,1.62330,2.000
2,18.250,0.00,1.5604,1.56050,2.000
2,18.312,0.01,1.4980,1.49812,2.000
2,18.375,0.01,1.4355,1.43560,2.000
2,18.438,0.01,1.3729,1.37298,2.000
2,18.500,0.00,1.3104,1.31050,2.000
2,18.562,0.01,1.2478,1.24792,2.000
2,18.625,0.01,1.1855,1.18555,2.000
2,18.688,0.01,1.1230,1.12305,2.000
2,18.750,0.01,1.0606,1.06070,2.000
2,18.812,0.01,0.9979,0.99797,2.000
2,18.875,0.01,0.9353,0.93540,2.000
2,18.938,0.01,0.8729,0.87295,2.000
2,19.000,0.00,0.8103,0.81040,2.000
2,19.062,0.00,0.7479,0.74802,2.000
2,19.125,0.01,0.6854,0.68545,2.000
2,19.188,0.01,0.6230,0.62308,2.000
2,19.250,0.00,0.5603,0.56040,2.000
2,19.312,0.01,0.4978,0.49795,2.000
2,19.375,0.01,0.4353,0.43540,2.000
2,19.438,0.00,0.3729,0.37298,2.000
2,19.500,0.01,0.3104,0.31050,2.000
2,19.562,0.01,0.2478,0.24787,2.000
2,19.625,0.01,0.1854,0.18545,2.000
2,19.688,0.00,0.1227,0.12280,2.000
2,19.750,0.00,0.0603,0.06040,2.000
2,19.812,0.00,-0.0024,-0.00225,2.000
2,19.938,0.01,-0.0323,-0.03218,2.000
2,20.000,0.00,-0.0006,-0.00050,2.000
2,20.062,0.01,-0.0004,-0.00030,2.000
2,20.125,0.00,-0.0003,-0.00020,2.000
2,20.188,0.01,-0.0003,-0.00020,2.000
2,20.250,0.01,-0.0003,-0.00020,2.000
2,20.312,0.01,-0.0003,-0.00020,2.000
2,20.375,0.01,-0.0003,-0.00020,2.000
2,20.438,0.01,-0.0003,-0.00020,2.000
2,20.500,0.01,-0.0003,-0.00020,2.000
2,20.562,0.01,-0.0003,-0.00020,2.000
2,20.625,0.01,-0.0003,-0.00020,2.000
2,20.688,0.01,-0.0003,-0.00020,2.000
2,20.750,0.01,-0.0003,-0.00020,2.000
2,20.812,0.01,-0.0003,-0.00020,2.000
2,20.875,0.01,-0.0003,-0.00020,2.000
2,20.938,0.01,-0.0003,-0.00020,2.000
2,21.000,0.01,-0.0003,-0.00020,2.000
2,21.062,0.01,-0.0003,-0.00020,2.000
2,21.125,0.00,-0.0003,-0.00020,2.000
2,21.188,0.01,-0.0003,-0.00020,2.000
2,21.250,0.01,-0.0003,-0.00020,2.000
2,21.312,0.00,-0.0003,-0.00020,2.000
2,21.375,0.01,-0.0003,-0.00020,2.000
2,21.438,0.01,-0.0003,-0.00020,2.000
2,21.500,0.01,-0.0003,-0.00020,2.000
2,21.562,0.01,-0.0003,-0.00020,2.000
2,21.625,0.01,-0.0003,-0.00020,2.000
2,21.688,0.00,-0.0003,-0.00020,2.000
2,21.750,0.00,-0.0003,-0.00020,2.000
2,21.812,0.01,-0.0003,-0.00020,2.000
2,21.875,0.01,-0.0003,-0.00020,2.000
2,21.938,0.00,-0.0003,-0.00020,2.000
2,22.000,0.01,-0.0003,-0.00020,2.000
2,22.062,0.01,-0.0003,-0.00020,2.000
2,22.125,0.00,-0.0003,-0.00020,2.000
2,22.188,0.01,-0.0003,-0.00020,2.000
2,22.250,0.01,-0.0003,-0.00020,2.000
2,22.312,0.00,-0.0002,-0.00010,2.000
2,22.375,0.01,-0.0002,-0.00010,2.000
2,22.438,0.01,-0.0002,-0.00010,2.000
2,22.500,0.01,-0.0002,-0.00010,2.000
2,22.562,0.00,-0.0002,-0.00010,2.000
2,22.625,0.01,-0.0002,-0.00010,2.000
2,22.688,0.01,-0.0002,-0.00010,2.000
2,22.750,0.01,-0.0002,-0.00010,2.000
2,22.812,0.00,-0.0002,-0.00010,2.000
2,22.875,0.00,-0.0002,-0.00010,2.000
3,23.188,0.00,0.0651,0.06517,3.000
3,23.250,0.00,0.1275,0.12760,3.000
3,23.312,0.00,0.1902,0.19025,3.000
3,23.375,0.00,0.2526,0.25270,3.000
3,23.438,0.00,0.3151,0.31522,3.000
3,23.500,-0.01,0.3776,0.37770,3.000
3,23.562,0.00,0.4400,0.44013,3.000
3,23.625,0.00,0.5026,0.50270,3.000
3,23.688,0.00,0.5651,0.56520,3.000
3,23.750,-0.01,0.6278,0.62790,3.000
3,23.812,0.00,0.6902,0.69025,3.000
3,23.875,0.00,0.7528,0.75285,3.000
3,23.938,0.00,0.8152,0.81527,3.000
3,24.000,0.00,0.8777,0.87780,3.000
3,24.062,0.00,0.9402,0.94030,3.000
3,24.125,0.00,1.0027,1.00280,3.000
3,24.188,0.00,1.0653,1.06545,3.000
3,24.250,0.00,1.1276,1.12770,3.000
3,24.312,-0.01,1.1902,1.19032,3.000
3,24.375,-0.01,1.2526,1.25275,3.000
3,24.438,0.00,1.3152,1.31532,3.000
3,24.500,-0.01,1.3777,1.37780,3.000
3,24.562,-0.01,1.4403,1.44037,3.000
3,24.625,-0.01,1.5028,1.50290,3.000
3,24.688,-0.01,1.5653,1.56542,3.000
3,24.750,-0.01,1.6279,1.62800,3.000
3,24.812,0.00,1.6902,1.69035,3.000
3,24.875,0.00,1.7528,1.75285,3.000
3,24.938,0.00,1.8151,1.81525,3.000
3,25.000,0.00,1.8778,1.87790,3.000
3,25.062,0.00,1.9403,1.94037,3.000
3,25.125,-0.01,2.0028,2.00285,3.000
3,25.188,0.00,2.0653,2.06537,3.000
3,25.250,-0.01,2.1277,2.12780,3.000
3,25.312,-0.01,2.1903,2.19040,3.000
3,25.375,0.01,2.2528,2.25290,3.000
3,25.438,0.00,2.3154,2.31550,3.000
3,25.500,0.00,2.3777,2.37780,3.000
3,25.562,0.00,2.4403,2.44037,3.000
3,25.625,0.00,2.5027,2.50285,3.000
3,25.688,0.00,2.5652,2.56530,3.000
3,25.750,-0.01,2.6279,2.62800,3.000
3,25.812,-0.01,2.6902,2.69035,3.000
3,25.875,0.00,2.7529,2.75300,3.000
3,25.938,0.00,2.8152,2.81530,3.000
3,26.000,-0.01,2.8778,2.87790,3.000
3,26.062,-0.01,2.9402,2.94035,3.000
3,26.125,0.00,3.0028,3.00295,3.000
3,26.188,0.00,3.0654,3.06547,3.000
3,26.250,0.01,3.1278,3.12790,3.000
3,26.312,0.01,3.1903,3.19045,3.000
3,26.375,0.02,3.2527,3.25280,3.000
3,26.438,0.04,3.3154,3.31547,3.000
3,26.500,0.04,3.3778,3.37790,3.000
3,26.562,0.07,3.4403,3.44037,3.000
3,26.625,0.10,3.5029,3.50295,3.000
3,26.688,0.14,3.5653,3.56545,3.000
3,26.750,0.19,3.6280,3.62810,3.000
3,26.812,0.28,3.6903,3.69042,3.000
3,26.875,0.37,3.7529,3.75300,3.000
3,26.938,0.49,3.8152,3.81535,3.000
3,27.000,0.62,3.8779,3.87800,3.000
3,27.062,0.79,3.9403,3.94042,3.000
3,27.125,0.98,4.0028,4.00290,3.000
3,27.250,1.13,4.0281,4.02820,3.000
3,27.312,0.86,3.9660,3.96608,3.000
3,27.375,0.66,3.9036,3.90370,3.000
3,27.438,0.49,3.8411,3.84123,3.000
3,27.500,0.36,3.7786,3.77870,3.000
3,27.562,0.26,3.7162,3.71630,3.000
3,27.625,0.17,3.6536,3.65370,3.000
3,27.688,0.11,3.5913,3.59138,3.000
3,27.750,0.06,3.5285,3.52860,3.000
3,27.812,0.03,3.4661,3.46623,3.000
3,27.875,0.03,3.4035,3.40360,3.000
3,27.938,0.01,3.3411,3.34115,3.000
3,28.000,0.01,3.2785,3.27860,3.000
3,28.062,0.00,3.2160,3.21608,3.000
3,28.125,0.00,3.1537,3.15380,3.000
3,28.188,0.00,3.0911,3.09120,3.000
3,28.250,-0.01,3.0287,3.02880,3.000
3,28.312,-0.01,2.9661,2.96615,3.000
3,28.375,0.00,2.9036,2.90365,3.000
3,28.438,0.00,2.8411,2.84115,3.000
3,28.500,-0.01,2.7785,2.77860,3.000
3,28.562,0.00,2.7161,2.71615,3.000
3,28.625,-0.01,2.6535,2.65355,3.000
3,28.688,0.00,2.5911,2.59118,3.000
3,28.750,0.00,2.5283,2.52840,3.000
3,28.812,-0.01,2.4660,2.46608,3.000
3,28.875,-0.01,2.4034,2.40350,3.000
3,28.938,0.00,2.3411,2.34118,3.000
3,29.000,-0.01,2.2785,2.27860,3.000
3,29.062,-0.01,2.2159,2.21600,3.000
3,29.125,0.00,2.1535,2.15355,3.000
3,29.188,-0.01,2.0909,2.09095,3.000
3,29.250,0.00,2.0285,2.02860,3.000
3,29.312,-0.01,1.9659,1.96595,3.000
3,29.375,-0.01,1.9034,1.90350,3.000
3,29.438,-0.01,1.8408,1.84088,3.000
3,29.500,-0.01,1.7785,1.77860,3.000
3,29.562,-0.01,1.7160,1.71610,3.000
3,29.625,0.00,1.6536,1.65365,3.000
3,29.688,0.00,1.5910,1.59113,3.000
3,29.750,0.00,1.5283,1.52840,3.000
3,29.812,0.00,1.4660,1.46610,3.000
3,29.875,0.00,1.4034,1.40355,3.000
3,29.938,-0.01,1.3410,1.34113,3.000
3,30.000,-0.01,1.2785,1.27860,3.000
3,30.062,0.00,1.2159,1.21595,3.000
3,30.125,0.00,1.1534,1.15350,3.000
3,30.188,0.00,1.0909,1.09103,3.000
3,30.250,0.00,1.0285,1.02860,3.000
3,30.312,0.00,0.9658,0.96585,3.000
3,30.375,-0.01,0.9034,0.90350,3.000
3,30.438,-0.01,0.8409,0.84095,3.000
3,30.500,-0.01,0.7784,0.77850,3.000
3,30.562,-0.01,0.7159,0.71595,3.000
3,30.625,0.00,0.6534,0.65345,3.000
3,30.688,0.00,0.5909,0.59100,3.000
3,30.750,0.00,0.5282,0.52830,3.000
3,30.812,-0.01,0.4658,0.46593,3.000
3,30.875,-0.01,0.4032,0.40330,3.000
3,30.938,0.00,0.3409,0.34100,3.000
3,31.000,0.00,0.2782,0.27830,3.000
3,31.062,0.00,0.2158,0.21593,3.000
3,31.125,-0.01,0.1533,0.15340,3.000
3,31.188,0.00,0.0907,0.09078,3.000
3,31.250,0.00,0.0283,0.02840,3.000
3,31.375,0.00,-0.0442,-0.04415,3.000
3,31.438,0.00,0.0004,0.00052,3.000
3,31.500,0.00,-0.0003,-0.00020,3.000
3,31.562,0.00,-0.0003,-0.00020,3.000
3,31.625,0.00,-0.0003,-0.00020,3.000
3,31.688,0.00,-0.0003,-0.00020,3.000
3,31.750,0.00,-0.0003,-0.00020,3.000
3,31.812,-0.01,-0.0003,-0.00020,3.000
3,31.875,0.00,-0.0003,-0.00020,3.000
3,31.938,-0.01,-0.0003,-0.00020,3.000
3,32.000,0.00,-0.0003,-0.00020,3.000
3,32.062,-0.01,-0.0003,-0.00020,3.000
3,32.125,0.00,-0.0003,-0.00020,3.000
3,32.188,0.00,-0.0003,-0.00020,3.000
3,32.250,0.00,-0.0003,-0.00020,3.000
3,32.312,0.00,-0.0003,-0.00020,3.000
3,32.375,0.00,-0.0003,-0.00020,3.000
3,32.438,0.00,-0.0003,-0.00020,3.000
3,32.500,0.00,-0.0003,-0.00020,3.000
3,32.562,0.00,-0.0003,-0.00020,3.000
3,32.625,0.00,-0.0003,-0.00020,3.000
3,32.688,0.00,-0.0003,-0.00020,3.000
3,32.750,-0.01,-0.0003,-0.00020,3.000
3,32.812,-0.01,-0.0003,-0.00020,3.000
3,32.875,0.00,-0.0003,-0.00020,3.000
3,32.938,0.00,-0.0003,-0.00020,3.000
3,33.000,0.00,-0.0003,-0.00020,3.000
3,33.062,-0.01,-0.0003,-0.00020,3.000
3,33.125,-0.01,-0.0003,-0.00020,3.000
3,33.188,0.00,-0.0002,-0.00010,3.000
3,33.250,0.00,-0.0002,-0.00010,3.000
3,33.312,-0.01,-0.0002,-0.00010,3.000
3,33.375,-0.01,-0.0002,-0.00010,3.000
3,33.438,-0.01,-0.0002,-0.00010,3.000
3,33.500,-0.01,-0.0002,-0.00010,3.000
3,33.562,0.00,-0.0002,-0.00010,3.000
3,33.625,-0.01,-0.0002,-0.00010,3.000
3,33.688,0.00,-0.0002,-0.00010,3.000
3,33.750,0.00,-0.0002,-0.00010,3.000
3,33.812,-0.01,-0.0002,-0.00010,3.000
3,33.875,-0.01,-0.0002,-0.00010,3.000
3,33.938,0.00,-0.0002,-0.00010,3.000
3,34.000,0.00,-0.0002,-0.00010,3.000
3,34.062,-0.01,-0.0002,-0.00010,3.000
3,34.125,-0.01,-0.0002,-0.00010,3.000
3,34.188,-0.01,-0.0002,-0.00010,3.000
3,34.250,0.00,-0.0002,-0.00010,3.000
3,34.312,-0.01,-0.0002,-0.00010,3.000
3,34.375,-0.01,-0.0002,-0.00010,3.000
4,34.688,0.00,0.0661,0.06618,4.000
4,34.750,0.00,0.1285,0.12860,4.000
4,34.812,0.00,0.1911,0.19125,4.000
4,34.875,0.00,0.2536,0.25375,4.000
4,34.938,0.00,0.3162,0.31625,4.000
4,35.000,0.00,0.3787,0.37880,4.000
4,35.062,0.00,0.4410,0.44110,4.000
4,35.125,-0.01,0.5036,0.50370,4.000
4,35.188,0.00,0.5661,0.56620,4.000
4,35.250,0.00,0.6287,0.62880,4.000
4,35.312,0.00,0.6911,0.69120,4.000
4,35.375,0.00,0.7537,0.75380,4.000
4,35.438,0.00,0.8161,0.81620,4.000
4,35.500,0.00,0.8786,0.87870,4.000
4,35.562,0.00,0.9412,0.94127,4.000
4,35.625,0.00,1.0037,1.00375,4.000
4,35.688,0.00,1.0664,1.06645,4.000
4,35.750,0.00,1.1286,1.12870,4.000
4,35.812,0.00,1.1912,1.19130,4.000
4,35.875,0.00,1.2536,1.25370,4.000
4,35.938,0.00,1.3163,1.31638,4.000
4,36.000,0.00,1.3788,1.37890,4.000
4,36.062,0.00,1.4412,1.44130,4.000
4,36.125,0.00,1.5038,1.50385,4.000
4,36.188,0.00,1.5663,1.56643,4.000
4,36.250,0.00,1.6291,1.62920,4.000
4,36.312,0.00,1.6913,1.69140,4.000
4,36.375,0.00,1.7538,1.75385,4.000
4,36.438,0.00,1.8161,1.81618,4.000
4,36.500,0.00,1.8787,1.87880,4.000
4,36.562,-0.01,1.9412,1.94132,4.000
4,36.625,0.01,2.0038,2.00385,4.000
4,36.688,0.00,2.0664,2.06645,4.000
4,36.750,0.00,2.1286,2.12870,4.000
4,36.812,0.00,2.1913,2.19140,4.000
4,36.875,0.00,2.2538,2.25390,4.000
4,36.938,-0.01,2.3165,2.31658,4.000
4,37.000,0.00,2.3789,2.37900,4.000
4,37.062,0.00,2.4412,2.44135,4.000
4,37.125,-0.01,2.5038,2.50385,4.000
4,37.188,0.00,2.5662,2.56633,4.000
4,37.250,0.00,2.6288,2.62890,4.000
4,37.312,0.00,2.6911,2.69122,4.000
4,37.375,0.00,2.7538,2.75395,4.000
4,37.438,0.00,2.8162,2.81633,4.000
4,37.500,-0.01,2.8789,2.87900,4.000
4,37.562,0.00,2.9412,2.94135,4.000
4,37.625,0.00,3.0038,3.00390,4.000
4,37.688,0.00,3.0663,3.06640,4.000
4,37.750,0.00,3.1287,3.12880,4.000
4,37.812,0.01,3.1914,3.19150,4.000
4,37.875,0.02,3.2538,3.25385,4.000
4,37.938,0.03,3.3163,3.31643,4.000
4,38.000,0.05,3.3788,3.37890,4.000
4,38.062,0.07,3.4413,3.44140,4.000
4,38.125,0.10,3.5038,3.50395,4.000
4,38.188,0.14,3.5664,3.56645,4.000
4,38.250,0.20,3.6289,3.62900,4.000
4,38.312,0.28,3.6913,3.69142,4.000
4,38.375,0.38,3.7540,3.75405,4.000
4,38.438,0.50,3.8164,3.81645,4.000
4,38.500,0.64,3.8789,3.87900,4.000
4,38.562,0.79,3.9413,3.94142,4.000
4,38.625,0.99,4.0038,4.00390,4.000
4,38.750,1.05,4.0095,4.00960,4.000
4,38.812,0.80,3.9472,3.94730,4.000
4,38.875,0.61,3.8846,3.88465,4.000
4,38.938,0.45,3.8220,3.82215,4.000
4,39.000,0.33,3.7597,3.75980,4.000
4,39.062,0.23,3.6971,3.69720,4.000
4,39.125,0.15,3.6347,3.63480,4.000
4,39.188,0.09,3.5721,3.57220,4.000
4,39.250,0.06,3.5096,3.50970,4.000
4,39.312,0.04,3.4470,3.44710,4.000
4,39.375,0.03,3.3846,3.38470,4.000
4,39.438,0.02,3.3221,3.32217,4.000
4,39.500,0.01,3.2596,3.25970,4.000
4,39.562,0.01,3.1971,3.19723,4.000
4,39.625,0.00,3.1346,3.13465,4.000
4,39.688,0.00,3.0722,3.07227,4.000
4,39.750,0.00,3.0095,3.00960,4.000
4,39.812,0.00,2.9472,2.94725,4.000
4,39.875,0.00,2.8845,2.88460,4.000
4,39.938,0.00,2.8220,2.82212,4.000
4,40.000,0.00,2.7596,2.75970,4.000
4,40.062,0.00,2.6970,2.69708,4.000
4,40.125,0.00,2.6346,2.63465,4.000
4,40.188,0.00,2.5720,2.57207,4.000
4,40.250,0.00,2.5096,2.50970,4.000
4,40.312,0.00,2.4469,2.44700,4.000
4,40.375,0.00,2.3846,2.38465,4.000
4,40.438,0.00,2.3220,2.32215,4.000
4,40.500,0.00,2.2596,2.25970,4.000
4,40.562,0.00,2.1970,2.19710,4.000
4,40.625,-0.01,2.1344,2.13445,4.000
4,40.688,0.00,2.0721,2.07217,4.000
4,40.750,0.00,2.0093,2.00940,4.000
4,40.812,0.00,1.9470,1.94708,4.000
4,40.875,0.00,1.8844,1.88445,4.000
4,40.938,0.01,1.8219,1.82200,4.000
4,41.000,0.00,1.7593,1.75940,4.000
4,41.062,0.00,1.6970,1.69710,4.000
4,41.125,0.00,1.6346,1.63470,4.000
4,41.188,0.00,1.5719,1.57202,4.000
4,41.250,-0.01,1.5095,1.50960,4.000
4,41.312,0.00,1.4469,1.44695,4.000
4,41.375,-0.01,1.3846,1.38470,4.000
4,41.438,0.00,1.3219,1.32197,4.000
4,41.500,0.00,1.2594,1.25950,4.000
4,41.562,0.00,1.1969,1.19695,4.000
4,41.625,0.00,1.1344,1.13445,4.000
4,41.688,0.00,1.0720,1.07210,4.000
4,41.750,0.00,1.0093,1.00940,4.000
4,41.812,0.00,0.9469,0.94698,4.000
4,41.875,0.00,0.8842,0.88430,4.000
4,41.938,0.00,0.8218,0.82195,4.000
4,42.000,0.00,0.7593,0.75940,4.000
4,42.062,0.00,0.6970,0.69705,4.000
4,42.125,0.00,0.6344,0.63450,4.000
4,42.188,0.00,0.5718,0.57195,4.000
4,42.250,-0.01,0.5094,0.50950,4.000
4,42.312,0.00,0.4467,0.44683,4.000
4,42.375,0.00,0.3844,0.38450,4.000
4,42.438,0.00,0.3218,0.32187,4.000
4,42.500,0.00,0.2594,0.25950,4.000
4,42.562,0.00,0.1968,0.19693,4.000
4,42.625,0.00,0.1342,0.13435,4.000
4,42.688,0.00,0.0717,0.07180,4.000
4,42.750,0.00,0.0091,0.00920,4.000
4,42.875,0.00,-0.0085,-0.00840,4.000
4,42.938,0.00,-0.0003,-0.00020,4.000
4,43.000,-0.01,-0.0003,-0.00020,4.000
4,43.062,0.00,-0.0003,-0.00020,4.000
4,43.125,0.00,-0.0003,-0.00020,4.000
4,43.188,0.00,-0.0003,-0.00020,4.000
4,43.250,0.00,-0.0003,-0.00020,4.000
4,43.312,0.00,-0.0003,-0.00020,4.000
4,43.375,0.00,-0.0003,-0.00020,4.000
4,43.438,0.00,-0.0003,-0.00020,4.000
4,43.500,0.00,-0.0003,-0.00020,4.000
4,43.562,0.00,-0.0003,-0.00020,4.000
4,43.625,0.00,-0.0003,-0.00020,4.000
4,43.688,-0.01,-0.0003,-0.00020,4.000
4,43.750,0.00,-0.0003,-0.00020,4.000
4,43.812,0.00,-0.0003,-0.00020,4.000
4,43.875,0.00,-0.0003,-0.00020,4.000
4,43.938,0.00,-0.0003,-0.00020,4.000
4,44.000,-0.01,-0.0003,-0.00020,4.000
4,44.062,0.00,-0.0003,-0.00020,4.000
4,44.125,0.00,-0.0003,-0.00020,4.000
4,44.188,0.00,-0.0003,-0.00020,4.000
4,44.250,0.00,-0.0003,-0.00020,4.000
4,44.312,0.00,-0.0003,-0.00020,4.000
4,44.375,0.00,-0.0003,-0.00020,4.000
4,44.438,0.00,-0.0003,-0.00020,4.000
4,44.500,0.00,-0.0003,-0.00020,4.000
4,44.562,0.00,-0.0003,-0.00020,4.000
4,44.625,0.00,-0.0003,-0.00020,4.000
4,44.688,0.00,-0.0003,-0.00020,4.000
4,44.750,-0.01,-0.0003,-0.00020,4.000
4,44.812,0.00,-0.0003,-0.00020,4.000
4,44.875,0.00,-0.0002,-0.00010,4.000
4,44.938,0.00,-0.0002,-0.00010,4.000
4,45.000,0.00,-0.0002,-0.00010,4.000
4,45.062,0.00,-0.0002,-0.00010,4.000
4,45.125,0.00,-0.0002,-0.00010,4.000
4,45.188,0.00,-0.0002,-0.00010,4.000
4,45.250,0.00,-0.0002,-0.00010,4.000
4,45.312,0.00,-0.0002,-0.00010,4.000
4,45.375,0.00,-0.0002,-0.00010,4.000
4,45.438,0.00,-0.0002,-0.00010,4.000
4,45.500,0.00,-0.0002,-0.00010,4.000
4,45.562,0.00,-0.0002,-0.00010,4.000
4,45.625,0.00,-0.0002,-0.00010,4.000
4,45.688,0.00,-0.0002,-0.00010,4.000
4,45.750,0.00,-0.0002,-0.00010,4.000
4,45.812,0.00,-0.0002,-0.00010,4.000
5,46.125,0.01,0.0745,0.07460,5.000
5,46.188,0.00,0.1370,0.13710,5.000
5,46.250,0.01,0.1995,0.19960,5.000
5,46.312,0.00,0.2623,0.26237,5.000
5,46.375,0.01,0.3246,0.32470,5.000
5,46.438,0.00,0.3872,0.38730,5.000
5,46.500,0.00,0.4494,0.44950,5.000
5,46.562,0.00,0.5121,0.51225,5.000
5,46.625,0.00,0.5746,0.57475,5.000
5,46.688,0.00,0.6372,0.63733,5.000
5,46.750,0.01,0.6997,0.69980,5.000
5,46.812,0.00,0.7621,0.76220,5.000
5,46.875,0.00,0.8247,0.82480,5.000
5,46.938,0.00,0.8871,0.88720,5.000
5,47.000,0.00,0.9497,0.94980,5.000
5,47.062,0.00,1.0122,1.01232,5.000
5,47.125,0.00,1.0748,1.07490,5.000
5,47.188,0.01,1.1372,1.13728,5.000
5,47.250,0.00,1.1997,1.19980,5.000
5,47.312,0.01,1.2621,1.26225,5.000
5,47.375,0.01,1.3247,1.32480,5.000
5,47.438,0.00,1.3874,1.38748,5.000
5,47.500,0.00,1.4497,1.44980,5.000
5,47.562,0.00,1.5123,1.51245,5.000
5,47.625,0.01,1.5748,1.57490,5.000
5,47.688,0.00,1.6374,1.63753,5.000
5,47.750,0.00,1.6999,1.70000,5.000
5,47.812,0.00,1.7621,1.76225,5.000
5,47.875,0.00,1.8247,1.82480,5.000
5,47.938,0.00,1.8872,1.88730,5.000
5,48.000,0.00,1.9498,1.94990,5.000
5,48.062,0.00,2.0122,2.01232,5.000
5,48.125,0.00,2.0748,2.07490,5.000
5,48.188,0.00,2.1372,2.13730,5.000
5,48.250,0.00,2.1997,2.19980,5.000
5,48.312,0.00,2.2623,2.26242,5.000
5,48.375,0.00,2.3248,2.32495,5.000
5,48.438,0.01,2.3873,2.38743,5.000
5,48.500,0.01,2.4497,2.44980,5.000
5,48.562,0.01,2.5123,2.51240,5.000
5,48.625,0.01,2.5747,2.57480,5.000
5,48.688,0.01,2.6373,2.63740,5.000
5,48.750,0.00,2.6997,2.69980,5.000
5,48.812,0.00,2.7623,2.76237,5.000
5,48.875,0.01,2.8248,2.82490,5.000
5,48.938,0.00,2.8873,2.88735,5.000
5,49.000,0.01,2.9499,2.95000,5.000
5,49.062,0.00,3.0122,3.01232,5.000
5,49.125,0.00,3.0749,3.07500,5.000
5,49.188,0.01,3.1373,3.13740,5.000
5,49.250,0.03,3.1999,3.20000,5.000
5,49.312,0.03,3.2623,3.26240,5.000
5,49.375,0.04,3.3248,3.32490,5.000
5,49.438,0.06,3.3874,3.38745,5.000
5,49.500,0.08,3.4497,3.44980,5.000
5,49.562,0.11,3.5123,3.51245,5.000
5,49.625,0.16,3.5748,3.57495,5.000
5,49.688,0.22,3.6375,3.63758,5.000
5,49.750,0.30,3.6999,3.70000,5.000
5,49.812,0.41,3.7624,3.76255,5.000
5,49.875,0.52,3.8248,3.82495,5.000
5,49.938,0.66,3.8873,3.88735,5.000
5,50.000,0.82,3.9498,3.94990,5.000
5,50.062,1.02,4.0123,4.01237,5.000
5,50.188,1.03,4.0029,4.00302,5.000
5,50.250,0.78,3.9405,3.94060,5.000
5,50.312,0.60,3.8780,3.87813,5.000
5,50.375,0.45,3.8155,3.81560,5.000
5,50.438,0.33,3.7532,3.75330,5.000
5,50.500,0.22,3.6906,3.69070,5.000
5,50.562,0.15,3.6283,3.62835,5.000
5,50.625,0.10,3.5656,3.56570,5.000
5,50.688,0.07,3.5030,3.50315,5.000
5,50.750,0.04,3.4407,3.44080,5.000
5,50.812,0.03,3.3780,3.37810,5.000
5,50.875,0.02,3.3157,3.31575,5.000
5,50.938,0.01,3.2530,3.25310,5.000
5,51.000,0.02,3.1907,3.19080,5.000
5,51.062,0.01,3.1281,3.12815,5.000
5,51.125,0.01,3.0657,3.06580,5.000
5,51.188,0.00,3.0031,3.00325,5.000
5,51.250,0.00,2.9405,2.94060,5.000
5,51.312,0.01,2.8781,2.87815,5.000
5,51.375,0.01,2.8155,2.81555,5.000
5,51.438,0.00,2.7531,2.75317,5.000
5,51.500,0.00,2.6904,2.69050,5.000
5,51.562,0.00,2.6281,2.62818,5.000
5,51.625,0.00,2.5654,2.56550,5.000
5,51.688,0.00,2.5029,2.50302,5.000
5,51.750,0.00,2.4405,2.44060,5.000
5,51.812,0.00,2.3780,2.37805,5.000
5,51.875,0.00,2.3156,2.31570,5.000
5,51.938,0.00,2.2528,2.25295,5.000
5,52.000,0.00,2.1905,2.19060,5.000
5,52.062,0.01,2.1278,2.12793,5.000
5,52.125,0.00,2.0655,2.06560,5.000
5,52.188,0.00,2.0029,2.00297,5.000
5,52.250,0.00,1.9405,1.94060,5.000
5,52.312,0.01,1.8779,1.87795,5.000
5,52.375,0.00,1.8153,1.81535,5.000
5,52.438,0.01,1.7529,1.75305,5.000
5,52.500,0.00,1.6904,1.69050,5.000
5,52.562,0.00,1.6282,1.62825,5.000
5,52.625,0.01,1.5654,1.56550,5.000
5,52.688,0.00,1.5029,1.50302,5.000
5,52.750,0.00,1.4405,1.44060,5.000
5,52.812,0.01,1.3780,1.37813,5.000
5,52.875,0.01,1.3155,1.31555,5.000
5,52.938,0.00,1.2528,1.25287,5.000
5,53.000,0.00,1.1904,1.19050,5.000
5,53.062,0.01,1.1278,1.12785,5.000
5,53.125,0.01,1.0655,1.06560,5.000
5,53.188,0.01,1.0028,1.00290,5.000
5,53.250,0.01,0.9403,0.94040,5.000
5,53.312,0.00,0.8778,0.87788,5.000
5,53.375,0.00,0.8153,0.81540,5.000
5,53.438,0.01,0.7529,0.75305,5.000
5,53.500,0.01,0.6903,0.69040,5.000
5,53.562,0.00,0.6279,0.62803,5.000
5,53.625,0.00,0.5653,0.56540,5.000
5,53.688,0.00,0.5028,0.50292,5.000
5,53.750,0.00,0.4403,0.44040,5.000
5,53.812,0.00,0.3779,0.37803,5.000
5,53.875,0.00,0.3154,0.31545,5.000
5,53.938,0.00,0.2527,0.25277,5.000
5,54.000,0.00,0.1902,0.19030,5.000
5,54.062,0.00,0.1278,0.12788,5.000
5,54.125,0.01,0.0653,0.06540,5.000
5,54.188,0.01,0.0027,0.00277,5.000
5,54.312,0.00,-0.0171,-0.01703,5.000
5,54.375,0.00,-0.0003,-0.00020,5.000
5,54.438,0.00,-0.0003,-0.00020,5.000
5,54.500,0.00,-0.0003,-0.00020,5.000
5,54.562,0.01,-0.0003,-0.00020,5.000
5,54.625,0.01,-0.0003,-0.00020,5.000
5,54.688,0.01,-0.0003,-0.00020,5.000
5,54.750,0.00,-0.0003,-0.00020,5.000
5,54.812,0.00,-0.0003,-0.00020,5.000
5,54.875,0.00,-0.0003,-0.00020,5.000
5,54.938,0.00,-0.0003,-0.00020,5.000
5,55.000,0.00,-0.0003,-0.00020,5.000
5,55.062,0.00,-0.0003,-0.00020,5.000
5,55.125,0.01,-0.0003,-0.00020,5.000
5,55.188,0.00,-0.0003,-0.00020,5.000
5,55.250,0.00,-0.0003,-0.00020,5.000
5,55.312,0.00,-0.0003,-0.00020,5.000
5,55.375,0.00,-0.0003,-0.00020,5.000
5,55.438,0.00,-0.0003,-0.00020,5.000
5,55.500,0.00,-0.0003,-0.00020,5.000
5,55.562,0.01,-0.0003,-0.00020,5.000
5,55.625,0.01,-0.0003,-0.00020,5.000
5,55.688,0.00,-0.0003,-0.00020,5.000
5,55.750,0.00,-0.0003,-0.00020,5.000
5,55.812,0.00,-0.0003,-0.00020,5.000
5,55.875,0.01,-0.0003,-0.00020,5.000
5,55.938,0.01,-0.0003,-0.00020,5.000
5,56.000,0.00,-0.0003,-0.00020,5.000
5,56.062,0.00,-0.0002,-0.00010,5.000
5,56.125,0.01,-0.0002,-0.00010,5.000
5,56.188,0.00,-0.0002,-0.00010,5.000
5,56.250,0.00,-0.0002,-0.00010,5.000
5,56.312,0.00,-0.0002,-0.00010,5.000
5,56.375,0.01,-0.0002,-0.00010,5.000
5,56.438,0.01,-0.0002,-0.00010,5.000
5,56.500,0.00,-0.0002,-0.00010,5.000
5,56.562,0.00,-0.0002,-0.00010,5.000
5,56.625,0.00,-0.0002,-0.00010,5.000
5,56.688,0.00,-0.0002,-0.00010,5.000
5,56.750,0.01,-0.0002,-0.00010,5.000
5,56.812,0.01,-0.0002,-0.00010,5.000
5,56.875,0.00,-0.0002,-0.00010,5.000
5,56.938,0.01,-0.0002,-0.00010,5.000
5,57.000,0.00,-0.0002,-0.00010,5.000
5,57.062,0.01,-0.0002,-0.00010,5.000
5,57.125,0.00,-0.0002,-0.00010,5.000
5,57.188,0.00,-0.0002,-0.00010,5.000
5,57.250,0.01,-0.0002,-0.00010,5.000
6,57.562,0.01,0.0520,0.05215,6.000
6,57.625,0.01,0.1145,0.11465,6.000
6,57.688,0.01,0.1771,0.17718,6.000
6,57.750,0.01,0.2396,0.23970,6.000
6,57.812,0.01,0.3022,0.30230,6.000
6,57.875,0.01,0.3646,0.36470,6.000
6,57.938,0.01,0.4271,0.42723,6.000
6,58.000,0.01,0.4896,0.48970,6.000
6,58.062,0.01,0.5522,0.55230,6.000
6,58.125,0.01,0.6146,0.61475,6.000
6,58.188,0.01,0.6772,0.67728,6.000
6,58.250,0.01,0.7397,0.73980,6.000
6,58.312,0.01,0.8021,0.80220,6.000
6,58.375,0.01,0.8646,0.86475,6.000
6,58.438,0.01,0.9271,0.92715,6.000
6,58.500,0.01,0.9897,0.98980,6.000
6,58.562,0.01,1.0521,1.05225,6.000
6,58.625,0.01,1.1147,1.11480,6.000
6,58.688,0.01,1.1772,1.17728,6.000
6,58.750,0.01,1.2397,1.23980,6.000
6,58.812,0.01,1.3023,1.30240,6.000
6,58.875,0.01,1.3647,1.36485,6.000
6,58.938,0.01,1.4274,1.42748,6.000
6,59.000,0.01,1.4897,1.48980,6.000
6,59.062,0.01,1.5524,1.55255,6.000
6,59.125,0.01,1.6149,1.61500,6.000
6,59.188,0.01,1.6774,1.67753,6.000
6,59.250,0.01,1.7397,1.73980,6.000
6,59.312,0.01,1.8021,1.80220,6.000
6,59.375,0.01,1.8647,1.86480,6.000
6,59.438,0.01,1.9271,1.92723,6.000
6,59.500,0.01,1.9898,1.98990,6.000
6,59.562,0.01,2.0522,2.05230,6.000
6,59.625,0.01,2.1147,2.11485,6.000
6,59.688,0.01,2.1773,2.17735,6.000
6,59.750,0.01,2.2399,2.24000,6.000
6,59.812,0.01,2.3023,2.30240,6.000
6,59.875,0.01,2.3647,2.36485,6.000
6,59.938,0.01,2.4273,2.42738,6.000
6,60.000,0.01,2.4896,2.48970,6.000
6,60.062,0.01,2.5524,2.55247,6.000
6,60.125,0.01,2.6146,2.61475,6.000
6,60.188,0.01,2.6773,2.67740,6.000
6,60.250,0.01,2.7398,2.73990,6.000
6,60.312,0.01,2.8023,2.80245,6.000
6,60.375,0.01,2.8648,2.86495,6.000
6,60.438,0.01,2.9272,2.92733,6.000
6,60.500,0.01,2.9899,2.99000,6.000
6,60.562,0.01,3.0523,3.05242,6.000
6,60.625,0.02,3.1149,3.11500,6.000
6,60.688,0.02,3.1773,3.17740,6.000
6,60.750,0.04,3.2399,3.24000,6.000
6,60.812,0.04,3.3023,3.30237,6.000
6,60.875,0.06,3.3648,3.36490,6.000
6,60.938,0.08,3.4274,3.42745,6.000
6,61.000,0.10,3.4897,3.48980,6.000
6,61.062,0.14,3.5524,3.55247,6.000
6,61.125,0.20,3.6148,3.61495,6.000
6,61.188,0.27,3.6775,3.67758,6.000
6,61.250,0.37,3.7398,3.73990,6.000
6,61.312,0.48,3.8024,3.80255,6.000
6,61.375,0.62,3.8648,3.86490,6.000
6,61.438,0.77,3.9273,3.92743,6.000
6,61.500,0.95,3.9898,3.98990,6.000
6,61.625,1.13,4.0255,4.02555,6.000
6,61.688,0.87,3.9630,3.96310,6.000
6,61.750,0.67,3.9004,3.90050,6.000
6,61.812,0.50,3.8381,3.83815,6.000
6,61.875,0.37,3.7756,3.77565,6.000
6,61.938,0.27,3.7133,3.71335,6.000
6,62.000,0.18,3.6506,3.65070,6.000
6,62.062,0.12,3.5882,3.58828,6.000
6,62.125,0.08,3.5257,3.52575,6.000
6,62.188,0.05,3.4630,3.46313,6.000
6,62.250,0.03,3.4006,3.40070,6.000
6,62.312,0.03,3.3380,3.33810,6.000
6,62.375,0.02,3.2756,3.27570,6.000
6,62.438,0.02,3.2129,3.21303,6.000
6,62.500,0.02,3.1507,3.15080,6.000
6,62.562,0.01,3.0881,3.08823,6.000
6,62.625,0.01,3.0256,3.02570,6.000
6,62.688,0.01,2.9631,2.96318,6.000
6,62.750,0.01,2.9005,2.90060,6.000
6,62.812,0.01,2.8380,2.83813,6.000
6,62.875,0.01,2.7755,2.77555,6.000
6,62.938,0.01,2.7131,2.71320,6.000
6,63.000,0.01,2.6503,2.65040,6.000
6,63.062,0.01,2.5880,2.58808,6.000
6,63.125,0.01,2.5254,2.52550,6.000
6,63.188,0.01,2.4629,2.46303,6.000
6,63.250,0.01,2.4004,2.40050,6.000
6,63.312,0.01,2.3380,2.33808,6.000
6,63.375,0.01,2.2755,2.27560,6.000
6,63.438,0.01,2.2129,2.21300,6.000
6,63.500,0.01,2.1506,2.15070,6.000
6,63.562,0.01,2.0879,2.08800,6.000
6,63.625,0.01,2.0255,2.02555,6.000
6,63.688,0.01,1.9629,1.96303,6.000
6,63.750,0.01,1.9004,1.90050,6.000
6,63.812,0.01,1.8379,1.83800,6.000
6,63.875,0.01,1.7753,1.77540,6.000
6,63.938,0.01,1.7130,1.71310,6.000
6,64.000,0.01,1.6504,1.65050,6.000
6,64.062,0.01,1.5882,1.58825,6.000
6,64.125,0.01,1.5254,1.52550,6.000
6,64.188,0.01,1.4630,1.46305,6.000
6,64.250,0.01,1.4005,1.40060,6.000
6,64.312,0.01,1.3380,1.33805,6.000
6,64.375,0.00,1.2754,1.27555,6.000
6,64.438,0.01,1.2128,1.21292,6.000
6,64.500,0.01,1.1505,1.15060,6.000
6,64.562,0.01,1.0878,1.08793,6.000
6,64.625,0.01,1.0254,1.02555,6.000
6,64.688,0.01,0.9628,0.96295,6.000
6,64.750,0.01,0.9004,0.90050,6.000
6,64.812,0.01,0.8378,0.83793,6.000
6,64.875,0.01,0.7754,0.77545,6.000
6,64.938,0.01,0.7129,0.71300,6.000
6,65.000,0.01,0.6503,0.65040,6.000
6,65.062,0.01,0.5879,0.58803,6.000
6,65.125,0.01,0.5252,0.52535,6.000
6,65.188,0.01,0.4629,0.46300,6.000
6,65.250,0.01,0.4004,0.40050,6.000
6,65.312,0.01,0.3378,0.33790,6.000
6,65.375,0.01,0.2754,0.27545,6.000
6,65.438,0.01,0.2127,0.21282,6.000
6,65.500,0.01,0.1504,0.15050,6.000
6,65.562,0.01,0.0876,0.08773,6.000
6,65.625,0.01,0.0252,0.02535,6.000
6,65.812,0.01,-0.0030,-0.00290,6.000
6,65.875,0.01,-0.0003,-0.00020,6.000
6,65.938,0.01,-0.0003,-0.00020,6.000
6,66.000,0.01,-0.0003,-0.00020,6.000
6,66.062,0.01,-0.0003,-0.00020,6.000
6,66.125,0.01,-0.0003,-0.00020,6.000
6,66.188,0.01,-0.0003,-0.00020,6.000
6,66.250,0.01,-0.0003,-0.00020,6.000
6,66.312,0.01,-0.0003,-0.00020,6.000
6,66.375,0.01,-0.0003,-0.00020,6.000
6,66.438,0.01,-0.0003,-0.00020,6.000
6,66.500,0.01,-0.0003,-0.00020,6.000
6,66.562,0.01,-0.0003,-0.00020,6.000
6,66.625,0.01,-0.0003,-0.00020,6.000
6,66.688,0.01,-0.0003,-0.00020,6.000
6,66.750,0.01,-0.0003,-0.00020,6.000
6,66.812,0.01,-0.0003,-0.00020,6.000
6,66.875,0.01,-0.0003,-0.00020,6.000
6,66.938,0.01,-0.0003,-0.00020,6.000
6,67.000,0.01,-0.0003,-0.00020,6.000
6,67.062,0.01,-0.0003,-0.00020,6.000
6,67.125,0.01,-0.0003,-0.00020,6.000
6,67.188,0.01,-0.0003,-0.00020,6.000
6,67.250,0.01,-0.0003,-0.00020,6.000
6,67.312,0.01,-0.0003,-0.00020,6.000
6,67.375,0.01,-0.0003,-0.00020,6.000
6,67.438,0.01,-0.0003,-0.00020,6.000
6,67.500,0.01,-0.0003,-0.00020,6.000
6,67.562,0.01,-0.0003,-0.00020,6.000
6,67.625,0.01,-0.0003,-0.00020,6.000
6,67.688,0.01,-0.0003,-0.00020,6.000
6,67.750,0.02,-0.0003,-0.00020,6.000
6,67.812,0.01,-0.0002,-0.00010,6.000
6,67.875,0.01,-0.0002,-0.00010,6.000
6,67.938,0.01,-0.0002,-0.00010,6.000
6,68.000,0.01,-0.0002,-0.00010,6.000
6,68.062,0.01,-0.0002,-0.00010,6.000
6,68.125,0.01,-0.0002,-0.00010,6.000
6,68.188,0.01,-0.0002,-0.00010,6.000
6,68.250,0.01,-0.0002,-0.00010,6.000
6,68.312,0.01,-0.0002,-0.00010,6.000
6,68.375,0.01,-0.0002,-0.00010,6.000
6,68.438,0.01,-0.0002,-0.00010,6.000
6,68.500,0.01,-0.0002,-0.00010,6.000
6,68.562,0.01,-0.0002,-0.00010,6.000
6,68.625,0.01,-0.0002,-0.00010,6.000
6,68.688,0.01,-0.0002,-0.00010,6.000
6,68.750,0.00,-0.0002,-0.00010,6.000
7,69.062,-0.02,0.0910,0.09110,7.000
7,69.125,-0.01,0.1536,0.15370,7.000
7,69.188,-0.01,0.2161,0.21620,7.000
7,69.250,-0.01,0.2786,0.27870,7.000
7,69.312,-0.01,0.3412,0.34132,7.000
7,69.375,-0.01,0.4036,0.40365,7.000
7,69.438,-0.01,0.4662,0.46628,7.000
7,69.500,-0.01,0.5285,0.52860,7.000
7,69.562,-0.01,0.5913,0.59137,7.000
7,69.625,-0.02,0.6537,0.65375,7.000
7,69.688,-0.02,0.7163,0.71638,7.000
7,69.750,-0.02,0.7787,0.77880,7.000
7,69.812,-0.01,0.8411,0.84120,7.000
7,69.875,-0.01,0.9036,0.90370,7.000
7,69.938,-0.01,0.9661,0.96615,7.000
7,70.000,-0.02,1.0288,1.02890,7.000
7,70.062,-0.01,1.0912,1.09127,7.000
7,70.125,-0.01,1.1537,1.15380,7.000
7,70.188,-0.01,1.2161,1.21620,7.000
7,70.250,-0.01,1.2787,1.27880,7.000
7,70.312,-0.02,1.3412,1.34135,7.000
7,70.375,-0.02,1.4038,1.40385,7.000
7,70.438,-0.01,1.4663,1.46638,7.000
7,70.500,-0.02,1.5287,1.52880,7.000
7,70.562,-0.02,1.5914,1.59150,7.000
7,70.625,-0.01,1.6538,1.65395,7.000
7,70.688,-0.01,1.7164,1.71648,7.000
7,70.750,-0.01,1.7787,1.77880,7.000
7,70.812,-0.01,1.8411,1.84120,7.000
7,70.875,-0.01,1.9037,1.90380,7.000
7,70.938,-0.01,1.9662,1.96625,7.000
7,71.000,-0.02,2.0288,2.02890,7.000
7,71.062,-0.01,2.0912,2.09132,7.000
7,71.125,-0.01,2.1538,2.15385,7.000
7,71.188,-0.01,2.2162,2.21630,7.000
7,71.250,-0.02,2.2789,2.27900,7.000
7,71.312,-0.01,2.3413,2.34140,7.000
7,71.375,-0.01,2.4038,2.40385,7.000
7,71.438,-0.01,2.4663,2.46638,7.000
7,71.500,-0.02,2.5287,2.52880,7.000
7,71.562,-0.01,2.5913,2.59145,7.000
7,71.625,-0.02,2.6538,2.65385,7.000
7,71.688,-0.02,2.7163,2.71643,7.000
7,71.750,-0.02,2.7788,2.77890,7.000
7,71.812,-0.01,2.8414,2.84147,7.000
7,71.875,-0.01,2.9038,2.90390,7.000
7,71.938,-0.01,2.9663,2.96640,7.000
7,72.000,-0.01,3.0288,3.02890,7.000
7,72.062,-0.01,3.0914,3.09147,7.000
7,72.125,0.00,3.1539,3.15400,7.000
7,72.188,0.01,3.2163,3.21638,7.000
7,72.250,0.01,3.2789,3.27900,7.000
7,72.312,0.03,3.3413,3.34140,7.000
7,72.375,0.05,3.4038,3.40390,7.000
7,72.438,0.07,3.4663,3.46638,7.000
7,72.500,0.11,3.5288,3.52890,7.000
7,72.562,0.15,3.5914,3.59152,7.000
7,72.625,0.22,3.6538,3.65395,7.000
7,72.688,0.31,3.7165,3.71658,7.000
7,72.750,0.41,3.7788,3.77890,7.000
7,72.812,0.54,3.8414,3.84155,7.000
7,72.875,0.69,3.9038,3.90390,7.000
7,72.938,0.85,3.9663,3.96643,7.000
7,73.000,1.06,4.0288,4.02890,7.000
7,73.125,1.08,4.0244,4.02455,7.000
7,73.188,0.83,3.9620,3.96210,7.000
7,73.250,0.63,3.8994,3.89950,7.000
7,73.312,0.47,3.8372,3.83728,7.000
7,73.375,0.34,3.7745,3.77460,7.000
7,73.438,0.23,3.7122,3.71228,7.000
7,73.500,0.15,3.6497,3.64980,7.000
7,73.562,0.10,3.5872,3.58733,7.000
7,73.625,0.05,3.5246,3.52470,7.000
7,73.688,0.03,3.4620,3.46213,7.000
7,73.750,0.02,3.3997,3.39980,7.000
7,73.812,0.01,3.3370,3.33710,7.000
7,73.875,0.00,3.2746,3.27470,7.000
7,73.938,0.00,3.2120,3.21205,7.000
7,74.000,-0.01,3.1496,3.14970,7.000
7,74.062,-0.01,3.0871,3.08723,7.000
7,74.125,-0.02,3.0246,3.02470,7.000
7,74.188,-0.01,2.9621,2.96220,7.000
7,74.250,-0.02,2.8994,2.89950,7.000
7,74.312,-0.01,2.8370,2.83713,7.000
7,74.375,-0.01,2.7744,2.77455,7.000
7,74.438,-0.01,2.7121,2.71220,7.000
7,74.500,-0.02,2.6495,2.64960,7.000
7,74.562,-0.02,2.5870,2.58705,7.000
7,74.625,-0.02,2.5244,2.52450,7.000
7,74.688,-0.02,2.4618,2.46195,7.000
7,74.750,-0.01,2.3994,2.39950,7.000
7,74.812,-0.02,2.3370,2.33708,7.000
7,74.875,-0.02,2.2746,2.27470,7.000
7,74.938,-0.02,2.2119,2.21200,7.000
7,75.000,-0.02,2.1495,2.14960,7.000
7,75.062,-0.01,2.0869,2.08700,7.000
7,75.125,-0.01,2.0244,2.02450,7.000
7,75.188,-0.02,1.9620,1.96205,7.000
7,75.250,-0.01,1.8993,1.89940,7.000
7,75.312,-0.02,1.8369,1.83698,7.000
7,75.375,-0.01,1.7742,1.77435,7.000
7,75.438,-0.02,1.7120,1.71215,7.000
7,75.500,-0.01,1.6495,1.64960,7.000
7,75.562,-0.01,1.5871,1.58718,7.000
7,75.625,-0.02,1.5244,1.52450,7.000
7,75.688,-0.01,1.4620,1.46205,7.000
7,75.750,-0.01,1.3995,1.39960,7.000
7,75.812,-0.02,1.3369,1.33698,7.000
7,75.875,-0.01,1.2745,1.27460,7.000
7,75.938,-0.01,1.2118,1.21185,7.000
7,76.000,-0.02,1.1495,1.14960,7.000
7,76.062,-0.01,1.0869,1.08700,7.000
7,76.125,-0.01,1.0245,1.02455,7.000
7,76.188,-0.01,0.9618,0.96190,7.000
7,76.250,-0.01,0.8993,0.89940,7.000
7,76.312,-0.02,0.8369,0.83695,7.000
7,76.375,-0.02,0.7744,0.77445,7.000
7,76.438,-0.02,0.7119,0.71200,7.000
7,76.500,-0.01,0.6493,0.64940,7.000
7,76.562,-0.02,0.5870,0.58708,7.000
7,76.625,-0.01,0.5243,0.52440,7.000
7,76.688,-0.02,0.4618,0.46193,7.000
7,76.750,-0.02,0.3993,0.39940,7.000
7,76.812,-0.01,0.3368,0.33688,7.000
7,76.875,-0.01,0.2744,0.27445,7.000
7,76.938,-0.01,0.2117,0.21178,7.000
7,77.000,-0.02,0.1494,0.14950,7.000
7,77.062,-0.01,0.0866,0.08673,7.000
7,77.125,-0.01,0.0242,0.02435,7.000
7,77.250,-0.02,-0.0420,-0.04190,7.000
7,77.312,-0.01,0.0006,0.00073,7.000
7,77.375,-0.01,-0.0003,-0.00020,7.000
7,77.438,-0.02,-0.0003,-0.00020,7.000
7,77.500,-0.02,-0.0003,-0.00020,7.000
7,77.562,-0.01,-0.0003,-0.00020,7.000
7,77.625,-0.02,-0.0003,-0.00020,7.000
7,77.688,-0.02,-0.0003,-0.00020,7.000
7,77.750,-0.01,-0.0003,-0.00020,7.000
7,77.812,-0.01,-0.0003,-0.00020,7.000
7,77.875,-0.02,-0.0003,-0.00020,7.000
7,77.938,-0.02,-0.0003,-0.00020,7.000
7,78.000,-0.02,-0.0003,-0.00020,7.000
7,78.062,-0.01,-0.0003,-0.00020,7.000
7,78.125,-0.02,-0.0003,-0.00020,7.000
7,78.188,-0.02,-0.0003,-0.00020,7.000
7,78.250,-0.01,-0.0003,-0.00020,7.000
7,78.312,-0.02,-0.0003,-0.00020,7.000
7,78.375,-0.01,-0.0003,-0.00020,7.000
7,78.438,-0.01,-0.0003,-0.00020,7.000
7,78.500,-0.01,-0.0003,-0.00020,7.000
7,78.562,-0.01,-0.0003,-0.00020,7.000
7,78.625,-0.01,-0.0003,-0.00020,7.000
7,78.688,-0.02,-0.0002,-0.00010,7.000
7,78.750,-0.02,-0.0002,-0.00010,7.000
7,78.812,-0.01,-0.0002,-0.00010,7.000
7,78.875,-0.01,-0.0002,-0.00010,7.000
7,78.938,-0.02,-0.0002,-0.00010,7.000
7,79.000,-0.01,-0.0002,-0.00010,7.000
7,79.062,-0.02,-0.0002,-0.00010,7.000
7,79.125,-0.02,-0.0002,-0.00010,7.000
7,79.188,-0.02,-0.0002,-0.00010,7.000
7,79.250,-0.02,-0.0002,-0.00010,7.000
7,79.312,-0.02,-0.0002,-0.00010,7.000
7,79.375,-0.02,-0.0002,-0.00010,7.000
7,79.438,-0.02,-0.0002,-0.00010,7.000
7,79.500,-0.01,-0.0002,-0.00010,7.000
7,79.562,-0.01,-0.0002,-0.00010,7.000
7,79.625,-0.01,-0.0002,-0.00010,7.000
7,79.688,-0.02,-0.0002,-0.00010,7.000
7,79.750,-0.02,-0.0002,-0.00010,7.000
7,79.812,-0.01,-0.0002,-0.00010,7.000
7,79.875,-0.02,-0.0002,-0.00010,7.000
7,79.938,-0.02,-0.0002,-0.00010,7.000
7,80.000,-0.01,-0.0002,-0.00010,7.000
7,80.062,-0.02,-0.0002,-0.00010,7.000
7,80.125,-0.02,-0.0002,-0.00010,7.000
7,80.188,-0.02,-0.0002,-0.00010,7.000
7,80.250,-0.02,-0.0002,-0.00010,7.000
8,80.562,0.01,0.1010,0.10107,8.000
8,80.625,0.01,0.1636,0.16365,8.000
8,80.688,0.01,0.2261,0.22620,8.000
8,80.750,0.01,0.2886,0.28870,8.000
8,80.812,0.01,0.3512,0.35127,8.000
8,80.875,0.01,0.4136,0.41365,8.000
8,80.938,0.01,0.4762,0.47628,8.000
8,81.000,0.00,0.5386,0.53870,8.000
8,81.062,0.01,0.6012,0.60132,8.000
8,81.125,0.01,0.6637,0.66380,8.000
8,81.188,0.00,0.7261,0.72618,8.000
8,81.250,0.01,0.7887,0.78880,8.000
8,81.312,0.01,0.8511,0.85120,8.000
8,81.375,0.01,0.9137,0.91380,8.000
8,81.438,0.01,0.9762,0.97628,8.000
8,81.500,0.01,1.0388,1.03890,8.000
8,81.562,0.01,1.1011,1.10125,8.000
8,81.625,0.01,1.1637,1.16375,8.000
8,81.688,0.01,1.2262,1.22635,8.000
8,81.750,0.01,1.2887,1.28880,8.000
8,81.812,0.01,1.3513,1.35140,8.000
8,81.875,0.01,1.4138,1.41385,8.000
8,81.938,0.01,1.4763,1.47638,8.000
8,82.000,0.00,1.5388,1.53890,8.000
8,82.062,0.00,1.6014,1.60150,8.000
8,82.125,0.01,1.6639,1.66400,8.000
8,82.188,0.01,1.7262,1.72625,8.000
8,82.250,0.01,1.7887,1.78880,8.000
8,82.312,0.01,1.8510,1.85115,8.000
8,82.375,0.01,1.9138,1.91390,8.000
8,82.438,0.01,1.9762,1.97628,8.000
8,82.500,0.02,2.0388,2.03890,8.000
8,82.562,0.01,2.1011,2.10125,8.000
8,82.625,0.01,2.1638,2.16385,8.000
8,82.688,0.01,2.2263,2.22640,8.000
8,82.750,0.01,2.2887,2.28880,8.000
8,82.812,0.01,2.3513,2.35142,8.000
8,82.875,0.01,2.4137,2.41380,8.000
8,82.938,0.01,2.4763,2.47640,8.000
8,83.000,0.00,2.5387,2.53880,8.000
8,83.062,0.01,2.6013,2.60142,8.000
8,83.125,0.01,2.6637,2.66380,8.000
8,83.188,0.01,2.7262,2.72635,8.000
8,83.250,0.01,2.7888,2.78890,8.000
8,83.312,0.01,2.8513,2.85137,8.000
8,83.375,0.01,2.9138,2.91395,8.000
8,83.438,0.01,2.9762,2.97633,8.000
8,83.500,0.00,3.0390,3.03910,8.000
8,83.562,0.01,3.1013,3.10140,8.000
8,83.625,0.02,3.1639,3.16400,8.000
8,83.688,0.03,3.2262,3.22635,8.000
8,83.750,0.04,3.2888,3.28890,8.000
8,83.812,0.05,3.3513,3.35142,8.000
8,83.875,0.07,3.4138,3.41390,8.000
8,83.938,0.10,3.4763,3.47640,8.000
8,84.000,0.13,3.5388,3.53890,8.000
8,84.062,0.18,3.6014,3.60150,8.000
8,84.125,0.26,3.6639,3.66400,8.000
8,84.188,0.35,3.7264,3.72645,8.000
8,84.250,0.46,3.7889,3.78900,8.000
8,84.312,0.58,3.8513,3.85140,8.000
8,84.375,0.73,3.9138,3.91395,8.000
8,84.438,0.91,3.9762,3.97635,8.000
8,84.500,1.11,4.0388,4.03890,8.000
8,84.562,1.23,4.0529,4.05295,8.000
8,84.625,0.99,3.9946,3.99470,8.000
8,84.688,0.75,3.9320,3.93210,8.000
8,84.750,0.58,3.8696,3.86970,8.000
8,84.812,0.43,3.8071,3.80720,8.000
8,84.875,0.31,3.7446,3.74470,8.000
8,84.938,0.22,3.6822,3.68230,8.000
8,85.000,0.15,3.6197,3.61980,8.000
8,85.062,0.10,3.5572,3.55728,8.000
8,85.125,0.07,3.4946,3.49465,8.000
8,85.188,0.05,3.4322,3.43225,8.000
8,85.250,0.04,3.3696,3.36970,8.000
8,85.312,0.03,3.3071,3.30718,8.000
8,85.375,0.02,3.2445,3.24460,8.000
8,85.438,0.02,3.1820,3.18208,8.000
8,85.500,0.02,3.1197,3.11980,8.000
8,85.562,0.01,3.0570,3.05708,8.000
8,85.625,0.01,2.9946,2.99475,8.000
8,85.688,0.02,2.9320,2.93210,8.000
8,85.750,0.00,2.8696,2.86970,8.000
8,85.812,0.01,2.8071,2.80718,8.000
8,85.875,0.00,2.7446,2.74465,8.000
8,85.938,0.02,2.6820,2.68215,8.000
8,86.000,0.02,2.6194,2.61950,8.000
8,86.062,0.00,2.5570,2.55710,8.000
8,86.125,0.01,2.4943,2.49440,8.000
8,86.188,0.01,2.4320,2.43210,8.000
8,86.250,0.01,2.3695,2.36960,8.000
8,86.312,0.02,2.3071,2.30715,8.000
8,86.375,0.01,2.2444,2.24450,8.000
8,86.438,0.00,2.1818,2.18195,8.000
8,86.500,0.01,2.1195,2.11960,8.000
8,86.562,0.00,2.0569,2.05698,8.000
8,86.625,0.01,1.9944,1.99450,8.000
8,86.688,0.01,1.9318,1.93192,8.000
8,86.750,0.01,1.8694,1.86950,8.000
8,86.812,0.01,1.8067,1.80683,8.000
8,86.875,0.01,1.7444,1.74450,8.000
8,86.938,0.01,1.6820,1.68215,8.000
8,87.000,0.01,1.6195,1.61960,8.000
8,87.062,0.01,1.5571,1.55718,8.000
8,87.125,0.01,1.4944,1.49445,8.000
8,87.188,0.01,1.4320,1.43210,8.000
8,87.250,0.01,1.3694,1.36950,8.000
8,87.312,0.01,1.3070,1.30713,8.000
8,87.375,0.01,1.2443,1.24440,8.000
8,87.438,0.01,1.1819,1.18198,8.000
8,87.500,0.01,1.1195,1.11960,8.000
8,87.562,0.00,1.0570,1.05705,8.000
8,87.625,0.00,0.9944,0.99450,8.000
8,87.688,0.00,0.9317,0.93182,8.000
8,87.750,0.01,0.8694,0.86950,8.000
8,87.812,0.01,0.8068,0.80690,8.000
8,87.875,0.01,0.7444,0.74450,8.000
8,87.938,0.01,0.6819,0.68198,8.000
8,88.000,0.01,0.6195,0.61960,8.000
8,88.062,0.01,0.5569,0.55695,8.000
8,88.125,0.01,0.4942,0.49435,8.000
8,88.188,0.00,0.4319,0.43198,8.000
8,88.250,0.01,0.3693,0.36940,8.000
8,88.312,0.01,0.3068,0.30693,8.000
8,88.375,0.01,0.2443,0.24435,8.000
8,88.438,0.01,0.1818,0.18192,8.000
8,88.500,0.01,0.1193,0.11940,8.000
8,88.562,0.01,0.0567,0.05678,8.000
8,88.625,0.01,-0.0058,-0.00565,8.000
8,88.750,0.01,-0.0111,-0.01100,8.000
8,88.812,0.01,-0.0003,-0.00020,8.000
8,88.875,0.01,-0.0003,-0.00020,8.000
8,88.938,0.01,-0.0003,-0.00020,8.000
8,89.000,0.01,-0.0003,-0.00020,8.000
8,89.062,0.01,-0.0003,-0.00020,8.000
8,89.125,0.01,-0.0003,-0.00020,8.000
8,89.188,0.01,-0.0003,-0.00020,8.000
8,89.250,0.02,-0.0003,-0.00020,8.000
8,89.312,0.01,-0.0003,-0.00020,8.000
8,89.375,0.01,-0.0003,-0.00020,8.000
8,89.438,0.01,-0.0003,-0.00020,8.000
8,89.500,0.01,-0.0003,-0.00020,8.000
8,89.562,0.01,-0.0003,-0.00020,8.000
8,89.625,0.01,-0.0003,-0.00020,8.000
8,89.688,0.01,-0.0003,-0.00020,8.000
8,89.750,0.01,-0.0003,-0.00020,8.000
8,89.812,0.01,-0.0003,-0.00020,8.000
8,89.875,0.01,-0.0003,-0.00020,8.000
8,89.938,0.01,-0.0003,-0.00020,8.000
8,90.000,0.01,-0.0003,-0.00020,8.000
8,90.062,0.01,-0.0003,-0.00020,8.000
8,90.125,0.01,-0.0003,-0.00020,8.000
8,90.188,0.00,-0.0003,-0.00020,8.000
8,90.250,0.01,-0.0003,-0.00020,8.000
8,90.312,0.00,-0.0003,-0.00020,8.000
8,90.375,0.00,-0.0002,-0.00010,8.000
8,90.438,0.01,-0.0002,-0.00010,8.000
8,90.500,0.01,-0.0002,-0.00010,8.000
8,90.562,0.01,-0.0002,-0.00010,8.000
8,90.625,0.01,-0.0002,-0.00010,8.000
8,90.688,0.01,-0.0002,-0.00010,8.000
8,90.750,0.01,-0.0002,-0.00010,8.000
8,90.812,0.01,-0.0002,-0.00010,8.000
8,90.875,0.01,-0.0002,-0.00010,8.000
8,90.938,0.01,-0.0002,-0.00010,8.000
8,91.000,0.02,-0.0002,-0.00010,8.000
8,91.062,0.01,-0.0002,-0.00010,8.000
8,91.125,0.01,-0.0002,-0.00010,8.000
8,91.188,0.01,-0.0002,-0.00010,8.000
8,91.250,0.01,-0.0002,-0.00010,8.000
8,91.312,0.01,-0.0002,-0.00010,8.000
8,91.375,0.01,-0.0002,-0.00010,8.000
8,91.438,0.01,-0.0002,-0.00010,8.000
8,91.500,0.01,-0.0002,-0.00010,8.000
8,91.562,0.01,-0.0002,-0.00010,8.000
8,91.625,0.01,-0.0002,-0.00010,8.000
8,91.688,0.01,-0.0002,-0.00010,8.000
9,92.000,0.01,0.0785,0.07860,9.000
9,92.062,0.01,0.1411,0.14117,9.000
9,92.125,0.01,0.2036,0.20365,9.000
9,92.188,0.00,0.2662,0.26628,9.000
9,92.250,0.00,0.3286,0.32870,9.000
9,92.312,0.00,0.3912,0.39130,9.000
9,92.375,0.00,0.4536,0.45365,9.000
9,92.438,0.00,0.5161,0.51623,9.000
9,92.500,0.00,0.5787,0.57880,9.000
9,92.562,0.00,0.6412,0.64135,9.000
9,92.625,0.01,0.7038,0.70385,9.000
9,92.688,0.01,0.7662,0.76625,9.000
9,92.750,0.00,0.8287,0.82880,9.000
9,92.812,0.00,0.8910,0.89112,9.000
9,92.875,0.01,0.9537,0.95380,9.000
9,92.938,0.00,1.0161,1.01620,9.000
9,93.000,0.00,1.0789,1.07900,9.000
9,93.062,0.01,1.1411,1.14122,9.000
9,93.125,0.00,1.2037,1.20380,9.000
9,93.188,0.01,1.2663,1.26635,9.000
9,93.250,0.00,1.3287,1.32880,9.000
9,93.312,0.00,1.3913,1.39142,9.000
9,93.375,0.01,1.4536,1.45375,9.000
9,93.438,0.01,1.5162,1.51635,9.000
9,93.500,0.00,1.5787,1.57880,9.000
9,93.562,0.01,1.6414,1.64150,9.000
9,93.625,0.00,1.7038,1.70390,9.000
9,93.688,0.01,1.7661,1.76623,9.000
9,93.750,0.00,1.8287,1.82880,9.000
9,93.812,0.00,1.8911,1.89122,9.000
9,93.875,0.00,1.9538,1.95385,9.000
9,93.938,0.01,2.0161,2.01623,9.000
9,94.000,0.00,2.0789,2.07900,9.000
9,94.062,0.00,2.1412,2.14132,9.000
9,94.125,0.00,2.2038,2.20385,9.000
9,94.188,0.01,2.2664,2.26648,9.000
9,94.250,0.00,2.3287,2.32880,9.000
9,94.312,0.00,2.3913,2.39140,9.000
9,94.375,0.00,2.4537,2.45380,9.000
9,94.438,0.01,2.5164,2.51645,9.000
9,94.500,0.00,2.5787,2.57880,9.000
9,94.562,0.01,2.6413,2.64145,9.000
9,94.625,0.00,2.7038,2.70385,9.000
9,94.688,0.00,2.7663,2.76643,9.000
9,94.750,0.00,2.8288,2.82890,9.000
9,94.812,0.00,2.8913,2.89137,9.000
9,94.875,0.00,2.9538,2.95395,9.000
9,94.938,0.00,3.0162,3.01635,9.000
9,95.000,0.01,3.0790,3.07910,9.000
9,95.062,0.02,3.1413,3.14140,9.000
9,95.125,0.02,3.2038,3.20395,9.000
9,95.188,0.03,3.2662,3.26632,9.000
9,95.250,0.04,3.3287,3.32880,9.000
9,95.312,0.06,3.3913,3.39140,9.000
9,95.375,0.08,3.4538,3.45385,9.000
9,95.438,0.12,3.5164,3.51650,9.000
9,95.500,0.16,3.5788,3.57890,9.000
9,95.562,0.22,3.6415,3.64160,9.000
9,95.625,0.30,3.7038,3.70390,9.000
9,95.688,0.40,3.7664,3.76648,9.000
9,95.750,0.53,3.8288,3.82890,9.000
9,95.812,0.67,3.8913,3.89142,9.000
9,95.875,0.83,3.9538,3.95395,9.000
9,95.938,1.03,4.0163,4.01635,9.000
9,96.062,1.08,4.0170,4.01705,9.000
9,96.125,0.83,3.9546,3.95470,9.000
9,96.188,0.63,3.8920,3.89210,9.000
9,96.250,0.47,3.8295,3.82960,9.000
9,96.312,0.35,3.7671,3.76723,9.000
9,96.375,0.25,3.7046,3.70470,9.000
9,96.438,0.17,3.6422,3.64230,9.000
9,96.500,0.11,3.5796,3.57970,9.000
9,96.562,0.07,3.5171,3.51720,9.000
9,96.625,0.05,3.4545,3.45460,9.000
9,96.688,0.03,3.3922,3.39228,9.000
9,96.750,0.02,3.3296,3.32970,9.000
9,96.812,0.02,3.2670,3.26708,9.000
9,96.875,0.01,3.2046,3.20465,9.000
9,96.938,0.01,3.1420,3.14215,9.000
9,97.000,0.00,3.0796,3.07970,9.000
9,97.062,0.01,3.0170,3.01710,9.000
9,97.125,0.00,2.9546,2.95470,9.000
9,97.188,0.00,2.8920,2.89208,9.000
9,97.250,0.00,2.8296,2.82970,9.000
9,97.312,0.01,2.7671,2.76718,9.000
9,97.375,0.00,2.7044,2.70455,9.000
9,97.438,0.00,2.6420,2.64210,9.000
9,97.500,0.00,2.5794,2.57950,9.000
9,97.562,0.00,2.5170,2.51708,9.000
9,97.625,0.00,2.4543,2.45445,9.000
9,97.688,0.01,2.3921,2.39218,9.000
9,97.750,0.01,2.3295,2.32960,9.000
9,97.812,0.00,2.2671,2.26715,9.000
9,97.875,0.00,2.2044,2.20450,9.000
9,97.938,0.00,2.1418,2.14195,9.000
9,98.000,0.00,2.0795,2.07960,9.000
9,98.062,0.00,2.0169,2.01700,9.000
9,98.125,0.00,1.9544,1.95455,9.000
9,98.188,0.00,1.8918,1.89190,9.000
9,98.250,0.01,1.8294,1.82950,9.000
9,98.312,0.01,1.7668,1.76690,9.000
9,98.375,0.00,1.7044,1.70455,9.000
9,98.438,0.00,1.6421,1.64218,9.000
9,98.500,0.01,1.5794,1.57950,9.000
9,98.562,0.01,1.5170,1.51710,9.000
9,98.625,0.00,1.4544,1.45450,9.000
9,98.688,0.00,1.3921,1.39218,9.000
9,98.750,0.00,1.3294,1.32950,9.000
9,98.812,0.00,1.2670,1.26705,9.000
9,98.875,0.01,1.2043,1.20440,9.000
9,98.938,0.00,1.1418,1.14195,9.000
9,99.000,0.01,1.0795,1.07960,9.000
9,99.062,0.00,1.0169,1.01700,9.000
9,99.125,0.00,0.9544,0.95450,9.000
9,99.188,0.01,0.8917,0.89182,9.000
9,99.250,0.01,0.8294,0.82950,9.000
9,99.312,0.01,0.7668,0.76693,9.000
9,99.375,0.00,0.7044,0.70450,9.000
9,99.438,0.00,0.6420,0.64205,9.000
9,99.500,0.01,0.5794,0.57950,9.000
9,99.562,0.01,0.5169,0.51700,9.000
9,99.625,0.00,0.4543,0.45435,9.000
9,99.688,0.00,0.3919,0.39200,9.000
9,99.750,0.00,0.3292,0.32930,9.000
9,99.812,0.00,0.2668,0.26693,9.000
9,99.875,0.00,0.2042,0.20430,9.000
9,99.938,0.00,0.1418,0.14192,9.000
9,100.000,0.01,0.0792,0.07930,9.000
9,100.062,0.00,0.0167,0.01683,9.000
9,100.188,0.01,-0.0338,-0.03365,9.000
9,100.250,0.00,-0.0004,-0.00030,9.000
9,100.312,0.00,-0.0003,-0.00020,9.000
9,100.375,0.00,-0.0003,-0.00020,9.000
9,100.438,0.00,-0.0003,-0.00020,9.000
9,100.500,0.00,-0.0003,-0.00020,9.000
9,100.562,0.00,-0.0003,-0.00020,9.000
9,100.625,0.00,-0.0003,-0.00020,9.000
9,100.688,0.00,-0.0003,-0.00020,9.000
9,100.750,0.00,-0.0003,-0.00020,9.000
9,100.812,0.01,-0.0003,-0.00020,9.000
9,100.875,0.00,-0.0003,-0.00020,9.000
9,100.938,0.01,-0.0003,-0.00020,9.000
9,101.000,0.00,-0.0003,-0.00020,9.000
9,101.062,0.00,-0.0003,-0.00020,9.000
9,101.125,0.01,-0.0003,-0.00020,9.000
9,101.188,0.00,-0.0003,-0.00020,9.000
9,101.250,0.00,-0.0003,-0.00020,9.000
9,101.312,0.00,-0.0003,-0.00020,9.000
9,101.375,0.00,-0.0003,-0.00020,9.000
9,101.438,0.01,-0.0003,-0.00020,9.000
9,101.500,0.01,-0.0003,-0.00020,9.000
9,101.562,0.00,-0.0003,-0.00020,9.000
9,101.625,0.00,-0.0003,-0.00020,9.000
9,101.688,0.00,-0.0002,-0.00012,9.000
9,101.750,0.00,-0.0002,-0.00010,9.000
9,101.812,0.00,-0.0002,-0.00010,9.000
9,101.875,0.00,-0.0002,-0.00010,9.000
9,101.938,0.00,-0.0002,-0.00010,9.000
9,102.000,0.01,-0.0002,-0.00010,9.000
9,102.062,0.00,-0.0002,-0.00010,9.000
9,102.125,0.01,-0.0002,-0.00010,9.000
9,102.188,0.01,-0.0002,-0.00010,9.000
9,102.250,0.01,-0.0002,-0.00010,9.000
9,102.312,0.00,-0.0002,-0.00010,9.000
9,102.375,0.01,-0.0002,-0.00010,9.000
9,102.438,0.01,-0.0002,-0.00010,9.000
9,102.500,0.00,-0.0002,-0.00010,9.000
9,102.562,0.00,-0.0002,-0.00010,9.000
9,102.625,0.00,-0.0002,-0.00010,9.000
9,102.688,0.00,-0.0002,-0.00010,9.000
9,102.750,0.01,-0.0002,-0.00010,9.000
9,102.812,0.00,-0.0002,-0.00010,9.000
9,102.875,0.00,-0.0002,-0.00010,9.000
9,102.938,0.00,-0.0002,-0.00010,9.000
9,103.000,0.01,-0.0002,-0.00010,9.000
9,103.062,0.00,-0.0002,-0.00010,9.000
9,103.125,0.00,-0.0002,-0.00010,9.000
10,103.438,0.01,0.0671,0.06715,10.000
10,103.500,0.01,0.1295,0.12960,10.000
10,103.562,0.01,0.1922,0.19227,10.000
10,103.625,0.01,0.2546,0.25470,10.000
10,103.688,0.01,0.3172,0.31728,10.000
10,103.750,0.01,0.3796,0.37970,10.000
10,103.812,0.01,0.4420,0.44210,10.000
10,103.875,0.01,0.5046,0.50465,10.000
10,103.938,0.01,0.5671,0.56715,10.000
10,104.000,0.01,0.6297,0.62980,10.000
10,104.062,0.00,0.6920,0.69215,10.000
10,104.125,0.01,0.7548,0.75485,10.000
10,104.188,0.01,0.8172,0.81728,10.000
10,104.250,0.01,0.8797,0.87980,10.000
10,104.312,0.01,0.9421,0.94220,10.000
10,104.375,0.01,1.0047,1.00480,10.000
10,104.438,0.01,1.0672,1.06730,10.000
10,104.500,0.01,1.1295,1.12960,10.000
10,104.562,0.00,1.1922,1.19232,10.000
10,104.625,0.01,1.2546,1.25475,10.000
10,104.688,0.01,1.3173,1.31740,10.000
10,104.750,0.01,1.3797,1.37980,10.000
10,104.812,0.01,1.4423,1.44240,10.000
10,104.875,0.01,1.5047,1.50480,10.000
10,104.938,0.01,1.5672,1.56735,10.000
10,105.000,0.01,1.6300,1.63010,10.000
10,105.062,0.01,1.6923,1.69237,10.000
10,105.125,0.02,1.7547,1.75480,10.000
10,105.188,0.01,1.8171,1.81720,10.000
10,105.250,0.01,1.8798,1.87990,10.000
10,105.312,0.01,1.9422,1.94230,10.000
10,105.375,0.01,2.0048,2.00485,10.000
10,105.438,0.01,2.0673,2.06738,10.000
10,105.500,0.01,2.1296,2.12970,10.000
10,105.562,0.01,2.1923,2.19242,10.000
10,105.625,0.01,2.2548,2.25485,10.000
10,105.688,0.01,2.3174,2.31748,10.000
10,105.750,0.01,2.3797,2.37980,10.000
10,105.812,0.01,2.4423,2.44237,10.000
10,105.875,0.01,2.5047,2.50480,10.000
10,105.938,0.01,2.5672,2.56733,10.000
10,106.000,0.01,2.6298,2.62990,10.000
10,106.062,0.01,2.6922,2.69235,10.000
10,106.125,0.01,2.7548,2.75490,10.000
10,106.188,0.00,2.8172,2.81733,10.000
10,106.250,0.01,2.8800,2.88010,10.000
10,106.312,0.01,2.9422,2.94232,10.000
10,106.375,0.01,3.0049,3.00500,10.000
10,106.438,0.01,3.0674,3.06748,10.000
10,106.500,0.01,3.1298,3.12990,10.000
10,106.562,0.03,3.1923,3.19242,10.000
10,106.625,0.03,3.2547,3.25480,10.000
10,106.688,0.05,3.3173,3.31740,10.000
10,106.750,0.06,3.3796,3.37970,10.000
10,106.812,0.09,3.4423,3.44245,10.000
10,106.875,0.11,3.5048,3.50490,10.000
10,106.938,0.15,3.5674,3.56750,10.000
10,107.000,0.22,3.6299,3.63000,10.000
10,107.062,0.29,3.6924,3.69247,10.000
10,107.125,0.39,3.7549,3.75500,10.000
10,107.188,0.51,3.8173,3.81740,10.000
10,107.250,0.64,3.8798,3.87990,10.000
10,107.312,0.81,3.9422,3.94232,10.000
10,107.375,1.00,4.0048,4.00495,10.000
10,107.500,1.15,4.0301,4.03020,10.000
10,107.562,0.88,3.9680,3.96808,10.000
10,107.625,0.68,3.9055,3.90560,10.000
10,107.688,0.51,3.8431,3.84320,10.000
10,107.750,0.38,3.7804,3.78050,10.000
10,107.812,0.28,3.7182,3.71830,10.000
10,107.875,0.19,3.6556,3.65570,10.000
10,107.938,0.12,3.5932,3.59328,10.000
10,108.000,0.08,3.5306,3.53070,10.000
10,108.062,0.06,3.4681,3.46818,10.000
10,108.125,0.04,3.4056,3.40565,10.000
10,108.188,0.03,3.3430,3.34312,10.000
10,108.250,0.02,3.2805,3.28060,10.000
10,108.312,0.02,3.2179,3.21803,10.000
10,108.375,0.02,3.1557,3.15575,10.000
10,108.438,0.01,3.0931,3.09315,10.000
10,108.500,0.01,3.0307,3.03080,10.000
10,108.562,0.01,2.9680,2.96813,10.000
10,108.625,0.01,2.9054,2.90555,10.000
10,108.688,0.01,2.8431,2.84323,10.000
10,108.750,0.01,2.7804,2.78050,10.000
10,108.812,0.01,2.7180,2.71813,10.000
10,108.875,0.01,2.6554,2.65550,10.000
10,108.938,0.01,2.5931,2.59315,10.000
10,109.000,0.01,2.5304,2.53050,10.000
10,109.062,0.01,2.4680,2.46808,10.000
10,109.125,0.01,2.4054,2.40550,10.000
10,109.188,0.01,2.3430,2.34305,10.000
10,109.250,0.00,2.2805,2.28060,10.000
10,109.312,0.01,2.2180,2.21805,10.000
10,109.375,0.01,2.1554,2.15555,10.000
10,109.438,0.01,2.0928,2.09293,10.000
10,109.500,0.01,2.0305,2.03060,10.000
10,109.562,0.01,1.9679,1.96795,10.000
10,109.625,0.01,1.9053,1.90540,10.000
10,109.688,0.01,1.8427,1.84283,10.000
10,109.750,0.02,1.7803,1.78040,10.000
10,109.812,0.01,1.7180,1.71805,10.000
10,109.875,0.01,1.6556,1.65565,10.000
10,109.938,0.01,1.5931,1.59318,10.000
10,110.000,0.01,1.5303,1.53040,10.000
10,110.062,0.01,1.4680,1.46808,10.000
10,110.125,0.01,1.4054,1.40555,10.000
10,110.188,0.01,1.3429,1.34298,10.000
10,110.250,0.01,1.2804,1.28050,10.000
10,110.312,0.01,1.2178,1.21788,10.000
10,110.375,0.01,1.1555,1.15555,10.000
10,110.438,0.01,1.0929,1.09295,10.000
10,110.500,0.01,1.0306,1.03070,10.000
10,110.562,0.01,0.9677,0.96783,10.000
10,110.625,0.01,0.9053,0.90540,10.000
10,110.688,0.01,0.8428,0.84290,10.000
10,110.750,0.01,0.7803,0.78040,10.000
10,110.812,0.01,0.7179,0.71795,10.000
10,110.875,0.01,0.6554,0.65545,10.000
10,110.938,0.00,0.5930,0.59308,10.000
10,111.000,0.01,0.5302,0.53030,10.000
10,111.062,0.01,0.4679,0.46798,10.000
10,111.125,0.01,0.4052,0.40535,10.000
10,111.188,0.01,0.3429,0.34300,10.000
10,111.250,0.01,0.2803,0.28040,10.000
10,111.312,0.01,0.2178,0.21788,10.000
10,111.375,0.01,0.1553,0.15545,10.000
10,111.438,0.01,0.0927,0.09280,10.000
10,111.500,0.01,0.0304,0.03050,10.000
10,111.688,0.01,-0.0053,-0.00518,10.000
10,111.750,0.01,-0.0003,-0.00020,10.000
10,111.812,0.01,-0.0003,-0.00020,10.000
10,111.875,0.01,-0.0003,-0.00020,10.000
10,111.938,0.01,-0.0003,-0.00020,10.000
10,112.000,0.01,-0.0003,-0.00020,10.000
10,112.062,0.01,-0.0003,-0.00020,10.000
10,112.125,0.01,-0.0003,-0.00020,10.000
10,112.188,0.01,-0.0003,-0.00020,10.000
10,112.250,0.01,-0.0003,-0.00020,10.000
10,112.312,0.01,-0.0003,-0.00020,10.000
10,112.375,0.01,-0.0003,-0.00020,10.000
10,112.438,0.01,-0.0003,-0.00020,10.000
10,112.500,0.01,-0.0003,-0.00020,10.000
10,112.562,0.01,-0.0003,-0.00020,10.000
10,112.625,0.01,-0.0003,-0.00020,10.000
10,112.688,0.01,-0.0003,-0.00020,10.000
10,112.750,0.01,-0.0003,-0.00020,10.000
10,112.812,0.01,-0.0003,-0.00020,10.000
10,112.875,0.01,-0.0003,-0.00020,10.000
10,112.938,0.01,-0.0003,-0.00020,10.000
10,113.000,0.01,-0.0002,-0.00010,10.000
10,113.062,0.01,-0.0002,-0.00010,10.000
10,113.125,0.01,-0.0002,-0.00010,10.000
10,113.188,0.01,-0.0002,-0.00010,10.000
10,113.250,0.01,-0.0002,-0.00010,10.000
10,113.312,0.01,-0.0002,-0.00010,10.000
10,113.375,0.01,-0.0002,-0.00010,10.000
10,113.438,0.01,-0.0002,-0.00010,10.000
10,113.500,0.02,-0.0002,-0.00010,10.000
10,113.562,0.01,-0.0002,-0.00010,10.000
10,113.625,0.01,-0.0002,-0.00010,10.000
10,113.688,0.01,-0.0002,-0.00010,10.000
10,113.750,0.02,-0.0002,-0.00010,10.000
10,113.812,0.01,-0.0002,-0.00010,10.000
10,113.875,0.01,-0.0002,-0.00010,10.000
10,113.938,0.01,-0.0002,-0.00010,10.000
10,114.000,0.01,-0.0002,-0.00010,10.000
10,114.062,0.01,-0.0002,-0.00010,10.000
10,114.125,0.01,-0.0002,-0.00010,10.000
10,114.188,0.01,-0.0002,-0.00010,10.000
10,114.250,0.01,-0.0002,-0.00010,10.000
10,114.312,0.01,-0.0002,-0.00010,10.000
10,114.375,0.01,-0.0002,-0.00010,10.000
10,114.438,0.01,-0.0002,-0.00010,10.000
10,114.500,0.01,-0.0002,-0.00010,10.000
10,114.562,0.00,-0.0002,-0.00010,10.000
10,114.625,0.01,-0.0002,-0.00010,10.000


