""
"Test Method","Radhen_Load_Cntrl_Cmprsn_250N_12-7.msm"
"Sample I. D.","Sample1.mss"
"Specimen Number","13"

"TheCycle_Output ()","_Time (s)","_Load (N)","_Extension (mm)","RealTimeDepth (mm)","CycleNumber ()"

1,0.312,0.01,0.0711,0.07115,1.000
1,0.375,0.00,0.1337,0.13370,1.000
1,0.438,0.01,0.1961,0.19612,1.000
1,0.500,0.00,0.2589,0.25890,1.000
1,0.562,0.01,0.3213,0.32130,1.000
1,0.625,0.01,0.3838,0.38385,1.000
1,0.688,0.01,0.4463,0.44628,1.000
1,0.750,0.00,0.5087,0.50870,1.000
1,0.812,0.00,0.5713,0.57130,1.000
1,0.875,0.01,0.6337,0.63370,1.000
1,0.938,0.00,0.6964,0.69638,1.000
1,1.000,0.00,0.7587,0.75870,1.000
1,1.062,0.00,0.8214,0.82135,1.000
1,1.125,0.01,0.8837,0.88375,1.000
1,1.188,0.01,0.9463,0.94625,1.000
1,1.250,0.00,1.0088,1.00880,1.000
1,1.312,0.01,1.0712,1.07122,1.000
1,1.375,0.00,1.1338,1.13385,1.000
1,1.438,0.01,1.1962,1.19620,1.000
1,1.500,0.01,1.2588,1.25880,1.000
1,1.562,0.01,1.3213,1.32130,1.000
1,1.625,0.01,1.3838,1.38385,1.000
1,1.688,0.00,1.4463,1.44628,1.000
1,1.750,0.00,1.5088,1.50880,1.000
1,1.812,0.00,1.5713,1.57132,1.000
1,1.875,0.01,1.6336,1.63365,1.000
1,1.938,0.02,1.6964,1.69638,1.000
1,2.000,0.03,1.7587,1.75870,1.000
1,2.062,0.05,1.8215,1.82148,1.000
1,2.125,0.07,1.8838,1.88385,1.000
1,2.188,0.10,1.9464,1.94640,1.000
1,2.250,0.14,2.0089,2.00890,1.000
1,2.312,0.21,2.0713,2.07128,1.000
1,2.375,0.30,2.1339,2.13390,1.000
1,2.438,0.41,2.1962,2.19625,1.000
1,2.500,0.54,2.2589,2.25890,1.000
1,2.562,0.69,2.3212,2.32125,1.000
1,2.625,0.86,2.3840,2.38400,1.000
1,2.688,1.07,2.4464,2.44638,1.000
1,2.750,1.29,2.5090,2.50900,1.000
1,2.812,1.54,2.5714,2.57140,1.000
1,2.875,1.83,2.6338,2.63385,1.000
1,2.938,2.14,2.6964,2.69638,1.000
1,3.000,2.49,2.7587,2.75870,1.000
1,3.062,2.87,2.8214,2.82138,1.000
1,3.125,3.31,2.8838,2.88375,1.000
1,3.188,3.79,2.9464,2.94638,1.000
1,3.250,4.30,3.0088,3.00880,1.000
1,3.312,4.87,3.0714,3.07140,1.000
1,3.375,5.49,3.1339,3.13390,1.000
1,3.438,6.15,3.1964,3.19640,1.000
1,3.500,6.87,3.2589,3.25890,1.000
1,3.562,7.64,3.3212,3.32122,1.000
1,3.625,8.46,3.3839,3.38390,1.000
1,3.688,9.34,3.4463,3.44628,1.000
1,3.750,10.27,3.5089,3.50890,1.000
1,3.812,11.27,3.5713,3.57132,1.000
1,3.875,12.31,3.6338,3.63385,1.000
1,3.938,13.41,3.6964,3.69640,1.000
1,4.000,14.57,3.7587,3.75870,1.000
1,4.062,15.79,3.8214,3.82142,1.000
1,4.125,17.08,3.8838,3.88380,1.000
1,4.188,18.43,3.9465,3.94648,1.000
1,4.250,19.87,4.0088,4.00880,1.000
1,4.312,21.39,4.0714,4.07142,1.000
1,4.375,23.00,4.1339,4.13385,1.000
1,4.438,24.71,4.1964,4.19638,1.000
1,4.500,26.50,4.2589,4.25890,1.000
1,4.562,28.42,4.3214,4.32145,1.000
1,4.625,30.44,4.3840,4.38395,1.000
1,4.750,28.86,4.3797,4.37970,1.000
1,4.812,24.99,4.3171,4.31713,1.000
1,4.875,21.94,4.2547,4.25470,1.000
1,4.938,19.37,4.1922,4.19218,1.000
1,5.000,17.17,4.1296,4.12960,1.000
1,5.062,15.23,4.0672,4.06720,1.000
1,5.125,13.55,4.0046,4.00460,1.000
1,5.188,12.05,3.9422,3.94223,1.000
1,5.250,10.72,3.8797,3.87970,1.000
1,5.312,9.55,3.8172,3.81718,1.000
1,5.375,8.50,3.7547,3.75470,1.000
1,5.438,7.58,3.6922,3.69220,1.000
1,5.500,6.76,3.6297,3.62970,1.000
1,5.562,6.02,3.5671,3.56705,1.000
1,5.625,5.38,3.5046,3.50460,1.000
1,5.688,4.80,3.4421,3.44208,1.000
1,5.750,4.29,3.3797,3.37970,1.000
1,5.812,3.82,3.3170,3.31700,1.000
1,5.875,3.40,3.2546,3.25455,1.000
1,5.938,3.03,3.1920,3.19200,1.000
1,6.000,2.69,3.1296,3.12960,1.000
1,6.062,2.38,3.0671,3.06713,1.000
1,6.125,2.10,3.0045,3.00450,1.000
1,6.188,1.84,2.9421,2.94208,1.000
1,6.250,1.60,2.8794,2.87940,1.000
1,6.312,1.38,2.8170,2.81700,1.000
1,6.375,1.18,2.7544,2.75445,1.000
1,6.438,1.00,2.6920,2.69203,1.000
1,6.500,0.83,2.6295,2.62950,1.000
1,6.562,0.68,2.5670,2.56695,1.000
1,6.625,0.55,2.5046,2.50455,1.000
1,6.688,0.44,2.4420,2.44203,1.000
1,6.750,0.34,2.3797,2.37970,1.000
1,6.812,0.25,2.3169,2.31690,1.000
1,6.875,0.17,2.2545,2.25450,1.000
1,6.938,0.11,2.1920,2.19195,1.000
1,7.000,0.06,2.1294,2.12940,1.000
1,7.062,0.04,2.0669,2.06693,1.000
1,7.125,0.03,2.0044,2.00435,1.000
1,7.188,0.02,1.9420,1.94198,1.000
1,7.250,0.02,1.8793,1.87930,1.000
1,7.312,0.01,1.8171,1.81708,1.000
1,7.375,0.01,1.7544,1.75445,1.000
1,7.438,0.01,1.6919,1.69193,1.000
1,7.500,0.01,1.6294,1.62940,1.000
1,7.562,0.00,1.5669,1.56690,1.000
1,7.625,0.00,1.5045,1.50450,1.000
1,7.688,0.00,1.4419,1.44185,1.000
1,7.750,0.00,1.3793,1.37930,1.000
1,7.812,0.00,1.3169,1.31685,1.000
1,7.875,0.00,1.2544,1.25445,1.000
1,7.938,0.00,1.1919,1.19188,1.000
1,8.000,0.00,1.1295,1.12950,1.000
1,8.062,0.01,1.0669,1.06690,1.000
1,8.125,0.01,1.0044,1.00435,1.000
1,8.188,0.01,0.9419,0.94187,1.000
1,8.250,0.01,0.8793,0.87930,1.000
1,8.312,0.01,0.8169,0.81693,1.000
1,8.375,0.00,0.7543,0.75425,1.000
1,8.438,0.01,0.6919,0.69190,1.000
1,8.500,0.00,0.6293,0.62930,1.000
1,8.562,0.01,0.5669,0.56693,1.000
1,8.625,0.00,0.5043,0.50430,1.000
1,8.688,0.01,0.4418,0.44180,1.000
1,8.750,0.00,0.3795,0.37950,1.000
1,8.812,0.00,0.3168,0.31680,1.000
1,8.875,0.00,0.2544,0.25440,1.000
1,8.938,0.00,0.1917,0.19175,1.000
1,9.000,0.00,0.1294,0.12940,1.000
1,9.062,0.01,0.0668,0.06683,1.000
1,9.125,0.00,0.0043,0.00430,1.000
1,9.250,0.00,-0.0058,-0.00580,1.000
1,9.312,0.00,-0.0003,-0.00030,1.000
1,9.375,0.00,-0.0002,-0.00020,1.000
1,9.438,0.00,-0.0002,-0.00020,1.000
1,9.500,0.01,-0.0003,-0.00030,1.000
1,9.562,0.00,-0.0002,-0.00020,1.000
1,9.625,0.00,-0.0002,-0.00020,1.000
1,9.688,0.01,-0.0002,-0.00020,1.000
1,9.750,0.00,-0.0002,-0.00020,1.000
1,9.812,0.01,-0.0002,-0.00020,1.000
1,9.875,0.00,-0.0002,-0.00020,1.000
1,9.938,0.00,-0.0002,-0.00020,1.000
1,10.000,0.00,-0.0002,-0.00020,1.000
1,10.062,0.01,-0.0002,-0.00020,1.000
1,10.125,0.00,-0.0002,-0.00020,1.000
1,10.188,0.01,-0.0002,-0.00020,1.000
1,10.250,0.00,-0.0002,-0.00020,1.000
1,10.312,0.00,-0.0002,-0.00020,1.000
1,10.375,0.01,-0.0002,-0.00020,1.000
1,10.438,0.00,-0.0002,-0.00020,1.000
1,10.500,0.00,-0.0002,-0.00020,1.000
1,10.562,0.00,-0.0002,-0.00020,1.000
1,10.625,0.00,-0.0002,-0.00020,1.000
1,10.688,0.00,-0.0002,-0.00020,1.000
1,10.750,0.00,-0.0002,-0.00020,1.000
1,10.812,0.00,-0.0002,-0.00020,1.000
1,10.875,0.00,-0.0002,-0.00020,1.000
1,10.938,0.00,-0.0002,-0.00020,1.000
1,11.000,0.00,-0.0002,-0.00020,1.000
1,11.062,0.00,-0.0002,-0.00020,1.000
1,11.125,0.00,-0.0002,-0.00020,1.000
1,11.188,0.00,-0.0002,-0.00020,1.000
1,11.250,0.01,-0.0002,-0.00020,1.000
1,11.312,0.01,-0.0002,-0.00020,1.000
1,11.375,0.00,-0.0002,-0.00020,1.000
1,11.438,0.00,-0.0002,-0.00020,1.000
1,11.500,0.00,-0.0002,-0.00020,1.000
1,11.562,0.00,-0.0002,-0.00020,1.000
1,11.625,0.00,-0.0002,-0.00020,1.000
1,11.688,0.00,-0.0002,-0.00020,1.000
1,11.750,0.00,-0.0002,-0.00020,1.000
1,11.812,0.00,-0.0002,-0.00020,1.000
1,11.875,0.00,-0.0002,-0.00020,1.000
1,11.938,0.01,-0.0002,-0.00020,1.000
1,12.000,0.00,-0.0002,-0.00020,1.000
1,12.062,0.00,-0.0002,-0.00020,1.000
1,12.125,0.00,-0.0002,-0.00020,1.000
1,12.188,0.00,-0.0002,-0.00020,1.000
2,12.500,0.00,0.0846,0.08470,2.000
2,12.562,0.00,0.1471,0.14717,2.000
2,12.625,0.00,0.2096,0.20975,2.000
2,12.688,-0.01,0.2721,0.27223,2.000
2,12.750,0.00,0.3348,0.33490,2.000
2,12.812,0.00,0.3972,0.39730,2.000
2,12.875,-0.01,0.4597,0.45980,2.000
2,12.938,-0.01,0.5220,0.52210,2.000
2,13.000,-0.01,0.5847,0.58480,2.000
2,13.062,0.00,0.6472,0.64730,2.000
2,13.125,0.00,0.7096,0.70970,2.000
2,13.188,0.00,0.7722,0.77228,2.000
2,13.250,-0.01,0.8346,0.83470,2.000
2,13.312,0.00,0.8973,0.89737,2.000
2,13.375,-0.01,0.9596,0.95970,2.000
2,13.438,0.00,1.0222,1.02233,2.000
2,13.500,-0.01,1.0847,1.08480,2.000
2,13.562,-0.01,1.1472,1.14735,2.000
2,13.625,-0.01,1.2097,1.20980,2.000
2,13.688,-0.01,1.2721,1.27223,2.000
2,13.750,-0.01,1.3348,1.33490,2.000
2,13.812,-0.01,1.3971,1.39722,2.000
2,13.875,0.00,1.4598,1.45995,2.000
2,13.938,-0.01,1.5222,1.52228,2.000
2,14.000,0.00,1.5848,1.58490,2.000
2,14.062,0.00,1.6471,1.64725,2.000
2,14.125,0.01,1.7097,1.70985,2.000
2,14.188,0.02,1.7723,1.77238,2.000
2,14.250,0.04,1.8348,1.83490,2.000
2,14.312,0.05,1.8973,1.89740,2.000
2,14.375,0.08,1.9596,1.95975,2.000
2,14.438,0.13,2.0223,2.02238,2.000
2,14.500,0.20,2.0847,2.08480,2.000
2,14.562,0.28,2.1472,2.14735,2.000
2,14.625,0.39,2.2097,2.20980,2.000
2,14.688,0.52,2.2723,2.27235,2.000
2,14.750,0.67,2.3348,2.33490,2.000
2,14.812,0.85,2.3972,2.39732,2.000
2,14.875,1.05,2.4598,2.45995,2.000
2,14.938,1.27,2.5222,2.52233,2.000
2,15.000,1.53,2.5849,2.58500,2.000
2,15.062,1.81,2.6473,2.64738,2.000
2,15.125,2.13,2.7098,2.70990,2.000
2,15.188,2.48,2.7722,2.77230,2.000
2,15.250,2.87,2.8346,2.83470,2.000
2,15.312,3.31,2.8973,2.89742,2.000
2,15.375,3.79,2.9597,2.95980,2.000
2,15.438,4.32,3.0224,3.02248,2.000
2,15.500,4.89,3.0848,3.08490,2.000
2,15.562,5.52,3.1473,3.14742,2.000
2,15.625,6.19,3.2097,3.20985,2.000
2,15.688,6.92,3.2723,3.27240,2.000
2,15.750,7.70,3.3347,3.33480,2.000
2,15.812,8.55,3.3972,3.39730,2.000
2,15.875,9.43,3.4598,3.45990,2.000
2,15.938,10.38,3.5221,3.52223,2.000
2,16.000,11.40,3.5848,3.58490,2.000
2,16.062,12.46,3.6472,3.64733,2.000
2,16.125,13.58,3.7099,3.71000,2.000
2,16.188,14.75,3.7722,3.77235,2.000
2,16.250,16.00,3.8349,3.83500,2.000
2,16.312,17.31,3.8974,3.89750,2.000
2,16.375,18.70,3.9598,3.95985,2.000
2,16.438,20.15,4.0223,4.02240,2.000
2,16.500,21.71,4.0848,4.08490,2.000
2,16.562,23.35,4.1473,4.14743,2.000
2,16.625,25.09,4.2099,4.20995,2.000
2,16.688,26.93,4.2725,4.27257,2.000
2,16.750,28.89,4.3348,4.33490,2.000
2,16.938,28.09,4.3680,4.36808,2.000
2,17.000,24.41,4.3058,4.30590,2.000
2,17.062,21.48,4.2430,4.24315,2.000
2,17.125,18.98,4.1806,4.18075,2.000
2,17.188,16.82,4.1181,4.11815,2.000
2,17.250,14.94,4.0557,4.05580,2.000
2,17.312,13.28,3.9931,3.99320,2.000
2,17.375,11.82,3.9306,3.93070,2.000
2,17.438,10.51,3.8681,3.86820,2.000
2,17.500,9.36,3.8054,3.80550,2.000
2,17.562,8.33,3.7431,3.74322,2.000
2,17.625,7.43,3.6806,3.68070,2.000
2,17.688,6.63,3.6182,3.61828,2.000
2,17.750,5.90,3.5554,3.55550,2.000
2,17.812,5.27,3.4930,3.49307,2.000
2,17.875,4.70,3.4305,3.43060,2.000
2,17.938,4.19,3.3679,3.36798,2.000
2,18.000,3.73,3.3056,3.30570,2.000
2,18.062,3.32,3.2429,3.24302,2.000
2,18.125,2.95,3.1806,3.18065,2.000
2,18.188,2.62,3.1180,3.11808,2.000
2,18.250,2.31,3.0556,3.05570,2.000
2,18.312,2.04,2.9930,2.99310,2.000
2,18.375,1.78,2.9305,2.93055,2.000
2,18.438,1.54,2.8680,2.86808,2.000
2,18.500,1.33,2.8054,2.80550,2.000
2,18.562,1.12,2.7429,2.74305,2.000
2,18.625,0.94,2.6804,2.68045,2.000
2,18.688,0.78,2.6180,2.61808,2.000
2,18.750,0.64,2.5553,2.55540,2.000
2,18.812,0.51,2.4930,2.49315,2.000
2,18.875,0.40,2.4305,2.43060,2.000
2,18.938,0.30,2.3680,2.36805,2.000
2,19.000,0.21,2.3055,2.30560,2.000
2,19.062,0.14,2.2428,2.24292,2.000
2,19.125,0.08,2.1804,2.18050,2.000
2,19.188,0.05,2.1179,2.11798,2.000
2,19.250,0.02,2.0555,2.05560,2.000
2,19.312,0.02,1.9928,1.99290,2.000
2,19.375,0.01,1.9304,1.93050,2.000
2,19.438,0.01,1.8680,1.86808,2.000
2,19.500,0.01,1.8054,1.80550,2.000
2,19.562,0.00,1.7429,1.74305,2.000
2,19.625,0.00,1.6803,1.68040,2.000
2,19.688,-0.01,1.6179,1.61798,2.000
2,19.750,0.00,1.5553,1.55540,2.000
2,19.812,0.00,1.4929,1.49305,2.000
2,19.875,-0.01,1.4304,1.43045,2.000
2,19.938,0.00,1.3678,1.36785,2.000
2,20.000,0.00,1.3053,1.30540,2.000
2,20.062,0.00,1.2427,1.24282,2.000
2,20.125,0.00,1.1804,1.18045,2.000
2,20.188,0.00,1.1178,1.11790,2.000
2,20.250,0.00,1.0555,1.05560,2.000
2,20.312,0.00,0.9927,0.99282,2.000
2,20.375,0.00,0.9304,0.93045,2.000
2,20.438,0.00,0.8678,0.86788,2.000
2,20.500,0.00,0.8054,0.80550,2.000
2,20.562,0.00,0.7428,0.74290,2.000
2,20.625,0.00,0.6802,0.68035,2.000
2,20.688,0.00,0.6179,0.61798,2.000
2,20.750,0.00,0.5552,0.55530,2.000
2,20.812,0.00,0.4928,0.49290,2.000
2,20.875,0.00,0.4302,0.43035,2.000
2,20.938,0.00,0.3679,0.36800,2.000
2,21.000,0.00,0.3054,0.30550,2.000
2,21.062,0.00,0.2428,0.24292,2.000
2,21.125,0.00,0.1803,0.18040,2.000
2,21.188,0.00,0.1177,0.11778,2.000
2,21.250,0.00,0.0554,0.05550,2.000
2,21.312,-0.01,-0.0072,-0.00713,2.000
2,21.438,0.00,-0.0164,-0.01628,2.000
2,21.500,-0.01,-0.0004,-0.00030,2.000
2,21.562,-0.01,-0.0003,-0.00020,2.000
2,21.625,0.00,-0.0003,-0.00020,2.000
2,21.688,0.00,-0.0003,-0.00020,2.000
2,21.750,0.00,-0.0003,-0.00020,2.000
2,21.812,0.00,-0.0003,-0.00020,2.000
2,21.875,0.00,-0.0003,-0.00020,2.000
2,21.938,0.00,-0.0003,-0.00020,2.000
2,22.000,-0.01,-0.0003,-0.00020,2.000
2,22.062,0.00,-0.0003,-0.00020,2.000
2,22.125,0.00,-0.0003,-0.00020,2.000
2,22.188,0.00,-0.0003,-0.00020,2.000
2,22.250,0.00,-0.0003,-0.00020,2.000
2,22.312,0.00,-0.0003,-0.00020,2.000
2,22.375,0.00,-0.0003,-0.00020,2.000
2,22.438,0.00,-0.0003,-0.00020,2.000
2,22.500,0.00,-0.0003,-0.00020,2.000
2,22.562,0.00,-0.0003,-0.00020,2.000
2,22.625,0.00,-0.0003,-0.00020,2.000
2,22.688,0.00,-0.0003,-0.00020,2.000
2,22.750,-0.01,-0.0003,-0.00020,2.000
2,22.812,0.00,-0.0003,-0.00020,2.000
2,22.875,0.00,-0.0002,-0.00010,2.000
2,22.938,0.00,-0.0002,-0.00010,2.000
2,23.000,-0.01,-0.0002,-0.00010,2.000
2,23.062,0.00,-0.0002,-0.00010,2.000
2,23.125,0.00,-0.0002,-0.00010,2.000
2,23.188,0.00,-0.0002,-0.00010,2.000
2,23.250,-0.01,-0.0002,-0.00010,2.000
2,23.312,0.00,-0.0002,-0.00010,2.000
2,23.375,0.00,-0.0002,-0.00010,2.000
2,23.438,0.00,-0.0002,-0.00010,2.000
2,23.500,0.00,-0.0002,-0.00010,2.000
2,23.562,-0.01,-0.0002,-0.00010,2.000
2,23.625,0.00,-0.0002,-0.00010,2.000
2,23.688,0.00,-0.0002,-0.00010,2.000
2,23.750,0.00,-0.0002,-0.00010,2.000
2,23.812,0.00,-0.0002,-0.00010,2.000
2,23.875,0.00,-0.0002,-0.00010,2.000
2,23.938,0.00,-0.0002,-0.00010,2.000
2,24.000,0.00,-0.0002,-0.00010,2.000
2,24.062,0.00,-0.0002,-0.00010,2.000
2,24.125,-0.01,-0.0002,-0.00010,2.000
2,24.188,-0.01,-0.0002,-0.00010,2.000
2,24.250,0.00,-0.0002,-0.00010,2.000
2,24.312,0.00,-0.0002,-0.00010,2.000
2,24.375,0.00,-0.0002,-0.00010,2.000
3,24.688,0.00,0.0820,0.08212,3.000
3,24.750,0.00,0.1446,0.14470,3.000
3,24.812,0.00,0.2071,0.20722,3.000
3,24.875,0.00,0.2696,0.26975,3.000
3,24.938,0.00,0.3323,0.33240,3.000
3,25.000,0.00,0.3946,0.39470,3.000
3,25.062,0.00,0.4572,0.45727,3.000
3,25.125,0.00,0.5196,0.51970,3.000
3,25.188,0.00,0.5822,0.58235,3.000
3,25.250,0.00,0.6446,0.64470,3.000
3,25.312,0.00,0.7071,0.70720,3.000
3,25.375,0.00,0.7696,0.76970,3.000
3,25.438,0.00,0.8320,0.83215,3.000
3,25.500,0.00,0.8946,0.89470,3.000
3,25.562,0.00,0.9571,0.95722,3.000
3,25.625,0.00,1.0198,1.01990,3.000
3,25.688,0.00,1.0822,1.08227,3.000
3,25.750,0.00,1.1447,1.14480,3.000
3,25.812,0.00,1.2071,1.20722,3.000
3,25.875,0.00,1.2697,1.26980,3.000
3,25.938,0.00,1.3322,1.33235,3.000
3,26.000,0.00,1.3946,1.39470,3.000
3,26.062,0.00,1.4573,1.45740,3.000
3,26.125,0.00,1.5197,1.51980,3.000
3,26.188,0.00,1.5823,1.58237,3.000
3,26.250,0.01,1.6446,1.64470,3.000
3,26.312,0.02,1.7073,1.70742,3.000
3,26.375,0.03,1.7698,1.76990,3.000
3,26.438,0.04,1.8322,1.83235,3.000
3,26.500,0.06,1.8948,1.89490,3.000
3,26.562,0.09,1.9572,1.95727,3.000
3,26.625,0.13,2.0198,2.01990,3.000
3,26.688,0.19,2.0822,2.08230,3.000
3,26.750,0.27,2.1448,2.14490,3.000
3,26.812,0.38,2.2073,2.20737,3.000
3,26.875,0.51,2.2698,2.26990,3.000
3,26.938,0.66,2.3323,2.33237,3.000
3,27.000,0.83,2.3948,2.39490,3.000
3,27.062,1.03,2.4574,2.45750,3.000
3,27.125,1.26,2.5197,2.51980,3.000
3,27.188,1.51,2.5823,2.58245,3.000
3,27.250,1.79,2.6446,2.64470,3.000
3,27.312,2.11,2.7073,2.70737,3.000
3,27.375,2.46,2.7698,2.76985,3.000
3,27.438,2.85,2.8322,2.83227,3.000
3,27.500,3.28,2.8948,2.89490,3.000
3,27.562,3.77,2.9572,2.95732,3.000
3,27.625,4.29,3.0198,3.01990,3.000
3,27.688,4.87,3.0822,3.08232,3.000
3,27.750,5.49,3.1449,3.14500,3.000
3,27.812,6.16,3.2072,3.20735,3.000
3,27.875,6.89,3.2698,3.26990,3.000
3,27.938,7.68,3.3322,3.33232,3.000
3,28.000,8.53,3.3947,3.39480,3.000
3,28.062,9.42,3.4573,3.45740,3.000
3,28.125,10.38,3.5197,3.51980,3.000
3,28.188,11.39,3.5823,3.58240,3.000
3,28.250,12.46,3.6448,3.64490,3.000
3,28.312,13.58,3.7074,3.70750,3.000
3,28.375,14.76,3.7697,3.76980,3.000
3,28.438,16.02,3.8323,3.83245,3.000
3,28.500,17.33,3.8948,3.89490,3.000
3,28.562,18.71,3.9573,3.95740,3.000
3,28.625,20.18,4.0198,4.01990,3.000
3,28.688,21.74,4.0822,4.08232,3.000
3,28.750,23.37,4.1449,4.14500,3.000
3,28.812,25.12,4.2073,4.20742,3.000
3,28.875,26.97,4.2699,4.27000,3.000
3,28.938,28.94,4.3323,4.33245,3.000
3,29.000,31.03,4.3948,4.39490,3.000
3,29.062,31.54,4.4104,4.41053,3.000
3,29.125,27.49,4.3526,4.35270,3.000
3,29.188,23.97,4.2901,4.29015,3.000
3,29.250,21.07,4.2276,4.22770,3.000
3,29.312,18.64,4.1651,4.16518,3.000
3,29.375,16.53,4.1027,4.10275,3.000
3,29.438,14.70,4.0401,4.04020,3.000
3,29.500,13.07,3.9776,3.97770,3.000
3,29.562,11.62,3.9151,3.91523,3.000
3,29.625,10.35,3.8526,3.85275,3.000
3,29.688,9.21,3.7902,3.79028,3.000
3,29.750,8.20,3.7275,3.72760,3.000
3,29.812,7.31,3.6653,3.66538,3.000
3,29.875,6.51,3.6025,3.60260,3.000
3,29.938,5.80,3.5400,3.54013,3.000
3,30.000,5.18,3.4774,3.47750,3.000
3,30.062,4.62,3.4151,3.41515,3.000
3,30.125,4.11,3.3525,3.35260,3.000
3,30.188,3.66,3.2899,3.29003,3.000
3,30.250,3.24,3.2276,3.22770,3.000
3,30.312,2.88,3.1649,3.16503,3.000
3,30.375,2.55,3.1026,3.10275,3.000
3,30.438,2.26,3.0399,3.04003,3.000
3,30.500,1.98,2.9775,2.97760,3.000
3,30.562,1.72,2.9149,2.91500,3.000
3,30.625,1.49,2.8524,2.85250,3.000
3,30.688,1.28,2.7899,2.79000,3.000
3,30.750,1.08,2.7274,2.72750,3.000
3,30.812,0.90,2.6650,2.66510,3.000
3,30.875,0.75,2.6024,2.60245,3.000
3,30.938,0.61,2.5400,2.54010,3.000
3,31.000,0.48,2.4774,2.47750,3.000
3,31.062,0.38,2.4151,2.41515,3.000
3,31.125,0.28,2.3525,2.35260,3.000
3,31.188,0.20,2.2900,2.29005,3.000
3,31.250,0.14,2.2275,2.22760,3.000
3,31.312,0.08,2.1648,2.16493,3.000
3,31.375,0.04,2.1025,2.10255,3.000
3,31.438,0.03,2.0398,2.03993,3.000
3,31.500,0.02,1.9775,1.97760,3.000
3,31.562,0.02,1.9148,1.91493,3.000
3,31.625,0.01,1.8525,1.85260,3.000
3,31.688,0.01,1.7900,1.79010,3.000
3,31.750,0.01,1.7275,1.72760,3.000
3,31.812,0.00,1.6649,1.66500,3.000
3,31.875,0.00,1.6023,1.60235,3.000
3,31.938,0.00,1.5400,1.54005,3.000
3,32.000,0.00,1.4773,1.47740,3.000
3,32.062,0.00,1.4150,1.41505,3.000
3,32.125,0.00,1.3523,1.35240,3.000
3,32.188,0.00,1.2899,1.28997,3.000
3,32.250,0.00,1.2273,1.22740,3.000
3,32.312,0.00,1.1648,1.16490,3.000
3,32.375,0.00,1.1024,1.10245,3.000
3,32.438,0.00,1.0397,1.03982,3.000
3,32.500,0.00,0.9774,0.97750,3.000
3,32.562,0.00,0.9147,0.91478,3.000
3,32.625,0.00,0.8524,0.85245,3.000
3,32.688,0.00,0.7898,0.78987,3.000
3,32.750,0.00,0.7273,0.72740,3.000
3,32.812,0.00,0.6648,0.66490,3.000
3,32.875,0.00,0.6023,0.60235,3.000
3,32.938,0.00,0.5398,0.53990,3.000
3,33.000,0.00,0.4772,0.47730,3.000
3,33.062,0.00,0.4148,0.41493,3.000
3,33.125,0.00,0.3524,0.35245,3.000
3,33.188,0.00,0.2899,0.29000,3.000
3,33.250,0.00,0.2273,0.22740,3.000
3,33.312,0.00,0.1648,0.16488,3.000
3,33.375,0.00,0.1023,0.10240,3.000
3,33.438,0.00,0.0398,0.03987,3.000
3,33.500,0.01,-0.0226,-0.02250,3.000
3,33.625,0.00,-0.0040,-0.00385,3.000
3,33.688,0.00,-0.0003,-0.00020,3.000
3,33.750,0.00,-0.0003,-0.00020,3.000
3,33.812,0.00,-0.0003,-0.00020,3.000
3,33.875,0.00,-0.0003,-0.00020,3.000
3,33.938,0.00,-0.0003,-0.00020,3.000
3,34.000,0.00,-0.0003,-0.00020,3.000
3,34.062,0.00,-0.0003,-0.00020,3.000
3,34.125,0.00,-0.0003,-0.00020,3.000
3,34.188,0.00,-0.0003,-0.00020,3.000
3,34.250,0.01,-0.0003,-0.00020,3.000
3,34.312,0.00,-0.0003,-0.00020,3.000
3,34.375,0.00,-0.0003,-0.00020,3.000
3,34.438,0.00,-0.0003,-0.00020,3.000
3,34.500,0.00,-0.0003,-0.00020,3.000
3,34.562,0.00,-0.0003,-0.00020,3.000
3,34.625,0.00,-0.0003,-0.00020,3.000
3,34.688,0.00,-0.0003,-0.00020,3.000
3,34.750,0.00,-0.0003,-0.00020,3.000
3,34.812,0.00,-0.0003,-0.00020,3.000
3,34.875,0.00,-0.0003,-0.00020,3.000
3,34.938,0.00,-0.0003,-0.00020,3.000
3,35.000,0.00,-0.0003,-0.00020,3.000
3,35.062,0.00,-0.0003,-0.00020,3.000
3,35.125,0.01,-0.0003,-0.00020,3.000
3,35.188,0.00,-0.0003,-0.00020,3.000
3,35.250,0.00,-0.0002,-0.00010,3.000
3,35.312,0.00,-0.0002,-0.00010,3.000
3,35.375,0.00,-0.0002,-0.00010,3.000
3,35.438,0.00,-0.0002,-0.00010,3.000
3,35.500,0.00,-0.0002,-0.00010,3.000
3,35.562,0.00,-0.0002,-0.00010,3.000
3,35.625,0.00,-0.0002,-0.00010,3.000
3,35.688,0.00,-0.0002,-0.00010,3.000
3,35.750,0.00,-0.0002,-0.00010,3.000
3,35.812,0.00,-0.0002,-0.00010,3.000
3,35.875,0.00,-0.0002,-0.00010,3.000
3,35.938,0.00,-0.0002,-0.00010,3.000
3,36.000,0.00,-0.0002,-0.00010,3.000
3,36.062,0.00,-0.0002,-0.00010,3.000
3,36.125,0.00,-0.0002,-0.00010,3.000
3,36.188,0.00,-0.0002,-0.00010,3.000
3,36.250,0.00,-0.0002,-0.00010,3.000
3,36.312,0.00,-0.0002,-0.00010,3.000
3,36.375,0.00,-0.0002,-0.00010,3.000
3,36.438,0.00,-0.0002,-0.00010,3.000
3,36.500,0.00,-0.0002,-0.00010,3.000
3,36.562,0.00,-0.0002,-0.00010,3.000
4,36.875,0.01,0.0696,0.06970,4.000
4,36.938,0.01,0.1321,0.13223,4.000
4,37.000,0.01,0.1945,0.19460,4.000
4,37.062,0.01,0.2573,0.25737,4.000
4,37.125,0.01,0.3196,0.31975,4.000
4,37.188,0.01,0.3822,0.38233,4.000
4,37.250,0.01,0.4445,0.44460,4.000
4,37.312,0.01,0.5071,0.50725,4.000
4,37.375,0.01,0.5696,0.56970,4.000
4,37.438,0.01,0.6321,0.63218,4.000
4,37.500,0.01,0.6947,0.69480,4.000
4,37.562,0.01,0.7570,0.75712,4.000
4,37.625,0.01,0.8197,0.81980,4.000
4,37.688,0.01,0.8821,0.88220,4.000
4,37.750,0.01,0.9448,0.94490,4.000
4,37.812,0.01,1.0071,1.00725,4.000
4,37.875,0.01,1.0697,1.06980,4.000
4,37.938,0.01,1.1322,1.13230,4.000
4,38.000,0.01,1.1946,1.19470,4.000
4,38.062,0.01,1.2573,1.25740,4.000
4,38.125,0.01,1.3196,1.31975,4.000
4,38.188,0.01,1.3823,1.38238,4.000
4,38.250,0.01,1.4447,1.44480,4.000
4,38.312,0.01,1.5073,1.50745,4.000
4,38.375,0.01,1.5697,1.56980,4.000
4,38.438,0.01,1.6322,1.63225,4.000
4,38.500,0.02,1.6948,1.69490,4.000
4,38.562,0.03,1.7572,1.75730,4.000
4,38.625,0.04,1.8199,1.82000,4.000
4,38.688,0.06,1.8822,1.88228,4.000
4,38.750,0.08,1.9449,1.94500,4.000
4,38.812,0.12,2.0071,2.00722,4.000
4,38.875,0.18,2.0698,2.06990,4.000
4,38.938,0.26,2.1323,2.13238,4.000
4,39.000,0.36,2.1947,2.19480,4.000
4,39.062,0.48,2.2573,2.25742,4.000
4,39.125,0.63,2.3198,2.31985,4.000
4,39.188,0.79,2.3825,2.38255,4.000
4,39.250,0.98,2.4448,2.44490,4.000
4,39.312,1.20,2.5073,2.50745,4.000
4,39.375,1.44,2.5698,2.56985,4.000
4,39.438,1.72,2.6323,2.63240,4.000
4,39.500,2.03,2.6948,2.69490,4.000
4,39.562,2.37,2.7572,2.75730,4.000
4,39.625,2.75,2.8198,2.81990,4.000
4,39.688,3.18,2.8821,2.88223,4.000
4,39.750,3.66,2.9448,2.94490,4.000
4,39.812,4.17,3.0072,3.00732,4.000
4,39.875,4.74,3.0698,3.06995,4.000
4,39.938,5.35,3.1323,3.13238,4.000
4,40.000,6.01,3.1947,3.19480,4.000
4,40.062,6.73,3.2574,3.25747,4.000
4,40.125,7.50,3.3197,3.31980,4.000
4,40.188,8.33,3.3824,3.38248,4.000
4,40.250,9.21,3.4446,3.44470,4.000
4,40.312,10.16,3.5073,3.50737,4.000
4,40.375,11.16,3.5697,3.56980,4.000
4,40.438,12.22,3.6323,3.63243,4.000
4,40.500,13.32,3.6949,3.69500,4.000
4,40.562,14.49,3.7573,3.75737,4.000
4,40.625,15.73,3.8198,3.81995,4.000
4,40.688,17.03,3.8823,3.88235,4.000
4,40.750,18.39,3.9448,3.94490,4.000
4,40.812,19.85,4.0072,4.00732,4.000
4,40.875,21.37,4.0699,4.06995,4.000
4,40.938,23.00,4.1323,4.13238,4.000
4,41.000,24.72,4.1949,4.19500,4.000
4,41.062,26.54,4.2573,4.25745,4.000
4,41.125,28.49,4.3199,4.31995,4.000
4,41.188,30.53,4.3825,4.38255,4.000
4,41.312,28.20,4.3628,4.36293,4.000
4,41.375,24.49,4.3006,4.30075,4.000
4,41.438,21.54,4.2381,4.23820,4.000
4,41.500,19.03,4.1757,4.17580,4.000
4,41.562,16.86,4.1131,4.11323,4.000
4,41.625,14.98,4.0506,4.05070,4.000
4,41.688,13.32,3.9882,3.98832,4.000
4,41.750,11.86,3.9254,3.92550,4.000
4,41.812,10.56,3.8632,3.86328,4.000
4,41.875,9.41,3.8006,3.80065,4.000
4,41.938,8.37,3.7382,3.73827,4.000
4,42.000,7.46,3.6757,3.67580,4.000
4,42.062,6.65,3.6131,3.61315,4.000
4,42.125,5.92,3.5506,3.55065,4.000
4,42.188,5.28,3.4879,3.48802,4.000
4,42.250,4.71,3.4256,3.42570,4.000
4,42.312,4.19,3.3630,3.36308,4.000
4,42.375,3.73,3.3006,3.30065,4.000
4,42.438,3.31,3.2379,3.23802,4.000
4,42.500,2.94,3.1756,3.17570,4.000
4,42.562,2.61,3.1131,3.11320,4.000
4,42.625,2.30,3.0505,3.05060,4.000
4,42.688,2.02,2.9880,2.98810,4.000
4,42.750,1.76,2.9253,2.92540,4.000
4,42.812,1.53,2.8629,2.86303,4.000
4,42.875,1.32,2.8004,2.80050,4.000
4,42.938,1.12,2.7380,2.73810,4.000
4,43.000,0.94,2.6754,2.67550,4.000
4,43.062,0.78,2.6129,2.61303,4.000
4,43.125,0.64,2.5505,2.55060,4.000
4,43.188,0.51,2.4880,2.48810,4.000
4,43.250,0.40,2.4256,2.42570,4.000
4,43.312,0.30,2.3629,2.36300,4.000
4,43.375,0.22,2.3005,2.30060,4.000
4,43.438,0.15,2.2378,2.23790,4.000
4,43.500,0.09,2.1754,2.17550,4.000
4,43.562,0.05,2.1129,2.11300,4.000
4,43.625,0.04,2.0504,2.05045,4.000
4,43.688,0.03,1.9878,1.98792,4.000
4,43.750,0.02,1.9253,1.92540,4.000
4,43.812,0.02,1.8630,1.86313,4.000
4,43.875,0.02,1.8004,1.80050,4.000
4,43.938,0.02,1.7381,1.73817,4.000
4,44.000,0.02,1.6754,1.67550,4.000
4,44.062,0.01,1.6128,1.61288,4.000
4,44.125,0.01,1.5504,1.55045,4.000
4,44.188,0.01,1.4878,1.48795,4.000
4,44.250,0.01,1.4254,1.42550,4.000
4,44.312,0.01,1.3627,1.36283,4.000
4,44.375,0.01,1.3004,1.30050,4.000
4,44.438,0.01,1.2377,1.23782,4.000
4,44.500,0.01,1.1754,1.17550,4.000
4,44.562,0.01,1.1128,1.11285,4.000
4,44.625,0.01,1.0504,1.05050,4.000
4,44.688,0.01,0.9879,0.98797,4.000
4,44.750,0.01,0.9253,0.92540,4.000
4,44.812,0.01,0.8629,0.86295,4.000
4,44.875,0.01,0.8002,0.80035,4.000
4,44.938,0.01,0.7379,0.73797,4.000
4,45.000,0.01,0.6751,0.67520,4.000
4,45.062,0.01,0.6128,0.61293,4.000
4,45.125,0.01,0.5502,0.55030,4.000
4,45.188,0.01,0.4879,0.48797,4.000
4,45.250,0.01,0.4253,0.42540,4.000
4,45.312,0.01,0.3629,0.36303,4.000
4,45.375,0.01,0.3004,0.30045,4.000
4,45.438,0.01,0.2377,0.23782,4.000
4,45.500,0.01,0.1754,0.17550,4.000
4,45.562,0.01,0.1127,0.11283,4.000
4,45.625,0.01,0.0503,0.05040,4.000
4,45.688,0.01,-0.0122,-0.01208,4.000
4,45.812,0.01,-0.0021,-0.00195,4.000
4,45.875,0.01,-0.0003,-0.00020,4.000
4,45.938,0.01,-0.0003,-0.00020,4.000
4,46.000,0.02,-0.0003,-0.00020,4.000
4,46.062,0.01,-0.0003,-0.00020,4.000
4,46.125,0.01,-0.0003,-0.00020,4.000
4,46.188,0.01,-0.0003,-0.00020,4.000
4,46.250,0.01,-0.0003,-0.00020,4.000
4,46.312,0.01,-0.0003,-0.00020,4.000
4,46.375,0.01,-0.0003,-0.00020,4.000
4,46.438,0.01,-0.0003,-0.00020,4.000
4,46.500,0.01,-0.0003,-0.00020,4.000
4,46.562,0.01,-0.0003,-0.00020,4.000
4,46.625,0.01,-0.0003,-0.00020,4.000
4,46.688,0.01,-0.0003,-0.00020,4.000
4,46.750,0.01,-0.0003,-0.00020,4.000
4,46.812,0.01,-0.0003,-0.00020,4.000
4,46.875,0.01,-0.0003,-0.00020,4.000
4,46.938,0.01,-0.0003,-0.00020,4.000
4,47.000,0.01,-0.0003,-0.00020,4.000
4,47.062,0.01,-0.0003,-0.00020,4.000
4,47.125,0.01,-0.0003,-0.00020,4.000
4,47.188,0.01,-0.0003,-0.00020,4.000
4,47.250,0.01,-0.0003,-0.00020,4.000
4,47.312,0.01,-0.0003,-0.00020,4.000
4,47.375,0.01,-0.0003,-0.00020,4.000
4,47.438,0.01,-0.0003,-0.00020,4.000
4,47.500,0.01,-0.0002,-0.00010,4.000
4,47.562,0.01,-0.0002,-0.00010,4.000
4,47.625,0.01,-0.0002,-0.00010,4.000
4,47.688,0.01,-0.0002,-0.00010,4.000
4,47.750,0.01,-0.0002,-0.00010,4.000
4,47.812,0.01,-0.0002,-0.00010,4.000
4,47.875,0.01,-0.0002,-0.00010,4.000
4,47.938,0.01,-0.0002,-0.00010,4.000
4,48.000,0.01,-0.0002,-0.00010,4.000
4,48.062,0.01,-0.0002,-0.00010,4.000
4,48.125,0.01,-0.0002,-0.00010,4.000
4,48.188,0.01,-0.0002,-0.00010,4.000
4,48.250,0.01,-0.0002,-0.00010,4.000
4,48.312,0.01,-0.0002,-0.00010,4.000
4,48.375,0.01,-0.0002,-0.00010,4.000
4,48.438,0.01,-0.0002,-0.00010,4.000
4,48.500,0.01,-0.0002,-0.00010,4.000
4,48.562,0.01,-0.0002,-0.00010,4.000
4,48.625,0.01,-0.0002,-0.00010,4.000
4,48.688,0.01,-0.0002,-0.00010,4.000
4,48.750,0.01,-0.0002,-0.00010,4.000
5,49.062,0.00,0.0810,0.08110,5.000
5,49.125,0.00,0.1436,0.14370,5.000
5,49.188,0.00,0.2062,0.20625,5.000
5,49.250,0.00,0.2687,0.26880,5.000
5,49.312,0.00,0.3312,0.33132,5.000
5,49.375,0.00,0.3937,0.39380,5.000
5,49.438,0.00,0.4563,0.45635,5.000
5,49.500,0.00,0.5185,0.51860,5.000
5,49.562,0.00,0.5812,0.58130,5.000
5,49.625,-0.01,0.6436,0.64370,5.000
5,49.688,-0.01,0.7063,0.70635,5.000
5,49.750,-0.01,0.7686,0.76870,5.000
5,49.812,0.00,0.8312,0.83127,5.000
5,49.875,0.00,0.8937,0.89385,5.000
5,49.938,0.00,0.9562,0.95628,5.000
5,50.000,-0.01,1.0188,1.01890,5.000
5,50.062,0.00,1.0811,1.08122,5.000
5,50.125,-0.01,1.1437,1.14380,5.000
5,50.188,-0.01,1.2062,1.20628,5.000
5,50.250,0.00,1.2687,1.26880,5.000
5,50.312,-0.01,1.3312,1.33130,5.000
5,50.375,0.00,1.3936,1.39375,5.000
5,50.438,-0.01,1.4563,1.45638,5.000
5,50.500,-0.01,1.5186,1.51870,5.000
5,50.562,0.00,1.5812,1.58132,5.000
5,50.625,0.00,1.6436,1.64375,5.000
5,50.688,0.01,1.7063,1.70640,5.000
5,50.750,0.02,1.7688,1.76890,5.000
5,50.812,0.03,1.8313,1.83145,5.000
5,50.875,0.05,1.8938,1.89390,5.000
5,50.938,0.08,1.9562,1.95628,5.000
5,51.000,0.12,2.0187,2.01880,5.000
5,51.062,0.18,2.0811,2.08125,5.000
5,51.125,0.26,2.1438,2.14395,5.000
5,51.188,0.37,2.2062,2.20630,5.000
5,51.250,0.49,2.2688,2.26890,5.000
5,51.312,0.64,2.3313,2.33142,5.000
5,51.375,0.81,2.3939,2.39400,5.000
5,51.438,1.00,2.4563,2.45643,5.000
5,51.500,1.23,2.5187,2.51880,5.000
5,51.562,1.47,2.5813,2.58142,5.000
5,51.625,1.75,2.6437,2.64385,5.000
5,51.688,2.07,2.7064,2.70653,5.000
5,51.750,2.41,2.7688,2.76890,5.000
5,51.812,2.80,2.8313,2.83142,5.000
5,51.875,3.24,2.8937,2.89385,5.000
5,51.938,3.72,2.9563,2.95640,5.000
5,52.000,4.24,3.0189,3.01900,5.000
5,52.062,4.82,3.0813,3.08137,5.000
5,52.125,5.44,3.1438,3.14390,5.000
5,52.188,6.11,3.2062,3.20630,5.000
5,52.250,6.83,3.2688,3.26890,5.000
5,52.312,7.61,3.3312,3.33130,5.000
5,52.375,8.45,3.3938,3.39390,5.000
5,52.438,9.35,3.4563,3.45638,5.000
5,52.500,10.30,3.5186,3.51870,5.000
5,52.562,11.31,3.5812,3.58135,5.000
5,52.625,12.38,3.6437,3.64380,5.000
5,52.688,13.50,3.7064,3.70650,5.000
5,52.750,14.68,3.7687,3.76880,5.000
5,52.812,15.92,3.8313,3.83145,5.000
5,52.875,17.24,3.8938,3.89390,5.000
5,52.938,18.61,3.9563,3.95640,5.000
5,53.000,20.08,4.0189,4.01900,5.000
5,53.062,21.63,4.0813,4.08137,5.000
5,53.125,23.26,4.1438,4.14395,5.000
5,53.188,25.02,4.2063,4.20640,5.000
5,53.250,26.85,4.2690,4.26910,5.000
5,53.312,28.81,4.3313,4.33142,5.000
5,53.438,30.96,4.3998,4.39992,5.000
5,53.500,26.82,4.3396,4.33970,5.000
5,53.562,23.42,4.2771,4.27715,5.000
5,53.625,20.63,4.2146,4.21470,5.000
5,53.688,18.24,4.1521,4.15220,5.000
5,53.750,16.18,4.0895,4.08960,5.000
5,53.812,14.38,4.0272,4.02730,5.000
5,53.875,12.79,3.9645,3.96460,5.000
5,53.938,11.38,3.9022,3.90227,5.000
5,54.000,10.14,3.8397,3.83980,5.000
5,54.062,9.02,3.7772,3.77725,5.000
5,54.125,8.03,3.7147,3.71475,5.000
5,54.188,7.16,3.6521,3.65217,5.000
5,54.250,6.37,3.5895,3.58960,5.000
5,54.312,5.68,3.5270,3.52705,5.000
5,54.375,5.06,3.4646,3.46465,5.000
5,54.438,4.51,3.4019,3.40200,5.000
5,54.500,4.01,3.3396,3.33970,5.000
5,54.562,3.56,3.2769,3.27703,5.000
5,54.625,3.16,3.2145,3.21460,5.000
5,54.688,2.81,3.1521,3.15217,5.000
5,54.750,2.48,3.0895,3.08960,5.000
5,54.812,2.19,3.0271,3.02720,5.000
5,54.875,1.91,2.9644,2.96450,5.000
5,54.938,1.66,2.9020,2.90207,5.000
5,55.000,1.43,2.8394,2.83950,5.000
5,55.062,1.23,2.7769,2.77700,5.000
5,55.125,1.04,2.7144,2.71450,5.000
5,55.188,0.86,2.6519,2.65200,5.000
5,55.250,0.71,2.5895,2.58960,5.000
5,55.312,0.57,2.5269,2.52700,5.000
5,55.375,0.45,2.4645,2.46460,5.000
5,55.438,0.35,2.4020,2.40207,5.000
5,55.500,0.26,2.3395,2.33960,5.000
5,55.562,0.18,2.2769,2.27695,5.000
5,55.625,0.11,2.2145,2.21455,5.000
5,55.688,0.07,2.1519,2.15205,5.000
5,55.750,0.03,2.0894,2.08950,5.000
5,55.812,0.02,2.0269,2.02700,5.000
5,55.875,0.01,1.9643,1.96440,5.000
5,55.938,0.01,1.9020,1.90207,5.000
5,56.000,0.01,1.8393,1.83940,5.000
5,56.062,0.01,1.7770,1.77710,5.000
5,56.125,0.00,1.7144,1.71450,5.000
5,56.188,0.00,1.6518,1.65195,5.000
5,56.250,0.00,1.5894,1.58950,5.000
5,56.312,0.00,1.5269,1.52698,5.000
5,56.375,0.00,1.4645,1.46455,5.000
5,56.438,0.00,1.4017,1.40185,5.000
5,56.500,0.00,1.3394,1.33950,5.000
5,56.562,0.00,1.2768,1.27690,5.000
5,56.625,0.00,1.2144,1.21445,5.000
5,56.688,-0.01,1.1518,1.15195,5.000
5,56.750,0.00,1.0894,1.08950,5.000
5,56.812,0.00,1.0269,1.02700,5.000
5,56.875,0.00,0.9643,0.96440,5.000
5,56.938,0.00,0.9019,0.90197,5.000
5,57.000,-0.01,0.8391,0.83920,5.000
5,57.062,0.00,0.7768,0.77693,5.000
5,57.125,0.00,0.7143,0.71435,5.000
5,57.188,0.00,0.6519,0.65197,5.000
5,57.250,0.00,0.5892,0.58930,5.000
5,57.312,0.00,0.5269,0.52695,5.000
5,57.375,0.00,0.4643,0.46440,5.000
5,57.438,0.00,0.4018,0.40190,5.000
5,57.500,0.00,0.3395,0.33960,5.000
5,57.562,0.00,0.2767,0.27683,5.000
5,57.625,0.00,0.2144,0.21445,5.000
5,57.688,0.00,0.1518,0.15187,5.000
5,57.750,0.00,0.0894,0.08950,5.000
5,57.812,0.00,0.0268,0.02690,5.000
5,57.938,0.00,-0.0331,-0.03297,5.000
5,58.000,-0.01,-0.0007,-0.00060,5.000
5,58.062,0.00,-0.0003,-0.00020,5.000
5,58.125,-0.01,-0.0003,-0.00020,5.000
5,58.188,0.00,-0.0003,-0.00020,5.000
5,58.250,-0.01,-0.0003,-0.00020,5.000
5,58.312,0.00,-0.0003,-0.00020,5.000
5,58.375,0.00,-0.0003,-0.00020,5.000
5,58.438,0.00,-0.0003,-0.00020,5.000
5,58.500,-0.01,-0.0003,-0.00020,5.000
5,58.562,0.00,-0.0003,-0.00020,5.000
5,58.625,0.00,-0.0003,-0.00020,5.000
5,58.688,0.00,-0.0003,-0.00020,5.000
5,58.750,0.00,-0.0003,-0.00020,5.000
5,58.812,0.00,-0.0003,-0.00020,5.000
5,58.875,0.00,-0.0003,-0.00020,5.000
5,58.938,-0.01,-0.0003,-0.00020,5.000
5,59.000,-0.01,-0.0003,-0.00020,5.000
5,59.062,-0.01,-0.0003,-0.00020,5.000
5,59.125,-0.01,-0.0003,-0.00020,5.000
5,59.188,0.00,-0.0003,-0.00020,5.000
5,59.250,-0.01,-0.0003,-0.00020,5.000
5,59.312,0.00,-0.0003,-0.00020,5.000
5,59.375,0.00,-0.0003,-0.00020,5.000
5,59.438,-0.01,-0.0002,-0.00010,5.000
5,59.500,0.00,-0.0002,-0.00010,5.000
5,59.562,-0.01,-0.0002,-0.00010,5.000
5,59.625,0.00,-0.0002,-0.00010,5.000
5,59.688,0.00,-0.0002,-0.00010,5.000
5,59.750,-0.01,-0.0002,-0.00010,5.000
5,59.812,0.00,-0.0002,-0.00010,5.000
5,59.875,-0.01,-0.0002,-0.00010,5.000
5,59.938,0.00,-0.0002,-0.00010,5.000
5,60.000,0.00,-0.0002,-0.00010,5.000
5,60.062,0.00,-0.0002,-0.00010,5.000
5,60.125,0.00,-0.0002,-0.00010,5.000
5,60.188,0.00,-0.0002,-0.00010,5.000
5,60.250,-0.01,-0.0002,-0.00010,5.000
5,60.312,-0.01,-0.0002,-0.00010,5.000
5,60.375,0.00,-0.0002,-0.00010,5.000
5,60.438,0.00,-0.0002,-0.00010,5.000
5,60.500,0.00,-0.0002,-0.00010,5.000
5,60.562,0.00,-0.0002,-0.00010,5.000
5,60.625,0.00,-0.0002,-0.00010,5.000
5,60.688,0.00,-0.0002,-0.00010,5.000
5,60.750,0.00,-0.0002,-0.00010,5.000
5,60.812,-0.01,-0.0002,-0.00010,5.000
5,60.875,-0.01,-0.0002,-0.00010,5.000
6,61.188,0.00,0.0461,0.04623,6.000
6,61.250,0.00,0.1085,0.10860,6.000
6,61.312,0.00,0.1711,0.17120,6.000
6,61.375,0.00,0.2336,0.23375,6.000
6,61.438,0.00,0.2963,0.29638,6.000
6,61.500,0.00,0.3587,0.35880,6.000
6,61.562,0.00,0.4212,0.42135,6.000
6,61.625,0.00,0.4836,0.48370,6.000
6,61.688,0.00,0.5461,0.54620,6.000
6,61.750,0.00,0.6087,0.60880,6.000
6,61.812,0.00,0.6712,0.67127,6.000
6,61.875,0.00,0.7336,0.73375,6.000
6,61.938,0.00,0.7961,0.79622,6.000
6,62.000,0.00,0.8587,0.85880,6.000
6,62.062,0.00,0.9210,0.92115,6.000
6,62.125,0.00,0.9838,0.98390,6.000
6,62.188,-0.01,1.0462,1.04627,6.000
6,62.250,0.00,1.1088,1.10890,6.000
6,62.312,0.00,1.1712,1.17127,6.000
6,62.375,0.00,1.2336,1.23375,6.000
6,62.438,0.00,1.2961,1.29622,6.000
6,62.500,0.00,1.3586,1.35870,6.000
6,62.562,0.00,1.4212,1.42135,6.000
6,62.625,0.00,1.4836,1.48375,6.000
6,62.688,0.00,1.5463,1.54640,6.000
6,62.750,0.00,1.6087,1.60880,6.000
6,62.812,0.01,1.6712,1.67135,6.000
6,62.875,0.02,1.7338,1.73390,6.000
6,62.938,0.03,1.7962,1.79635,6.000
6,63.000,0.05,1.8588,1.85890,6.000
6,63.062,0.07,1.9211,1.92125,6.000
6,63.125,0.09,1.9838,1.98390,6.000
6,63.188,0.14,2.0463,2.04637,6.000
6,63.250,0.21,2.1088,2.10890,6.000
6,63.312,0.30,2.1713,2.17137,6.000
6,63.375,0.42,2.2338,2.23390,6.000
6,63.438,0.55,2.2963,2.29640,6.000
6,63.500,0.71,2.3587,2.35880,6.000
6,63.562,0.89,2.4213,2.42145,6.000
6,63.625,1.10,2.4838,2.48390,6.000
6,63.688,1.33,2.5463,2.54642,6.000
6,63.750,1.59,2.6088,2.60890,6.000
6,63.812,1.88,2.6714,2.67152,6.000
6,63.875,2.21,2.7338,2.73390,6.000
6,63.938,2.57,2.7962,2.79632,6.000
6,64.000,2.98,2.8588,2.85890,6.000
6,64.062,3.43,2.9212,2.92130,6.000
6,64.125,3.93,2.9839,2.98395,6.000
6,64.188,4.48,3.0463,3.04638,6.000
6,64.250,5.07,3.1088,3.10890,6.000
6,64.312,5.72,3.1712,3.17135,6.000
6,64.375,6.41,3.2339,3.23395,6.000
6,64.438,7.16,3.2962,3.29633,6.000
6,64.500,7.96,3.3588,3.35890,6.000
6,64.562,8.82,3.4213,3.42140,6.000
6,64.625,9.75,3.4837,3.48380,6.000
6,64.688,10.73,3.5462,3.54633,6.000
6,64.750,11.76,3.6087,3.60880,6.000
6,64.812,12.85,3.6714,3.67147,6.000
6,64.875,13.99,3.7338,3.73385,6.000
6,64.938,15.20,3.7963,3.79643,6.000
6,65.000,16.48,3.8589,3.85900,6.000
6,65.062,17.82,3.9212,3.92132,6.000
6,65.125,19.22,3.9839,3.98400,6.000
6,65.188,20.74,4.0462,4.04632,6.000
6,65.250,22.32,4.1089,4.10900,6.000
6,65.312,24.01,4.1713,4.17140,6.000
6,65.375,25.79,4.2339,4.23395,6.000
6,65.438,27.68,4.2963,4.29642,6.000
6,65.500,29.69,4.3589,4.35900,6.000
6,65.625,30.35,4.3944,4.39455,6.000
6,65.688,26.07,4.3320,4.33208,6.000
6,65.750,22.82,4.2696,4.26970,6.000
6,65.812,20.13,4.2070,4.20713,6.000
6,65.875,17.82,4.1446,4.14470,6.000
6,65.938,15.81,4.0820,4.08212,6.000
6,66.000,14.05,4.0197,4.01980,6.000
6,66.062,12.50,3.9571,3.95715,6.000
6,66.125,11.13,3.8946,3.89470,6.000
6,66.188,9.92,3.8321,3.83220,6.000
6,66.250,8.82,3.7695,3.76960,6.000
6,66.312,7.86,3.7072,3.70733,6.000
6,66.375,7.01,3.6446,3.64470,6.000
6,66.438,6.23,3.5820,3.58215,6.000
6,66.500,5.56,3.5194,3.51950,6.000
6,66.562,4.95,3.4571,3.45715,6.000
6,66.625,4.42,3.3945,3.39460,6.000
6,66.688,3.93,3.3320,3.33205,6.000
6,66.750,3.49,3.2696,3.26970,6.000
6,66.812,3.10,3.2069,3.20700,6.000
6,66.875,2.75,3.1446,3.14475,6.000
6,66.938,2.43,3.0819,3.08203,6.000
6,67.000,2.15,3.0196,3.01970,6.000
6,67.062,1.87,2.9569,2.95703,6.000
6,67.125,1.62,2.8944,2.89450,6.000
6,67.188,1.40,2.8320,2.83205,6.000
6,67.250,1.20,2.7694,2.76950,6.000
6,67.312,1.01,2.7070,2.70710,6.000
6,67.375,0.84,2.6443,2.64440,6.000
6,67.438,0.69,2.5820,2.58210,6.000
6,67.500,0.55,2.5193,2.51940,6.000
6,67.562,0.44,2.4571,2.45715,6.000
6,67.625,0.33,2.3945,2.39460,6.000
6,67.688,0.25,2.3320,2.33210,6.000
6,67.750,0.17,2.2695,2.26960,6.000
6,67.812,0.10,2.2068,2.20693,6.000
6,67.875,0.06,2.1444,2.14455,6.000
6,67.938,0.03,2.0818,2.08192,6.000
6,68.000,0.02,2.0195,2.01960,6.000
6,68.062,0.01,1.9568,1.95693,6.000
6,68.125,0.01,1.8944,1.89450,6.000
6,68.188,0.01,1.8320,1.83208,6.000
6,68.250,0.00,1.7694,1.76950,6.000
6,68.312,0.00,1.7069,1.70703,6.000
6,68.375,0.00,1.6442,1.64435,6.000
6,68.438,0.00,1.5819,1.58200,6.000
6,68.500,-0.01,1.5193,1.51940,6.000
6,68.562,0.00,1.4569,1.45700,6.000
6,68.625,0.00,1.3943,1.39440,6.000
6,68.688,-0.01,1.3319,1.33195,6.000
6,68.750,0.00,1.2694,1.26950,6.000
6,68.812,0.00,1.2068,1.20690,6.000
6,68.875,0.00,1.1444,1.14450,6.000
6,68.938,0.00,1.0818,1.08190,6.000
6,69.000,0.00,1.0195,1.01960,6.000
6,69.062,0.00,0.9567,0.95678,6.000
6,69.125,0.00,0.8944,0.89450,6.000
6,69.188,0.00,0.8318,0.83195,6.000
6,69.250,0.00,0.7694,0.76950,6.000
6,69.312,0.00,0.7069,0.70698,6.000
6,69.375,0.00,0.6442,0.64435,6.000
6,69.438,0.00,0.5818,0.58190,6.000
6,69.500,0.00,0.5192,0.51930,6.000
6,69.562,0.00,0.4569,0.45700,6.000
6,69.625,0.00,0.3943,0.39440,6.000
6,69.688,0.00,0.3318,0.33195,6.000
6,69.750,0.00,0.2693,0.26940,6.000
6,69.812,0.00,0.2068,0.20688,6.000
6,69.875,0.00,0.1444,0.14445,6.000
6,69.938,0.00,0.0817,0.08183,6.000
6,70.000,0.00,0.0193,0.01940,6.000
6,70.125,0.00,-0.0360,-0.03585,6.000
6,70.188,0.00,-0.0004,-0.00028,6.000
6,70.250,0.00,-0.0003,-0.00020,6.000
6,70.312,0.00,-0.0003,-0.00020,6.000
6,70.375,0.00,-0.0003,-0.00020,6.000
6,70.438,0.00,-0.0003,-0.00020,6.000
6,70.500,0.00,-0.0003,-0.00020,6.000
6,70.562,0.00,-0.0003,-0.00020,6.000
6,70.625,0.00,-0.0003,-0.00020,6.000
6,70.688,0.00,-0.0003,-0.00020,6.000
6,70.750,0.00,-0.0003,-0.00020,6.000
6,70.812,0.00,-0.0003,-0.00020,6.000
6,70.875,0.00,-0.0003,-0.00020,6.000
6,70.938,0.00,-0.0003,-0.00020,6.000
6,71.000,0.00,-0.0003,-0.00020,6.000
6,71.062,0.00,-0.0003,-0.00020,6.000
6,71.125,0.00,-0.0003,-0.00020,6.000
6,71.188,0.00,-0.0003,-0.00020,6.000
6,71.250,0.00,-0.0003,-0.00020,6.000
6,71.312,0.00,-0.0003,-0.00020,6.000
6,71.375,0.00,-0.0003,-0.00020,6.000
6,71.438,0.00,-0.0003,-0.00020,6.000
6,71.500,0.00,-0.0003,-0.00020,6.000
6,71.562,0.00,-0.0003,-0.00020,6.000
6,71.625,0.00,-0.0003,-0.00020,6.000
6,71.688,0.00,-0.0003,-0.00020,6.000
6,71.750,0.00,-0.0003,-0.00020,6.000
6,71.812,0.00,-0.0003,-0.00020,6.000
6,71.875,0.00,-0.0003,-0.00020,6.000
6,71.938,0.00,-0.0003,-0.00020,6.000
6,72.000,0.00,-0.0002,-0.00010,6.000
6,72.062,0.00,-0.0002,-0.00010,6.000
6,72.125,0.00,-0.0002,-0.00010,6.000
6,72.188,0.00,-0.0002,-0.00010,6.000
6,72.250,0.00,-0.0002,-0.00010,6.000
6,72.312,0.00,-0.0002,-0.00010,6.000
6,72.375,0.00,-0.0002,-0.00010,6.000
6,72.438,0.00,-0.0002,-0.00010,6.000
6,72.500,0.00,-0.0002,-0.00010,6.000
6,72.562,0.00,-0.0002,-0.00010,6.000
6,72.625,0.00,-0.0002,-0.00010,6.000
6,72.688,0.00,-0.0002,-0.00010,6.000
6,72.750,0.00,-0.0002,-0.00010,6.000
6,72.812,0.00,-0.0002,-0.00010,6.000
6,72.875,0.00,-0.0002,-0.00010,6.000
6,72.938,0.00,-0.0002,-0.00010,6.000
6,73.000,-0.01,-0.0002,-0.00010,6.000
6,73.062,0.00,-0.0002,-0.00010,6.000
7,73.438,0.00,0.1020,0.10213,7.000
7,73.500,-0.01,0.1645,0.16460,7.000
7,73.562,-0.01,0.2272,0.22727,7.000
7,73.625,0.00,0.2897,0.28980,7.000
7,73.688,0.00,0.3522,0.35228,7.000
7,73.750,0.00,0.4147,0.41480,7.000
7,73.812,0.00,0.4770,0.47712,7.000
7,73.875,0.00,0.5397,0.53980,7.000
7,73.938,-0.01,0.6021,0.60220,7.000
7,74.000,0.00,0.6647,0.66480,7.000
7,74.062,0.00,0.7271,0.72722,7.000
7,74.125,0.00,0.7897,0.78980,7.000
7,74.188,0.00,0.8522,0.85228,7.000
7,74.250,0.00,0.9146,0.91470,7.000
7,74.312,-0.01,0.9773,0.97740,7.000
7,74.375,0.00,1.0397,1.03980,7.000
7,74.438,0.00,1.1023,1.10238,7.000
7,74.500,0.00,1.1647,1.16480,7.000
7,74.562,-0.01,1.2272,1.22735,7.000
7,74.625,-0.01,1.2897,1.28980,7.000
7,74.688,-0.01,1.3521,1.35222,7.000
7,74.750,-0.01,1.4148,1.41490,7.000
7,74.812,0.00,1.4772,1.47730,7.000
7,74.875,0.00,1.5398,1.53990,7.000
7,74.938,0.00,1.6021,1.60220,7.000
7,75.000,0.00,1.6648,1.66490,7.000
7,75.062,0.01,1.7271,1.72725,7.000
7,75.125,0.02,1.7899,1.78995,7.000
7,75.188,0.04,1.8522,1.85232,7.000
7,75.250,0.06,1.9147,1.91480,7.000
7,75.312,0.08,1.9773,1.97737,7.000
7,75.375,0.14,2.0397,2.03980,7.000
7,75.438,0.20,2.1023,2.10240,7.000
7,75.500,0.29,2.1648,2.16490,7.000
7,75.562,0.40,2.2274,2.22747,7.000
7,75.625,0.53,2.2898,2.28985,7.000
7,75.688,0.69,2.3524,2.35245,7.000
7,75.750,0.87,2.4148,2.41490,7.000
7,75.812,1.07,2.4773,2.47737,7.000
7,75.875,1.30,2.5398,2.53995,7.000
7,75.938,1.56,2.6023,2.60235,7.000
7,76.000,1.85,2.6649,2.66500,7.000
7,76.062,2.17,2.7272,2.72727,7.000
7,76.125,2.53,2.7898,2.78990,7.000
7,76.188,2.93,2.8522,2.85235,7.000
7,76.250,3.38,2.9148,2.91490,7.000
7,76.312,3.87,2.9773,2.97742,7.000
7,76.375,4.41,3.0398,3.03985,7.000
7,76.438,5.00,3.1023,3.10240,7.000
7,76.500,5.63,3.1647,3.16480,7.000
7,76.562,6.32,3.2274,3.22750,7.000
7,76.625,7.07,3.2898,3.28985,7.000
7,76.688,7.87,3.3522,3.35235,7.000
7,76.750,8.72,3.4147,3.41480,7.000
7,76.812,9.64,3.4773,3.47737,7.000
7,76.875,10.61,3.5398,3.53985,7.000
7,76.938,11.64,3.6022,3.60225,7.000
7,77.000,12.73,3.6648,3.66490,7.000
7,77.062,13.87,3.7272,3.72732,7.000
7,77.125,15.06,3.7899,3.79000,7.000
7,77.188,16.33,3.8524,3.85245,7.000
7,77.250,17.67,3.9149,3.91500,7.000
7,77.312,19.07,3.9772,3.97735,7.000
7,77.375,20.56,4.0398,4.03985,7.000
7,77.438,22.14,4.1023,4.10240,7.000
7,77.500,23.82,4.1647,4.16480,7.000
7,77.562,25.59,4.2274,4.22750,7.000
7,77.625,27.48,4.2899,4.28995,7.000
7,77.688,29.47,4.3525,4.35258,7.000
7,77.812,31.29,4.4122,4.41225,7.000
7,77.875,26.98,4.3506,4.35070,7.000
7,77.938,23.58,4.2880,4.28812,7.000
7,78.000,20.76,4.2257,4.22580,7.000
7,78.062,18.37,4.1631,4.16315,7.000
7,78.125,16.29,4.1006,4.10070,7.000
7,78.188,14.48,4.0381,4.03818,7.000
7,78.250,12.88,3.9757,3.97580,7.000
7,78.312,11.45,3.9132,3.91328,7.000
7,78.375,10.20,3.8506,3.85065,7.000
7,78.438,9.08,3.7882,3.78830,7.000
7,78.500,8.09,3.7254,3.72550,7.000
7,78.562,7.21,3.6631,3.66320,7.000
7,78.625,6.43,3.6005,3.60060,7.000
7,78.688,5.72,3.5380,3.53810,7.000
7,78.750,5.10,3.4755,3.47560,7.000
7,78.812,4.55,3.4130,3.41313,7.000
7,78.875,4.05,3.3505,3.35060,7.000
7,78.938,3.60,3.2879,3.28802,7.000
7,79.000,3.19,3.2257,3.22580,7.000
7,79.062,2.84,3.1630,3.16305,7.000
7,79.125,2.51,3.1006,3.10075,7.000
7,79.188,2.21,3.0379,3.03802,7.000
7,79.250,1.94,2.9756,2.97570,7.000
7,79.312,1.68,2.9130,2.91308,7.000
7,79.375,1.46,2.8504,2.85045,7.000
7,79.438,1.25,2.7880,2.78808,7.000
7,79.500,1.06,2.7253,2.72540,7.000
7,79.562,0.88,2.6630,2.66308,7.000
7,79.625,0.73,2.6004,2.60050,7.000
7,79.688,0.59,2.5379,2.53802,7.000
7,79.750,0.47,2.4756,2.47570,7.000
7,79.812,0.36,2.4130,2.41313,7.000
7,79.875,0.27,2.3505,2.35060,7.000
7,79.938,0.19,2.2879,2.28802,7.000
7,80.000,0.12,2.2254,2.22550,7.000
7,80.062,0.07,2.1628,2.16293,7.000
7,80.125,0.04,2.1004,2.10055,7.000
7,80.188,0.02,2.0379,2.03795,7.000
7,80.250,0.01,1.9754,1.97550,7.000
7,80.312,0.01,1.9129,1.91298,7.000
7,80.375,0.01,1.8505,1.85055,7.000
7,80.438,0.00,1.7880,1.78815,7.000
7,80.500,0.00,1.7253,1.72540,7.000
7,80.562,0.00,1.6629,1.66298,7.000
7,80.625,-0.01,1.6003,1.60040,7.000
7,80.688,-0.01,1.5379,1.53802,7.000
7,80.750,0.00,1.4754,1.47550,7.000
7,80.812,0.00,1.4129,1.41298,7.000
7,80.875,-0.01,1.3504,1.35045,7.000
7,80.938,-0.01,1.2878,1.28793,7.000
7,81.000,-0.01,1.2254,1.22550,7.000
7,81.062,0.00,1.1628,1.16290,7.000
7,81.125,-0.01,1.1004,1.10050,7.000
7,81.188,0.00,1.0378,1.03785,7.000
7,81.250,0.00,0.9754,0.97550,7.000
7,81.312,0.00,0.9128,0.91293,7.000
7,81.375,0.00,0.8504,0.85050,7.000
7,81.438,-0.01,0.7878,0.78795,7.000
7,81.500,-0.01,0.7252,0.72530,7.000
7,81.562,0.00,0.6628,0.66285,7.000
7,81.625,0.00,0.6003,0.60035,7.000
7,81.688,0.00,0.5378,0.53795,7.000
7,81.750,0.00,0.4752,0.47530,7.000
7,81.812,0.00,0.4129,0.41298,7.000
7,81.875,-0.01,0.3504,0.35045,7.000
7,81.938,0.00,0.2878,0.28792,7.000
7,82.000,-0.01,0.2254,0.22550,7.000
7,82.062,0.00,0.1627,0.16283,7.000
7,82.125,0.00,0.1003,0.10040,7.000
7,82.188,0.00,0.0377,0.03783,7.000
7,82.250,0.00,-0.0247,-0.02460,7.000
7,82.375,-0.01,-0.0057,-0.00560,7.000
7,82.438,-0.01,-0.0003,-0.00020,7.000
7,82.500,-0.01,-0.0003,-0.00020,7.000
7,82.562,-0.01,-0.0003,-0.00020,7.000
7,82.625,0.00,-0.0003,-0.00020,7.000
7,82.688,-0.01,-0.0003,-0.00020,7.000
7,82.750,-0.01,-0.0003,-0.00020,7.000
7,82.812,0.00,-0.0003,-0.00020,7.000
7,82.875,-0.01,-0.0003,-0.00020,7.000
7,82.938,-0.01,-0.0003,-0.00020,7.000
7,83.000,0.00,-0.0003,-0.00020,7.000
7,83.062,0.00,-0.0003,-0.00020,7.000
7,83.125,0.00,-0.0003,-0.00020,7.000
7,83.188,0.00,-0.0003,-0.00020,7.000
7,83.250,0.00,-0.0003,-0.00020,7.000
7,83.312,0.00,-0.0003,-0.00020,7.000
7,83.375,0.00,-0.0003,-0.00020,7.000
7,83.438,0.00,-0.0003,-0.00020,7.000
7,83.500,0.00,-0.0003,-0.00020,7.000
7,83.562,0.00,-0.0003,-0.00020,7.000
7,83.625,0.00,-0.0003,-0.00020,7.000
7,83.688,0.00,-0.0003,-0.00020,7.000
7,83.750,0.00,-0.0003,-0.00020,7.000
7,83.812,0.00,-0.0003,-0.00020,7.000
7,83.875,0.00,-0.0003,-0.00020,7.000
7,83.938,0.00,-0.0003,-0.00020,7.000
7,84.000,-0.01,-0.0003,-0.00020,7.000
7,84.062,0.00,-0.0003,-0.00020,7.000
7,84.125,-0.01,-0.0003,-0.00020,7.000
7,84.188,-0.01,-0.0003,-0.00020,7.000
7,84.250,0.00,-0.0003,-0.00020,7.000
7,84.312,-0.01,-0.0003,-0.00020,7.000
7,84.375,0.00,-0.0002,-0.00010,7.000
7,84.438,-0.01,-0.0002,-0.00010,7.000
7,84.500,0.00,-0.0002,-0.00010,7.000
7,84.562,-0.01,-0.0002,-0.00010,7.000
7,84.625,0.00,-0.0002,-0.00010,7.000
7,84.688,0.00,-0.0002,-0.00010,7.000
7,84.750,-0.01,-0.0002,-0.00010,7.000
7,84.812,0.00,-0.0002,-0.00010,7.000
7,84.875,0.00,-0.0002,-0.00010,7.000
7,84.938,-0.01,-0.0002,-0.00010,7.000
7,85.000,0.00,-0.0002,-0.00010,7.000
7,85.062,-0.01,-0.0002,-0.00010,7.000
7,85.125,0.00,-0.0002,-0.00010,7.000
7,85.188,0.00,-0.0002,-0.00010,7.000
7,85.250,0.00,-0.0002,-0.00010,7.000
7,85.312,0.00,-0.0002,-0.00010,7.000
8,85.500,-0.01,-0.0001,0.00000,8.000
8,85.562,-0.01,0.0313,0.03137,8.000
8,85.625,-0.01,0.0937,0.09375,8.000
8,85.688,-0.01,0.1560,0.15615,8.000
8,85.750,0.00,0.2188,0.21890,8.000
8,85.812,0.00,0.2811,0.28122,8.000
8,85.875,-0.01,0.3438,0.34385,8.000
8,85.938,-0.01,0.4062,0.40628,8.000
8,86.000,-0.01,0.4687,0.46880,8.000
8,86.062,-0.01,0.5312,0.53127,8.000
8,86.125,0.00,0.5936,0.59370,8.000
8,86.188,0.00,0.6562,0.65630,8.000
8,86.250,0.00,0.7186,0.71870,8.000
8,86.312,0.00,0.7812,0.78132,8.000
8,86.375,-0.01,0.8436,0.84370,8.000
8,86.438,-0.01,0.9063,0.90638,8.000
8,86.500,0.00,0.9687,0.96880,8.000
8,86.562,0.00,1.0312,1.03135,8.000
8,86.625,-0.01,1.0937,1.09380,8.000
8,86.688,-0.01,1.1561,1.15622,8.000
8,86.750,-0.01,1.2187,1.21880,8.000
8,86.812,-0.01,1.2810,1.28115,8.000
8,86.875,-0.01,1.3438,1.34385,8.000
8,86.938,-0.01,1.4061,1.40620,8.000
8,87.000,-0.01,1.4689,1.46900,8.000
8,87.062,-0.01,1.5312,1.53132,8.000
8,87.125,-0.01,1.5937,1.59380,8.000
8,87.188,0.00,1.6563,1.65638,8.000
8,87.250,0.00,1.7186,1.71870,8.000
8,87.312,0.02,1.7813,1.78145,8.000
8,87.375,0.03,1.8438,1.84385,8.000
8,87.438,0.05,1.9063,1.90640,8.000
8,87.500,0.08,1.9687,1.96880,8.000
8,87.562,0.12,2.0313,2.03142,8.000
8,87.625,0.19,2.0938,2.09385,8.000
8,87.688,0.27,2.1562,2.15635,8.000
8,87.750,0.38,2.2187,2.21880,8.000
8,87.812,0.51,2.2813,2.28140,8.000
8,87.875,0.66,2.3439,2.34395,8.000
8,87.938,0.83,2.4063,2.40640,8.000
8,88.000,1.03,2.4689,2.46900,8.000
8,88.062,1.26,2.5313,2.53137,8.000
8,88.125,1.51,2.5938,2.59385,8.000
8,88.188,1.80,2.6563,2.65640,8.000
8,88.250,2.12,2.7187,2.71880,8.000
8,88.312,2.47,2.7813,2.78142,8.000
8,88.375,2.86,2.8437,2.84380,8.000
8,88.438,3.31,2.9063,2.90640,8.000
8,88.500,3.79,2.9687,2.96880,8.000
8,88.562,4.32,3.0313,3.03140,8.000
8,88.625,4.90,3.0938,3.09390,8.000
8,88.688,5.53,3.1563,3.15643,8.000
8,88.750,6.21,3.2188,3.21890,8.000
8,88.812,6.95,3.2812,3.28130,8.000
8,88.875,7.74,3.3438,3.34390,8.000
8,88.938,8.59,3.4063,3.40638,8.000
8,89.000,9.50,3.4688,3.46890,8.000
8,89.062,10.47,3.5311,3.53125,8.000
8,89.125,11.49,3.5938,3.59390,8.000
8,89.188,12.56,3.6563,3.65638,8.000
8,89.250,13.70,3.7189,3.71900,8.000
8,89.312,14.88,3.7813,3.78140,8.000
8,89.375,16.15,3.8438,3.84390,8.000
8,89.438,17.47,3.9064,3.90650,8.000
8,89.500,18.87,3.9687,3.96880,8.000
8,89.562,20.34,4.0313,4.03140,8.000
8,89.625,21.92,4.0938,4.09385,8.000
8,89.688,23.58,4.1563,4.15640,8.000
8,89.750,25.34,4.2188,4.21890,8.000
8,89.812,27.21,4.2814,4.28147,8.000
8,89.875,29.18,4.3439,4.34400,8.000
8,90.000,31.20,4.4082,4.40830,8.000
8,90.062,26.95,4.3471,4.34715,8.000
8,90.125,23.54,4.2846,4.28465,8.000
8,90.188,20.73,4.2222,4.22228,8.000
8,90.250,18.34,4.1597,4.15980,8.000
8,90.312,16.27,4.0971,4.09715,8.000
8,90.375,14.45,4.0346,4.03470,8.000
8,90.438,12.85,3.9721,3.97215,8.000
8,90.500,11.43,3.9097,3.90980,8.000
8,90.562,10.18,3.8471,3.84718,8.000
8,90.625,9.06,3.7847,3.78480,8.000
8,90.688,8.08,3.7222,3.72225,8.000
8,90.750,7.20,3.6596,3.65970,8.000
8,90.812,6.40,3.5971,3.59718,8.000
8,90.875,5.71,3.5344,3.53455,8.000
8,90.938,5.08,3.4721,3.47215,8.000
8,91.000,4.54,3.4094,3.40950,8.000
8,91.062,4.03,3.3470,3.34713,8.000
8,91.125,3.58,3.2844,3.28455,8.000
8,91.188,3.18,3.2221,3.22218,8.000
8,91.250,2.83,3.1595,3.15960,8.000
8,91.312,2.50,3.0971,3.09718,8.000
8,91.375,2.20,3.0345,3.03460,8.000
8,91.438,1.92,2.9720,2.97205,8.000
8,91.500,1.67,2.9095,2.90960,8.000
8,91.562,1.44,2.8468,2.84690,8.000
8,91.625,1.24,2.7845,2.78460,8.000
8,91.688,1.04,2.7220,2.72205,8.000
8,91.750,0.87,2.6595,2.65960,8.000
8,91.812,0.72,2.5969,2.59700,8.000
8,91.875,0.58,2.5344,2.53450,8.000
8,91.938,0.46,2.4720,2.47210,8.000
8,92.000,0.35,2.4094,2.40950,8.000
8,92.062,0.26,2.3470,2.34710,8.000
8,92.125,0.18,2.2844,2.28450,8.000
8,92.188,0.12,2.2220,2.22210,8.000
8,92.250,0.07,2.1594,2.15950,8.000
8,92.312,0.03,2.0970,2.09708,8.000
8,92.375,0.02,2.0344,2.03450,8.000
8,92.438,0.01,1.9718,1.97192,8.000
8,92.500,0.00,1.9094,1.90950,8.000
8,92.562,0.00,1.8470,1.84705,8.000
8,92.625,0.00,1.7845,1.78460,8.000
8,92.688,0.00,1.7218,1.72195,8.000
8,92.750,0.00,1.6593,1.65940,8.000
8,92.812,0.00,1.5968,1.59693,8.000
8,92.875,0.00,1.5344,1.53445,8.000
8,92.938,-0.01,1.4719,1.47198,8.000
8,93.000,-0.01,1.4093,1.40940,8.000
8,93.062,-0.01,1.3469,1.34698,8.000
8,93.125,0.00,1.2843,1.28435,8.000
8,93.188,0.00,1.2219,1.22200,8.000
8,93.250,-0.01,1.1592,1.15930,8.000
8,93.312,-0.01,1.0969,1.09698,8.000
8,93.375,0.00,1.0343,1.03440,8.000
8,93.438,-0.01,0.9719,0.97200,8.000
8,93.500,-0.01,0.9093,0.90940,8.000
8,93.562,0.00,0.8469,0.84695,8.000
8,93.625,0.00,0.7844,0.78450,8.000
8,93.688,0.00,0.7217,0.72182,8.000
8,93.750,0.00,0.6593,0.65940,8.000
8,93.812,0.00,0.5967,0.59678,8.000
8,93.875,-0.01,0.5342,0.53435,8.000
8,93.938,0.00,0.4718,0.47188,8.000
8,94.000,0.00,0.4094,0.40950,8.000
8,94.062,0.00,0.3469,0.34703,8.000
8,94.125,-0.01,0.2843,0.28440,8.000
8,94.188,0.00,0.2219,0.22202,8.000
8,94.250,-0.01,0.1592,0.15930,8.000
8,94.312,-0.01,0.0969,0.09698,8.000
8,94.375,-0.01,0.0343,0.03435,8.000
8,94.562,-0.01,-0.0009,-0.00080,8.000
8,94.625,-0.01,-0.0003,-0.00020,8.000
8,94.688,-0.01,-0.0003,-0.00020,8.000
8,94.750,-0.01,-0.0003,-0.00020,8.000
8,94.812,-0.01,-0.0003,-0.00020,8.000
8,94.875,-0.01,-0.0003,-0.00020,8.000
8,94.938,-0.01,-0.0003,-0.00020,8.000
8,95.000,0.00,-0.0003,-0.00020,8.000
8,95.062,0.00,-0.0003,-0.00020,8.000
8,95.125,0.00,-0.0003,-0.00020,8.000
8,95.188,-0.01,-0.0003,-0.00020,8.000
8,95.250,0.00,-0.0003,-0.00020,8.000
8,95.312,-0.01,-0.0003,-0.00020,8.000
8,95.375,-0.01,-0.0003,-0.00020,8.000
8,95.438,0.00,-0.0003,-0.00020,8.000
8,95.500,0.00,-0.0003,-0.00020,8.000
8,95.562,0.00,-0.0003,-0.00020,8.000
8,95.625,-0.01,-0.0003,-0.00020,8.000
8,95.688,-0.01,-0.0003,-0.00020,8.000
8,95.750,0.00,-0.0003,-0.00020,8.000
8,95.812,0.00,-0.0003,-0.00020,8.000
8,95.875,0.00,-0.0003,-0.00020,8.000
8,95.938,0.00,-0.0003,-0.00020,8.000
8,96.000,0.00,-0.0003,-0.00020,8.000
8,96.062,0.00,-0.0003,-0.00020,8.000
8,96.125,0.00,-0.0003,-0.00020,8.000
8,96.188,-0.01,-0.0003,-0.00020,8.000
8,96.250,0.00,-0.0003,-0.00020,8.000
8,96.312,0.00,-0.0002,-0.00010,8.000
8,96.375,-0.01,-0.0002,-0.00010,8.000
8,96.438,0.00,-0.0002,-0.00010,8.000
8,96.500,-0.01,-0.0002,-0.00010,8.000
8,96.562,-0.01,-0.0002,-0.00010,8.000
8,96.625,-0.01,-0.0002,-0.00010,8.000
8,96.688,0.00,-0.0002,-0.00010,8.000
8,96.750,0.00,-0.0002,-0.00010,8.000
8,96.812,-0.01,-0.0002,-0.00010,8.000
8,96.875,-0.01,-0.0002,-0.00010,8.000
8,96.938,-0.01,-0.0002,-0.00010,8.000
8,97.000,-0.01,-0.0002,-0.00010,8.000
8,97.062,-0.01,-0.0002,-0.00010,8.000
8,97.125,-0.01,-0.0002,-0.00010,8.000
8,97.188,0.00,-0.0002,-0.00010,8.000
8,97.250,-0.01,-0.0002,-0.00010,8.000
8,97.312,0.00,-0.0002,-0.00010,8.000
8,97.375,0.00,-0.0002,-0.00010,8.000
8,97.438,-0.01,-0.0002,-0.00010,8.000
8,97.500,0.00,-0.0002,-0.00010,8.000
9,97.750,0.00,0.0546,0.05470,9.000
9,97.812,0.00,0.1171,0.11717,9.000
9,97.875,0.00,0.1796,0.17975,9.000
9,97.938,0.00,0.2422,0.24228,9.000
9,98.000,0.00,0.3048,0.30490,9.000
9,98.062,0.00,0.3671,0.36725,9.000
9,98.125,0.00,0.4296,0.42975,9.000
9,98.188,0.00,0.4922,0.49225,9.000
9,98.250,0.00,0.5546,0.55470,9.000
9,98.312,0.00,0.6172,0.61730,9.000
9,98.375,0.00,0.6796,0.67970,9.000
9,98.438,0.00,0.7422,0.74230,9.000
9,98.500,0.00,0.8045,0.80460,9.000
9,98.562,0.00,0.8672,0.86727,9.000
9,98.625,0.00,0.9297,0.92975,9.000
9,98.688,0.00,0.9922,0.99228,9.000
9,98.750,0.00,1.0547,1.05480,9.000
9,98.812,0.00,1.1172,1.11732,9.000
9,98.875,0.00,1.1797,1.17980,9.000
9,98.938,0.00,1.2422,1.24228,9.000
9,99.000,0.00,1.3047,1.30480,9.000
9,99.062,-0.01,1.3671,1.36725,9.000
9,99.125,0.00,1.4298,1.42990,9.000
9,99.188,-0.01,1.4922,1.49235,9.000
9,99.250,0.00,1.5547,1.55480,9.000
9,99.312,0.00,1.6172,1.61732,9.000
9,99.375,0.01,1.6796,1.67975,9.000
9,99.438,0.02,1.7424,1.74245,9.000
9,99.500,0.03,1.8047,1.80480,9.000
9,99.562,0.05,1.8674,1.86755,9.000
9,99.625,0.07,1.9298,1.92985,9.000
9,99.688,0.10,1.9923,1.99240,9.000
9,99.750,0.14,2.0548,2.05490,9.000
9,99.812,0.22,2.1173,2.11737,9.000
9,99.875,0.32,2.1798,2.17990,9.000
9,99.938,0.43,2.2423,2.24240,9.000
9,100.000,0.57,2.3049,2.30500,9.000
9,100.062,0.73,2.3672,2.36735,9.000
9,100.125,0.91,2.4299,2.43000,9.000
9,100.188,1.12,2.4923,2.49238,9.000
9,100.250,1.36,2.5549,2.55500,9.000
9,100.312,1.62,2.6173,2.61740,9.000
9,100.375,1.92,2.6797,2.67980,9.000
9,100.438,2.25,2.7424,2.74245,9.000
9,100.500,2.63,2.8046,2.80470,9.000
9,100.562,3.04,2.8673,2.86740,9.000
9,100.625,3.49,2.9297,2.92980,9.000
9,100.688,4.00,2.9923,2.99240,9.000
9,100.750,4.55,3.0548,3.05490,9.000
9,100.812,5.15,3.1173,3.11745,9.000
9,100.875,5.79,3.1798,3.17990,9.000
9,100.938,6.50,3.2423,3.24235,9.000
9,101.000,7.25,3.3047,3.30480,9.000
9,101.062,8.06,3.3672,3.36730,9.000
9,101.125,8.94,3.4298,3.42995,9.000
9,101.188,9.86,3.4923,3.49238,9.000
9,101.250,10.85,3.5548,3.55490,9.000
9,101.312,11.89,3.6172,3.61735,9.000
9,101.375,12.99,3.6798,3.67985,9.000
9,101.438,14.14,3.7424,3.74248,9.000
9,101.500,15.36,3.8047,3.80480,9.000
9,101.562,16.64,3.8673,3.86742,9.000
9,101.625,18.00,3.9298,3.92985,9.000
9,101.688,19.43,3.9923,3.99243,9.000
9,101.750,20.94,4.0547,4.05480,9.000
9,101.812,22.55,4.1173,4.11737,9.000
9,101.875,24.24,4.1798,4.17990,9.000
9,101.938,26.05,4.2424,4.24245,9.000
9,102.000,27.97,4.3049,4.30500,9.000
9,102.062,30.01,4.3673,4.36737,9.000
9,102.188,30.41,4.3978,4.39785,9.000
9,102.250,26.12,4.3355,4.33560,9.000
9,102.312,22.87,4.2732,4.27325,9.000
9,102.375,20.18,4.2106,4.21070,9.000
9,102.438,17.85,4.1481,4.14820,9.000
9,102.500,15.85,4.0855,4.08560,9.000
9,102.562,14.08,4.0232,4.02328,9.000
9,102.625,12.52,3.9606,3.96070,9.000
9,102.688,11.14,3.8981,3.89820,9.000
9,102.750,9.92,3.8357,3.83580,9.000
9,102.812,8.84,3.7731,3.77318,9.000
9,102.875,7.88,3.7107,3.71080,9.000
9,102.938,7.02,3.6481,3.64818,9.000
9,103.000,6.26,3.5856,3.58570,9.000
9,103.062,5.57,3.5230,3.52308,9.000
9,103.125,4.97,3.4606,3.46070,9.000
9,103.188,4.43,3.3980,3.39815,9.000
9,103.250,3.94,3.3355,3.33560,9.000
9,103.312,3.50,3.2731,3.27318,9.000
9,103.375,3.11,3.2105,3.21060,9.000
9,103.438,2.76,3.1481,3.14820,9.000
9,103.500,2.43,3.0854,3.08550,9.000
9,103.562,2.14,3.0231,3.02318,9.000
9,103.625,1.88,2.9604,2.96055,9.000
9,103.688,1.63,2.8980,2.89808,9.000
9,103.750,1.40,2.8355,2.83560,9.000
9,103.812,1.20,2.7729,2.77298,9.000
9,103.875,1.01,2.7106,2.71065,9.000
9,103.938,0.84,2.6478,2.64795,9.000
9,104.000,0.69,2.5854,2.58550,9.000
9,104.062,0.55,2.5229,2.52295,9.000
9,104.125,0.44,2.4606,2.46065,9.000
9,104.188,0.33,2.3980,2.39808,9.000
9,104.250,0.24,2.3355,2.33560,9.000
9,104.312,0.17,2.2730,2.27310,9.000
9,104.375,0.10,2.2104,2.21045,9.000
9,104.438,0.06,2.1480,2.14810,9.000
9,104.500,0.04,2.0852,2.08530,9.000
9,104.562,0.02,2.0230,2.02305,9.000
9,104.625,0.01,1.9604,1.96045,9.000
9,104.688,0.01,1.8980,1.89810,9.000
9,104.750,0.01,1.8354,1.83550,9.000
9,104.812,0.01,1.7730,1.77308,9.000
9,104.875,0.00,1.7104,1.71050,9.000
9,104.938,0.00,1.6478,1.64790,9.000
9,105.000,-0.01,1.5854,1.58550,9.000
9,105.062,0.00,1.5228,1.52290,9.000
9,105.125,0.00,1.4604,1.46055,9.000
9,105.188,0.00,1.3978,1.39795,9.000
9,105.250,0.00,1.3354,1.33550,9.000
9,105.312,0.00,1.2728,1.27290,9.000
9,105.375,0.00,1.2103,1.21040,9.000
9,105.438,-0.01,1.1479,1.14798,9.000
9,105.500,0.00,1.0852,1.08530,9.000
9,105.562,-0.01,1.0229,1.02295,9.000
9,105.625,0.00,0.9603,0.96040,9.000
9,105.688,0.00,0.8979,0.89800,9.000
9,105.750,0.00,0.8352,0.83530,9.000
9,105.812,0.00,0.7729,0.77295,9.000
9,105.875,0.00,0.7102,0.71035,9.000
9,105.938,0.00,0.6478,0.64785,9.000
9,106.000,0.00,0.5852,0.58530,9.000
9,106.062,0.00,0.5227,0.52275,9.000
9,106.125,0.00,0.4604,0.46045,9.000
9,106.188,0.00,0.3978,0.39790,9.000
9,106.250,0.00,0.3354,0.33550,9.000
9,106.312,0.00,0.2728,0.27290,9.000
9,106.375,0.00,0.2104,0.21045,9.000
9,106.438,0.00,0.1479,0.14795,9.000
9,106.500,0.00,0.0852,0.08530,9.000
9,106.562,0.00,0.0228,0.02290,9.000
9,106.688,0.00,-0.0458,-0.04565,9.000
9,106.750,0.00,0.0000,0.00010,9.000
9,106.812,0.00,-0.0003,-0.00020,9.000
9,106.875,-0.01,-0.0003,-0.00020,9.000
9,106.938,0.00,-0.0003,-0.00020,9.000
9,107.000,0.00,-0.0003,-0.00020,9.000
9,107.062,0.00,-0.0003,-0.00020,9.000
9,107.125,0.00,-0.0003,-0.00020,9.000
9,107.188,0.00,-0.0003,-0.00020,9.000
9,107.250,-0.01,-0.0003,-0.00020,9.000
9,107.312,0.00,-0.0003,-0.00020,9.000
9,107.375,0.00,-0.0003,-0.00020,9.000
9,107.438,0.00,-0.0003,-0.00020,9.000
9,107.500,-0.01,-0.0003,-0.00020,9.000
9,107.562,-0.01,-0.0003,-0.00020,9.000
9,107.625,0.00,-0.0003,-0.00020,9.000
9,107.688,0.00,-0.0003,-0.00020,9.000
9,107.750,-0.01,-0.0003,-0.00020,9.000
9,107.812,0.00,-0.0003,-0.00020,9.000
9,107.875,-0.01,-0.0003,-0.00020,9.000
9,107.938,0.00,-0.0003,-0.00020,9.000
9,108.000,0.00,-0.0003,-0.00020,9.000
9,108.062,-0.01,-0.0003,-0.00020,9.000
9,108.125,0.00,-0.0003,-0.00020,9.000
9,108.188,-0.01,-0.0003,-0.00020,9.000
9,108.250,0.00,-0.0003,-0.00020,9.000
9,108.312,-0.01,-0.0003,-0.00020,9.000
9,108.375,0.00,-0.0003,-0.00020,9.000
9,108.438,0.00,-0.0002,-0.00010,9.000
9,108.500,0.00,-0.0002,-0.00010,9.000
9,108.562,0.00,-0.0002,-0.00010,9.000
9,108.625,0.00,-0.0002,-0.00010,9.000
9,108.688,-0.01,-0.0002,-0.00010,9.000
9,108.750,0.00,-0.0002,-0.00010,9.000
9,108.812,0.00,-0.0002,-0.00010,9.000
9,108.875,0.00,-0.0002,-0.00010,9.000
9,108.938,0.00,-0.0002,-0.00010,9.000
9,109.000,-0.01,-0.0002,-0.00010,9.000
9,109.062,0.00,-0.0002,-0.00010,9.000
9,109.125,-0.01,-0.0002,-0.00010,9.000
9,109.188,0.00,-0.0002,-0.00010,9.000
9,109.250,-0.01,-0.0002,-0.00010,9.000
9,109.312,0.00,-0.0002,-0.00010,9.000
9,109.375,-0.01,-0.0002,-0.00010,9.000
9,109.438,0.00,-0.0002,-0.00010,9.000
9,109.500,0.00,-0.0002,-0.00010,9.000
9,109.562,0.00,-0.0002,-0.00010,9.000
9,109.625,-0.01,-0.0002,-0.00010,9.000
9,109.688,0.00,-0.0002,-0.00010,9.000
10,109.938,0.00,0.0521,0.05218,10.000
10,110.000,0.00,0.1145,0.11460,10.000
10,110.062,0.01,0.1772,0.17730,10.000
10,110.125,0.00,0.2396,0.23970,10.000
10,110.188,0.00,0.3023,0.30238,10.000
10,110.250,0.00,0.3647,0.36480,10.000
10,110.312,0.00,0.4272,0.42727,10.000
10,110.375,0.00,0.4896,0.48970,10.000
10,110.438,0.00,0.5521,0.55220,10.000
10,110.500,0.00,0.6147,0.61480,10.000
10,110.562,0.00,0.6771,0.67720,10.000
10,110.625,0.00,0.7397,0.73980,10.000
10,110.688,0.00,0.8022,0.80225,10.000
10,110.750,0.00,0.8648,0.86490,10.000
10,110.812,0.00,0.9271,0.92722,10.000
10,110.875,0.00,0.9898,0.98985,10.000
10,110.938,0.00,1.0522,1.05235,10.000
10,111.000,0.00,1.1147,1.11480,10.000
10,111.062,0.00,1.1772,1.17730,10.000
10,111.125,0.00,1.2397,1.23975,10.000
10,111.188,0.00,1.3022,1.30232,10.000
10,111.250,0.00,1.3646,1.36470,10.000
10,111.312,0.00,1.4273,1.42740,10.000
10,111.375,0.00,1.4897,1.48980,10.000
10,111.438,0.00,1.5523,1.55240,10.000
10,111.500,0.01,1.6147,1.61480,10.000
10,111.562,0.01,1.6772,1.67727,10.000
10,111.625,0.02,1.7398,1.73995,10.000
10,111.688,0.03,1.8022,1.80235,10.000
10,111.750,0.05,1.8649,1.86500,10.000
10,111.812,0.07,1.9272,1.92727,10.000
10,111.875,0.10,1.9898,1.98990,10.000
10,111.938,0.15,2.0522,2.05235,10.000
10,112.000,0.22,2.1148,2.11490,10.000
10,112.062,0.31,2.1773,2.17740,10.000
10,112.125,0.43,2.2398,2.23985,10.000
10,112.188,0.56,2.3023,2.30240,10.000
10,112.250,0.72,2.3647,2.36480,10.000
10,112.312,0.90,2.4274,2.42755,10.000
10,112.375,1.11,2.4898,2.48985,10.000
10,112.438,1.35,2.5524,2.55248,10.000
10,112.500,1.61,2.6147,2.61480,10.000
10,112.562,1.91,2.6773,2.67737,10.000
10,112.625,2.24,2.7398,2.73990,10.000
10,112.688,2.61,2.8022,2.80225,10.000
10,112.750,3.02,2.8647,2.86480,10.000
10,112.812,3.48,2.9271,2.92722,10.000
10,112.875,3.98,2.9898,2.98995,10.000
10,112.938,4.54,3.0522,3.05232,10.000
10,113.000,5.13,3.1149,3.11500,10.000
10,113.062,5.77,3.1772,3.17735,10.000
10,113.125,6.48,3.2398,3.23990,10.000
10,113.188,7.23,3.3022,3.30232,10.000
10,113.250,8.05,3.3646,3.36470,10.000
10,113.312,8.92,3.4272,3.42735,10.000
10,113.375,9.85,3.4897,3.48980,10.000
10,113.438,10.84,3.5523,3.55238,10.000
10,113.500,11.87,3.6147,3.61480,10.000
10,113.562,12.97,3.6773,3.67745,10.000
10,113.625,14.12,3.7398,3.73990,10.000
10,113.688,15.34,3.8022,3.80235,10.000
10,113.750,16.63,3.8649,3.86500,10.000
10,113.812,17.99,3.9272,3.92730,10.000
10,113.875,19.41,3.9899,3.99000,10.000
10,113.938,20.93,4.0522,4.05230,10.000
10,114.000,22.52,4.1148,4.11490,10.000
10,114.062,24.23,4.1772,4.17735,10.000
10,114.125,26.03,4.2399,4.23995,10.000
10,114.188,27.94,4.3024,4.30247,10.000
10,114.250,29.98,4.3647,4.36480,10.000
10,114.375,30.64,4.4004,4.40050,10.000
10,114.438,26.31,4.3381,4.33815,10.000
10,114.500,23.03,4.2757,4.27580,10.000
10,114.562,20.32,4.2131,4.21323,10.000
10,114.625,17.97,4.1507,4.15075,10.000
10,114.688,15.95,4.0880,4.08810,10.000
10,114.750,14.18,4.0256,4.02570,10.000
10,114.812,12.61,3.9631,3.96323,10.000
10,114.875,11.22,3.9006,3.90070,10.000
10,114.938,9.99,3.8382,3.83828,10.000
10,115.000,8.89,3.7756,3.77570,10.000
10,115.062,7.93,3.7132,3.71333,10.000
10,115.125,7.07,3.6506,3.65065,10.000
10,115.188,6.30,3.5880,3.58812,10.000
10,115.250,5.61,3.5254,3.52550,10.000
10,115.312,5.00,3.4630,3.46313,10.000
10,115.375,4.46,3.4005,3.40060,10.000
10,115.438,3.97,3.3380,3.33812,10.000
10,115.500,3.53,3.2756,3.27570,10.000
10,115.562,3.13,3.2130,3.21308,10.000
10,115.625,2.78,3.1506,3.15070,10.000
10,115.688,2.46,3.0879,3.08803,10.000
10,115.750,2.16,3.0256,3.02570,10.000
10,115.812,1.89,2.9629,2.96303,10.000
10,115.875,1.64,2.9004,2.90050,10.000
10,115.938,1.41,2.8379,2.83798,10.000
10,116.000,1.21,2.7754,2.77550,10.000
10,116.062,1.02,2.7130,2.71310,10.000
10,116.125,0.85,2.6504,2.65045,10.000
10,116.188,0.70,2.5879,2.58802,10.000
10,116.250,0.56,2.5253,2.52540,10.000
10,116.312,0.45,2.4631,2.46318,10.000
10,116.375,0.35,2.4005,2.40055,10.000
10,116.438,0.25,2.3379,2.33802,10.000
10,116.500,0.18,2.2754,2.27550,10.000
10,116.562,0.11,2.2129,2.21300,10.000
10,116.625,0.07,2.1505,2.15055,10.000
10,116.688,0.04,2.0878,2.08788,10.000
10,116.750,0.03,2.0255,2.02560,10.000
10,116.812,0.02,1.9628,1.96285,10.000
10,116.875,0.02,1.9005,1.90055,10.000
10,116.938,0.01,1.8380,1.83805,10.000
10,117.000,0.01,1.7755,1.77560,10.000
10,117.062,0.01,1.7129,1.71300,10.000
10,117.125,0.01,1.6503,1.65040,10.000
10,117.188,0.01,1.5879,1.58800,10.000
10,117.250,0.00,1.5252,1.52530,10.000
10,117.312,0.00,1.4630,1.46308,10.000
10,117.375,0.00,1.4003,1.40040,10.000
10,117.438,0.00,1.3380,1.33805,10.000
10,117.500,0.01,1.2753,1.27540,10.000
10,117.562,0.00,1.2128,1.21290,10.000
10,117.625,0.00,1.1504,1.15045,10.000
10,117.688,0.00,1.0877,1.08782,10.000
10,117.750,0.00,1.0254,1.02550,10.000
10,117.812,0.01,0.9627,0.96283,10.000
10,117.875,0.01,0.9004,0.90050,10.000
10,117.938,0.00,0.8378,0.83788,10.000
10,118.000,0.00,0.7754,0.77550,10.000
10,118.062,0.00,0.7128,0.71285,10.000
10,118.125,0.00,0.6503,0.65040,10.000
10,118.188,0.00,0.5878,0.58790,10.000
10,118.250,0.00,0.5251,0.52520,10.000
10,118.312,0.01,0.4628,0.46293,10.000
10,118.375,0.00,0.4003,0.40040,10.000
10,118.438,0.01,0.3380,0.33808,10.000
10,118.500,0.00,0.2753,0.27540,10.000
10,118.562,0.00,0.2128,0.21288,10.000
10,118.625,0.01,0.1503,0.15040,10.000
10,118.688,0.00,0.0878,0.08785,10.000
10,118.750,0.01,0.0252,0.02530,10.000
10,118.875,0.00,-0.0472,-0.04715,10.000
10,118.938,0.01,-0.0005,-0.00040,10.000
10,119.000,0.00,-0.0003,-0.00020,10.000
10,119.062,0.00,-0.0003,-0.00020,10.000
10,119.125,0.00,-0.0003,-0.00020,10.000
10,119.188,0.00,-0.0003,-0.00020,10.000
10,119.250,0.01,-0.0003,-0.00020,10.000
10,119.312,0.00,-0.0003,-0.00020,10.000
10,119.375,0.00,-0.0003,-0.00020,10.000
10,119.438,0.01,-0.0003,-0.00020,10.000
10,119.500,0.01,-0.0003,-0.00020,10.000
10,119.562,0.00,-0.0003,-0.00020,10.000
10,119.625,0.00,-0.0003,-0.00020,10.000
10,119.688,0.00,-0.0003,-0.00020,10.000
10,119.750,0.01,-0.0003,-0.00020,10.000
10,119.812,0.00,-0.0003,-0.00020,10.000
10,119.875,0.00,-0.0003,-0.00020,10.000
10,119.938,0.00,-0.0003,-0.00020,10.000
10,120.000,0.00,-0.0003,-0.00020,10.000
10,120.062,0.00,-0.0003,-0.00020,10.000
10,120.125,0.00,-0.0003,-0.00020,10.000
10,120.188,0.00,-0.0003,-0.00020,10.000
10,120.250,0.00,-0.0003,-0.00020,10.000
10,120.312,0.00,-0.0003,-0.00020,10.000
10,120.375,0.00,-0.0003,-0.00020,10.000
10,120.438,0.00,-0.0002,-0.00010,10.000
10,120.500,0.00,-0.0002,-0.00010,10.000
10,120.562,0.00,-0.0002,-0.00010,10.000
10,120.625,0.00,-0.0002,-0.00010,10.000
10,120.688,0.00,-0.0002,-0.00010,10.000
10,120.750,0.00,-0.0002,-0.00010,10.000
10,120.812,0.00,-0.0002,-0.00010,10.000
10,120.875,0.01,-0.0002,-0.00010,10.000
10,120.938,0.00,-0.0002,-0.00010,10.000
10,121.000,0.00,-0.0002,-0.00010,10.000
10,121.062,0.00,-0.0002,-0.00010,10.000
10,121.125,0.00,-0.0002,-0.00010,10.000
10,121.188,0.00,-0.0002,-0.00010,10.000
10,121.250,0.00,-0.0002,-0.00010,10.000
10,121.312,0.00,-0.0002,-0.00010,10.000
10,121.375,0.01,-0.0002,-0.00010,10.000
10,121.438,0.01,-0.0002,-0.00010,10.000
10,121.500,0.00,-0.0002,-0.00010,10.000
10,121.562,0.01,-0.0002,-0.00010,10.000
10,121.625,0.00,-0.0002,-0.00010,10.000
10,121.688,0.00,-0.0002,-0.00010,10.000
10,121.750,0.00,-0.0002,-0.00010,10.000
10,121.812,0.00,-0.0002,-0.00010,10.000
10,121.875,0.01,-0.0002,-0.00010,10.000


