""
"Test Method","Radhen_Load_Cntrl_Cmprsn_250N_12-7.msm"
"Sample I. D.","Sample1.mss"
"Specimen Number","12"

"TheCycle_Output ()","_Time (s)","_Load (N)","_Extension (mm)","RealTimeDepth (mm)","CycleNumber ()"

1,0.312,0.00,0.0637,0.06373,1.000
1,0.375,0.00,0.1264,0.12635,1.000
1,0.438,0.00,0.1888,0.18878,1.000
1,0.500,0.01,0.2516,0.25160,1.000
1,0.562,0.00,0.3140,0.31400,1.000
1,0.625,0.00,0.3765,0.37650,1.000
1,0.688,0.00,0.4390,0.43897,1.000
1,0.750,0.00,0.5014,0.50140,1.000
1,0.812,0.00,0.5640,0.56400,1.000
1,0.875,0.00,0.6265,0.62645,1.000
1,0.938,0.00,0.6890,0.68900,1.000
1,1.000,0.00,0.7514,0.75140,1.000
1,1.062,0.00,0.8140,0.81400,1.000
1,1.125,0.00,0.8764,0.87645,1.000
1,1.188,0.00,0.9390,0.93895,1.000
1,1.250,0.00,1.0016,1.00160,1.000
1,1.312,0.00,1.0641,1.06405,1.000
1,1.375,0.00,1.1266,1.12655,1.000
1,1.438,0.00,1.1890,1.18900,1.000
1,1.500,0.00,1.2516,1.25160,1.000
1,1.562,0.00,1.3140,1.31395,1.000
1,1.625,0.00,1.3766,1.37655,1.000
1,1.688,0.00,1.4391,1.43905,1.000
1,1.750,0.00,1.5016,1.50160,1.000
1,1.812,0.00,1.5640,1.56402,1.000
1,1.875,0.01,1.6265,1.62645,1.000
1,1.938,0.02,1.6891,1.68908,1.000
1,2.000,0.04,1.7515,1.75150,1.000
1,2.062,0.06,1.8142,1.81420,1.000
1,2.125,0.08,1.8766,1.87660,1.000
1,2.188,0.12,1.9392,1.93915,1.000
1,2.250,0.18,2.0015,2.00150,1.000
1,2.312,0.27,2.0641,2.06407,1.000
1,2.375,0.37,2.1266,2.12660,1.000
1,2.438,0.50,2.1890,2.18902,1.000
1,2.500,0.63,2.2517,2.25170,1.000
1,2.562,0.80,2.3141,2.31412,1.000
1,2.625,0.99,2.3768,2.37675,1.000
1,2.688,1.21,2.4392,2.43918,1.000
1,2.750,1.45,2.5017,2.50170,1.000
1,2.812,1.72,2.5640,2.56405,1.000
1,2.875,2.03,2.6266,2.62660,1.000
1,2.938,2.36,2.6891,2.68910,1.000
1,3.000,2.73,2.7515,2.75150,1.000
1,3.062,3.15,2.8142,2.81418,1.000
1,3.125,3.61,2.8765,2.87650,1.000
1,3.188,4.11,2.9392,2.93920,1.000
1,3.250,4.66,3.0016,3.00160,1.000
1,3.312,5.25,3.0642,3.06418,1.000
1,3.375,5.89,3.1267,3.12670,1.000
1,3.438,6.58,3.1892,3.18915,1.000
1,3.500,7.31,3.2517,3.25170,1.000
1,3.562,8.12,3.3140,3.31402,1.000
1,3.625,8.97,3.3767,3.37665,1.000
1,3.688,9.88,3.4391,3.43910,1.000
1,3.750,10.86,3.5017,3.50170,1.000
1,3.812,11.88,3.5641,3.56410,1.000
1,3.875,12.97,3.6267,3.62665,1.000
1,3.938,14.12,3.6893,3.68925,1.000
1,4.000,15.34,3.7516,3.75160,1.000
1,4.062,16.63,3.8143,3.81430,1.000
1,4.125,18.00,3.8767,3.87665,1.000
1,4.188,19.46,3.9393,3.93930,1.000
1,4.250,21.01,4.0016,4.00160,1.000
1,4.312,22.66,4.0642,4.06420,1.000
1,4.375,24.40,4.1268,4.12675,1.000
1,4.438,26.25,4.1892,4.18920,1.000
1,4.500,28.21,4.2518,4.25180,1.000
1,4.562,30.33,4.3142,4.31420,1.000
1,4.625,32.56,4.3768,4.37680,1.000
1,4.688,34.97,4.4391,4.43912,1.000
1,4.750,37.56,4.5018,4.50180,1.000
1,4.812,40.26,4.5641,4.56412,1.000
1,4.875,43.12,4.6268,4.62675,1.000
1,4.938,46.20,4.6893,4.68928,1.000
1,5.000,49.34,4.7517,4.75170,1.000
1,5.125,48.94,4.7874,4.78735,1.000
1,5.188,40.89,4.7250,4.72495,1.000
1,5.250,35.11,4.6626,4.66260,1.000
1,5.312,30.59,4.6001,4.60005,1.000
1,5.375,26.84,4.5376,4.53755,1.000
1,5.438,23.69,4.4749,4.47493,1.000
1,5.500,20.95,4.4126,4.41260,1.000
1,5.562,18.59,4.3501,4.35008,1.000
1,5.625,16.52,4.2876,4.28760,1.000
1,5.688,14.69,4.2251,4.22510,1.000
1,5.750,13.10,4.1625,4.16250,1.000
1,5.812,11.70,4.1001,4.10010,1.000
1,5.875,10.47,4.0375,4.03750,1.000
1,5.938,9.37,3.9751,3.97510,1.000
1,6.000,8.42,3.9125,3.91250,1.000
1,6.062,7.59,3.8501,3.85008,1.000
1,6.125,6.86,3.7875,3.78750,1.000
1,6.188,6.21,3.7251,3.72505,1.000
1,6.250,5.63,3.6626,3.66260,1.000
1,6.312,5.10,3.5999,3.59993,1.000
1,6.375,4.62,3.5375,3.53750,1.000
1,6.438,4.20,3.4748,3.47478,1.000
1,6.500,3.80,3.4125,3.41250,1.000
1,6.562,3.44,3.3499,3.34993,1.000
1,6.625,3.13,3.2874,3.28745,1.000
1,6.688,2.82,3.2250,3.22498,1.000
1,6.750,2.53,3.1625,3.16250,1.000
1,6.812,2.25,3.1000,3.10000,1.000
1,6.875,2.01,3.0374,3.03745,1.000
1,6.938,1.77,2.9751,2.97505,1.000
1,7.000,1.56,2.9123,2.91230,1.000
1,7.062,1.35,2.8500,2.84995,1.000
1,7.125,1.17,2.7873,2.78730,1.000
1,7.188,0.99,2.7249,2.72490,1.000
1,7.250,0.83,2.6624,2.66240,1.000
1,7.312,0.70,2.5999,2.59985,1.000
1,7.375,0.57,2.5374,2.53740,1.000
1,7.438,0.46,2.4748,2.47483,1.000
1,7.500,0.36,2.4126,2.41260,1.000
1,7.562,0.27,2.3499,2.34985,1.000
1,7.625,0.19,2.2874,2.28740,1.000
1,7.688,0.13,2.2248,2.22480,1.000
1,7.750,0.08,2.1623,2.16230,1.000
1,7.812,0.04,2.0999,2.09990,1.000
1,7.875,0.03,2.0373,2.03730,1.000
1,7.938,0.02,1.9748,1.97483,1.000
1,8.000,0.01,1.9122,1.91220,1.000
1,8.062,0.01,1.8500,1.85000,1.000
1,8.125,0.01,1.7875,1.78745,1.000
1,8.188,0.00,1.7249,1.72492,1.000
1,8.250,0.00,1.6623,1.66230,1.000
1,8.312,0.00,1.5998,1.59978,1.000
1,8.375,0.00,1.5373,1.53730,1.000
1,8.438,0.00,1.4748,1.47477,1.000
1,8.500,0.00,1.4124,1.41240,1.000
1,8.562,0.00,1.3497,1.34965,1.000
1,8.625,0.00,1.2873,1.28730,1.000
1,8.688,0.00,1.2247,1.22475,1.000
1,8.750,0.00,1.1624,1.16240,1.000
1,8.812,0.00,1.0998,1.09980,1.000
1,8.875,0.00,1.0373,1.03730,1.000
1,8.938,0.00,0.9748,0.97485,1.000
1,9.000,0.01,0.9121,0.91210,1.000
1,9.062,0.00,0.8498,0.84980,1.000
1,9.125,0.00,0.7872,0.78720,1.000
1,9.188,0.00,0.7248,0.72480,1.000
1,9.250,0.00,0.6622,0.66220,1.000
1,9.312,0.00,0.5998,0.59978,1.000
1,9.375,0.00,0.5373,0.53725,1.000
1,9.438,0.00,0.4746,0.47465,1.000
1,9.500,0.00,0.4124,0.41240,1.000
1,9.562,0.00,0.3497,0.34973,1.000
1,9.625,0.00,0.2874,0.28735,1.000
1,9.688,0.00,0.2247,0.22470,1.000
1,9.750,0.00,0.1623,0.16230,1.000
1,9.812,0.00,0.0997,0.09973,1.000
1,9.875,0.00,0.0372,0.03720,1.000
1,10.062,0.00,-0.0015,-0.00145,1.000
1,10.125,0.00,-0.0002,-0.00020,1.000
1,10.188,0.00,-0.0003,-0.00030,1.000
1,10.250,0.00,-0.0003,-0.00030,1.000
1,10.312,0.00,-0.0002,-0.00020,1.000
1,10.375,0.00,-0.0002,-0.00020,1.000
1,10.438,0.00,-0.0002,-0.00020,1.000
1,10.500,0.00,-0.0002,-0.00020,1.000
1,10.562,0.00,-0.0002,-0.00020,1.000
1,10.625,0.00,-0.0002,-0.00020,1.000
1,10.688,0.00,-0.0002,-0.00020,1.000
1,10.750,0.00,-0.0002,-0.00020,1.000
1,10.812,0.00,-0.0002,-0.00020,1.000
1,10.875,0.00,-0.0002,-0.00020,1.000
1,10.938,0.00,-0.0002,-0.00020,1.000
1,11.000,0.00,-0.0002,-0.00020,1.000
1,11.062,0.00,-0.0002,-0.00020,1.000
1,11.125,0.00,-0.0002,-0.00020,1.000
1,11.188,0.00,-0.0002,-0.00020,1.000
1,11.250,0.00,-0.0002,-0.00020,1.000
1,11.312,0.00,-0.0002,-0.00020,1.000
1,11.375,0.00,-0.0002,-0.00020,1.000
1,11.438,0.00,-0.0002,-0.00020,1.000
1,11.500,0.00,-0.0002,-0.00020,1.000
1,11.562,0.00,-0.0002,-0.00020,1.000
1,11.625,0.00,-0.0002,-0.00020,1.000
1,11.688,0.00,-0.0002,-0.00020,1.000
1,11.750,0.00,-0.0002,-0.00020,1.000
1,11.812,0.00,-0.0002,-0.00020,1.000
1,11.875,0.00,-0.0002,-0.00020,1.000
1,11.938,0.00,-0.0002,-0.00020,1.000
1,12.000,0.00,-0.0002,-0.00020,1.000
1,12.062,0.00,-0.0002,-0.00020,1.000
1,12.125,0.00,-0.0002,-0.00020,1.000
1,12.188,0.00,-0.0002,-0.00020,1.000
1,12.250,0.00,-0.0002,-0.00020,1.000
1,12.312,0.00,-0.0002,-0.00020,1.000
1,12.375,0.00,-0.0002,-0.00020,1.000
1,12.438,0.00,-0.0002,-0.00020,1.000
1,12.500,0.00,-0.0002,-0.00020,1.000
1,12.562,0.00,-0.0002,-0.00020,1.000
1,12.625,0.00,-0.0002,-0.00020,1.000
1,12.688,0.00,-0.0002,-0.00020,1.000
1,12.750,0.00,-0.0002,-0.00020,1.000
1,12.812,0.00,-0.0002,-0.00020,1.000
1,12.875,0.00,-0.0002,-0.00020,1.000
1,12.938,0.00,-0.0002,-0.00020,1.000
1,13.000,0.00,-0.0002,-0.00020,1.000
2,13.312,0.00,0.1039,0.10402,2.000
2,13.375,0.00,0.1666,0.16670,2.000
2,13.438,0.00,0.2291,0.22918,2.000
2,13.500,0.00,0.2917,0.29180,2.000
2,13.562,0.00,0.3541,0.35420,2.000
2,13.625,0.00,0.4167,0.41680,2.000
2,13.688,0.00,0.4791,0.47915,2.000
2,13.750,0.01,0.5415,0.54160,2.000
2,13.812,0.00,0.6041,0.60422,2.000
2,13.875,0.00,0.6665,0.66665,2.000
2,13.938,0.01,0.7292,0.72925,2.000
2,14.000,0.00,0.7916,0.79170,2.000
2,14.062,0.00,0.8542,0.85427,2.000
2,14.125,0.00,0.9166,0.91670,2.000
2,14.188,0.00,0.9792,0.97925,2.000
2,14.250,0.00,1.0416,1.04170,2.000
2,14.312,0.00,1.1041,1.10420,2.000
2,14.375,0.00,1.1666,1.16675,2.000
2,14.438,0.00,1.2290,1.22913,2.000
2,14.500,0.00,1.2918,1.29190,2.000
2,14.562,0.00,1.3541,1.35420,2.000
2,14.625,0.00,1.4167,1.41685,2.000
2,14.688,0.00,1.4792,1.47928,2.000
2,14.750,0.01,1.5417,1.54180,2.000
2,14.812,0.00,1.6041,1.60422,2.000
2,14.875,0.01,1.6666,1.66675,2.000
2,14.938,0.02,1.7293,1.72935,2.000
2,15.000,0.04,1.7917,1.79180,2.000
2,15.062,0.05,1.8543,1.85445,2.000
2,15.125,0.08,1.9166,1.91675,2.000
2,15.188,0.12,1.9793,1.97938,2.000
2,15.250,0.17,2.0417,2.04180,2.000
2,15.312,0.25,2.1042,2.10435,2.000
2,15.375,0.35,2.1667,2.16680,2.000
2,15.438,0.47,2.2291,2.22923,2.000
2,15.500,0.61,2.2918,2.29190,2.000
2,15.562,0.77,2.3543,2.35438,2.000
2,15.625,0.96,2.4169,2.41700,2.000
2,15.688,1.17,2.4793,2.47935,2.000
2,15.750,1.41,2.5419,2.54200,2.000
2,15.812,1.68,2.6042,2.60430,2.000
2,15.875,1.98,2.6667,2.66685,2.000
2,15.938,2.32,2.7292,2.72930,2.000
2,16.000,2.69,2.7915,2.79160,2.000
2,16.062,3.10,2.8542,2.85425,2.000
2,16.125,3.56,2.9166,2.91670,2.000
2,16.188,4.06,2.9793,2.97937,2.000
2,16.250,4.61,3.0418,3.04190,2.000
2,16.312,5.21,3.1043,3.10443,2.000
2,16.375,5.85,3.1668,3.16690,2.000
2,16.438,6.55,3.2292,3.22932,2.000
2,16.500,7.30,3.2917,3.29180,2.000
2,16.562,8.11,3.3541,3.35423,2.000
2,16.625,8.97,3.4168,3.41690,2.000
2,16.688,9.90,3.4791,3.47920,2.000
2,16.750,10.88,3.5418,3.54190,2.000
2,16.812,11.91,3.6042,3.60430,2.000
2,16.875,13.01,3.6668,3.66685,2.000
2,16.938,14.16,3.7293,3.72937,2.000
2,17.000,15.37,3.7917,3.79180,2.000
2,17.062,16.66,3.8543,3.85435,2.000
2,17.125,18.02,3.9168,3.91685,2.000
2,17.188,19.46,3.9794,3.97950,2.000
2,17.250,21.01,4.0416,4.04170,2.000
2,17.312,22.63,4.1043,4.10440,2.000
2,17.375,24.34,4.1668,4.16690,2.000
2,17.438,26.17,4.2293,4.22942,2.000
2,17.500,28.09,4.2918,4.29190,2.000
2,17.562,30.17,4.3543,4.35438,2.000
2,17.625,32.36,4.4168,4.41690,2.000
2,17.688,34.75,4.4792,4.47927,2.000
2,17.750,37.33,4.5418,4.54190,2.000
2,17.812,40.14,4.6043,4.60440,2.000
2,17.875,43.22,4.6668,4.66690,2.000
2,17.938,46.62,4.7293,4.72945,2.000
2,18.000,50.40,4.7916,4.79170,2.000
2,18.125,49.19,4.8073,4.80745,2.000
2,18.188,41.06,4.7451,4.74523,2.000
2,18.250,35.29,4.6826,4.68270,2.000
2,18.312,30.71,4.6202,4.62027,2.000
2,18.375,26.97,4.5575,4.55760,2.000
2,18.438,23.78,4.4951,4.49520,2.000
2,18.500,21.06,4.4325,4.43260,2.000
2,18.562,18.68,4.3701,4.37025,2.000
2,18.625,16.60,4.3076,4.30770,2.000
2,18.688,14.78,4.2451,4.24523,2.000
2,18.750,13.17,4.1827,4.18280,2.000
2,18.812,11.78,4.1200,4.12010,2.000
2,18.875,10.53,4.0576,4.05770,2.000
2,18.938,9.44,3.9950,3.99505,2.000
2,19.000,8.48,3.9327,3.93280,2.000
2,19.062,7.64,3.8700,3.87015,2.000
2,19.125,6.90,3.8076,3.80770,2.000
2,19.188,6.25,3.7451,3.74518,2.000
2,19.250,5.67,3.6826,3.68270,2.000
2,19.312,5.14,3.6200,3.62015,2.000
2,19.375,4.66,3.5574,3.55755,2.000
2,19.438,4.23,3.4951,3.49515,2.000
2,19.500,3.84,3.4324,3.43250,2.000
2,19.562,3.48,3.3700,3.37015,2.000
2,19.625,3.16,3.3074,3.30750,2.000
2,19.688,2.86,3.2450,3.24508,2.000
2,19.750,2.56,3.1825,3.18260,2.000
2,19.812,2.29,3.1199,3.12002,2.000
2,19.875,2.04,3.0576,3.05765,2.000
2,19.938,1.80,2.9949,2.99498,2.000
2,20.000,1.57,2.9326,2.93270,2.000
2,20.062,1.37,2.8698,2.86990,2.000
2,20.125,1.18,2.8074,2.80755,2.000
2,20.188,1.00,2.7449,2.74503,2.000
2,20.250,0.85,2.6823,2.68240,2.000
2,20.312,0.71,2.6199,2.62000,2.000
2,20.375,0.59,2.5573,2.55740,2.000
2,20.438,0.47,2.4950,2.49508,2.000
2,20.500,0.37,2.4323,2.43240,2.000
2,20.562,0.28,2.3700,2.37015,2.000
2,20.625,0.20,2.3074,2.30750,2.000
2,20.688,0.13,2.2449,2.24503,2.000
2,20.750,0.07,2.1824,2.18250,2.000
2,20.812,0.04,2.1199,2.11997,2.000
2,20.875,0.02,2.0575,2.05755,2.000
2,20.938,0.02,1.9948,1.99490,2.000
2,21.000,0.01,1.9324,1.93250,2.000
2,21.062,0.01,1.8698,1.86992,2.000
2,21.125,0.01,1.8075,1.80760,2.000
2,21.188,0.01,1.7449,1.74500,2.000
2,21.250,0.00,1.6823,1.68240,2.000
2,21.312,0.00,1.6198,1.61990,2.000
2,21.375,0.00,1.5572,1.55735,2.000
2,21.438,0.00,1.4950,1.49508,2.000
2,21.500,0.00,1.4323,1.43240,2.000
2,21.562,0.00,1.3699,1.36997,2.000
2,21.625,0.00,1.3072,1.30735,2.000
2,21.688,0.00,1.2448,1.24493,2.000
2,21.750,0.00,1.1823,1.18240,2.000
2,21.812,0.00,1.1198,1.11992,2.000
2,21.875,0.00,1.0574,1.05745,2.000
2,21.938,0.00,0.9948,0.99485,2.000
2,22.000,0.00,0.9324,0.93250,2.000
2,22.062,0.00,0.8696,0.86975,2.000
2,22.125,0.00,0.8074,0.80745,2.000
2,22.188,0.00,0.7448,0.74488,2.000
2,22.250,0.00,0.6824,0.68250,2.000
2,22.312,0.00,0.6197,0.61977,2.000
2,22.375,0.00,0.5572,0.55735,2.000
2,22.438,0.00,0.4948,0.49488,2.000
2,22.500,0.00,0.4322,0.43230,2.000
2,22.562,0.00,0.3699,0.37000,2.000
2,22.625,0.00,0.3073,0.30740,2.000
2,22.688,0.00,0.2448,0.24493,2.000
2,22.750,0.00,0.1823,0.18240,2.000
2,22.812,0.00,0.1198,0.11992,2.000
2,22.875,0.00,0.0572,0.05735,2.000
2,22.938,0.00,-0.0052,-0.00510,2.000
2,23.062,0.00,-0.0246,-0.02450,2.000
2,23.125,0.00,-0.0004,-0.00025,2.000
2,23.188,0.00,-0.0003,-0.00020,2.000
2,23.250,0.00,-0.0003,-0.00020,2.000
2,23.312,0.00,-0.0003,-0.00020,2.000
2,23.375,0.00,-0.0003,-0.00020,2.000
2,23.438,0.00,-0.0003,-0.00020,2.000
2,23.500,0.00,-0.0003,-0.00020,2.000
2,23.562,0.00,-0.0003,-0.00020,2.000
2,23.625,0.01,-0.0003,-0.00020,2.000
2,23.688,0.00,-0.0003,-0.00020,2.000
2,23.750,0.00,-0.0003,-0.00020,2.000
2,23.812,0.00,-0.0003,-0.00020,2.000
2,23.875,0.00,-0.0003,-0.00020,2.000
2,23.938,0.00,-0.0003,-0.00020,2.000
2,24.000,0.00,-0.0003,-0.00020,2.000
2,24.062,0.00,-0.0003,-0.00020,2.000
2,24.125,0.00,-0.0003,-0.00020,2.000
2,24.188,0.00,-0.0003,-0.00020,2.000
2,24.250,0.00,-0.0002,-0.00010,2.000
2,24.312,0.00,-0.0002,-0.00010,2.000
2,24.375,0.00,-0.0002,-0.00010,2.000
2,24.438,0.00,-0.0002,-0.00010,2.000
2,24.500,0.00,-0.0002,-0.00010,2.000
2,24.562,0.00,-0.0002,-0.00010,2.000
2,24.625,0.00,-0.0002,-0.00010,2.000
2,24.688,0.00,-0.0002,-0.00010,2.000
2,24.750,0.00,-0.0002,-0.00010,2.000
2,24.812,0.00,-0.0002,-0.00010,2.000
2,24.875,0.00,-0.0002,-0.00010,2.000
2,24.938,0.00,-0.0002,-0.00010,2.000
2,25.000,0.00,-0.0002,-0.00010,2.000
2,25.062,0.00,-0.0002,-0.00010,2.000
2,25.125,0.00,-0.0002,-0.00010,2.000
2,25.188,0.00,-0.0002,-0.00010,2.000
2,25.250,0.01,-0.0002,-0.00010,2.000
2,25.312,0.00,-0.0002,-0.00010,2.000
2,25.375,0.01,-0.0002,-0.00010,2.000
2,25.438,0.01,-0.0002,-0.00010,2.000
2,25.500,0.00,-0.0002,-0.00010,2.000
2,25.562,0.01,-0.0002,-0.00010,2.000
2,25.625,0.00,-0.0002,-0.00010,2.000
2,25.688,0.00,-0.0002,-0.00010,2.000
2,25.750,0.01,-0.0002,-0.00010,2.000
2,25.812,0.00,-0.0002,-0.00010,2.000
2,25.875,0.00,-0.0002,-0.00010,2.000
2,25.938,0.00,-0.0002,-0.00010,2.000
2,26.000,0.00,-0.0002,-0.00010,2.000
3,26.312,0.00,0.0710,0.07110,3.000
3,26.375,0.00,0.1336,0.13365,3.000
3,26.438,0.00,0.1960,0.19610,3.000
3,26.500,0.00,0.2587,0.25880,3.000
3,26.562,0.00,0.3212,0.32127,3.000
3,26.625,0.00,0.3837,0.38380,3.000
3,26.688,0.01,0.4462,0.44627,3.000
3,26.750,0.00,0.5085,0.50860,3.000
3,26.812,0.00,0.5711,0.57122,3.000
3,26.875,0.00,0.6336,0.63370,3.000
3,26.938,0.00,0.6962,0.69627,3.000
3,27.000,0.00,0.7586,0.75870,3.000
3,27.062,0.00,0.8211,0.82125,3.000
3,27.125,0.00,0.8837,0.88380,3.000
3,27.188,0.00,0.9461,0.94617,3.000
3,27.250,0.00,1.0088,1.00890,3.000
3,27.312,0.00,1.0711,1.07122,3.000
3,27.375,0.00,1.1337,1.13380,3.000
3,27.438,0.00,1.1961,1.19620,3.000
3,27.500,0.00,1.2588,1.25890,3.000
3,27.562,0.00,1.3211,1.32125,3.000
3,27.625,0.00,1.3836,1.38375,3.000
3,27.688,0.00,1.4463,1.44637,3.000
3,27.750,0.00,1.5086,1.50870,3.000
3,27.812,0.00,1.5713,1.57137,3.000
3,27.875,0.01,1.6336,1.63370,3.000
3,27.938,0.02,1.6963,1.69640,3.000
3,28.000,0.03,1.7586,1.75870,3.000
3,28.062,0.04,1.8213,1.82137,3.000
3,28.125,0.06,1.8837,1.88380,3.000
3,28.188,0.09,1.9461,1.94625,3.000
3,28.250,0.13,2.0087,2.00880,3.000
3,28.312,0.20,2.0712,2.07127,3.000
3,28.375,0.28,2.1338,2.13390,3.000
3,28.438,0.38,2.1961,2.19622,3.000
3,28.500,0.51,2.2589,2.25900,3.000
3,28.562,0.66,2.3213,2.32137,3.000
3,28.625,0.83,2.3838,2.38390,3.000
3,28.688,1.03,2.4463,2.44645,3.000
3,28.750,1.26,2.5087,2.50880,3.000
3,28.812,1.50,2.5713,2.57140,3.000
3,28.875,1.79,2.6337,2.63380,3.000
3,28.938,2.10,2.6963,2.69642,3.000
3,29.000,2.44,2.7587,2.75880,3.000
3,29.062,2.83,2.8212,2.82135,3.000
3,29.125,3.26,2.8836,2.88375,3.000
3,29.188,3.74,2.9461,2.94625,3.000
3,29.250,4.26,3.0087,3.00880,3.000
3,29.312,4.83,3.0712,3.07132,3.000
3,29.375,5.45,3.1338,3.13390,3.000
3,29.438,6.12,3.1963,3.19637,3.000
3,29.500,6.84,3.2588,3.25890,3.000
3,29.562,7.61,3.3211,3.32125,3.000
3,29.625,8.45,3.3838,3.38390,3.000
3,29.688,9.34,3.4462,3.44627,3.000
3,29.750,10.30,3.5087,3.50880,3.000
3,29.812,11.30,3.5713,3.57137,3.000
3,29.875,12.37,3.6338,3.63385,3.000
3,29.938,13.48,3.6963,3.69640,3.000
3,30.000,14.66,3.7586,3.75870,3.000
3,30.062,15.90,3.8213,3.82142,3.000
3,30.125,17.22,3.8838,3.88385,3.000
3,30.188,18.62,3.9463,3.94640,3.000
3,30.250,20.09,4.0087,4.00880,3.000
3,30.312,21.66,4.0713,4.07137,3.000
3,30.375,23.31,4.1338,4.13390,3.000
3,30.438,25.06,4.1962,4.19632,3.000
3,30.500,26.91,4.2590,4.25910,3.000
3,30.562,28.89,4.3213,4.32142,3.000
3,30.625,30.98,4.3838,4.38395,3.000
3,30.688,33.24,4.4463,4.44637,3.000
3,30.750,35.69,4.5087,4.50880,3.000
3,30.812,38.32,4.5713,4.57145,3.000
3,30.875,41.22,4.6338,4.63385,3.000
3,30.938,44.38,4.6963,4.69642,3.000
3,31.000,47.94,4.7586,4.75870,3.000
3,31.188,47.01,4.8019,4.80195,3.000
3,31.250,39.65,4.7396,4.73970,3.000
3,31.312,34.22,4.6770,4.67713,3.000
3,31.375,29.85,4.6147,4.61480,3.000
3,31.438,26.24,4.5521,4.55218,3.000
3,31.500,23.18,4.4896,4.48970,3.000
3,31.562,20.51,4.4270,4.42713,3.000
3,31.625,18.21,4.3646,4.36470,3.000
3,31.688,16.19,4.3022,4.30228,3.000
3,31.750,14.43,4.2396,4.23970,3.000
3,31.812,12.87,4.1771,4.17723,3.000
3,31.875,11.51,4.1145,4.11460,3.000
3,31.938,10.31,4.0522,4.05228,3.000
3,32.000,9.24,3.9896,3.98970,3.000
3,32.062,8.31,3.9271,3.92723,3.000
3,32.125,7.47,3.8646,3.86475,3.000
3,32.188,6.76,3.8020,3.80207,3.000
3,32.250,6.12,3.7395,3.73960,3.000
3,32.312,5.56,3.6770,3.67705,3.000
3,32.375,5.03,3.6146,3.61465,3.000
3,32.438,4.57,3.5519,3.55205,3.000
3,32.500,4.15,3.4895,3.48960,3.000
3,32.562,3.76,3.4270,3.42710,3.000
3,32.625,3.41,3.3644,3.36455,3.000
3,32.688,3.09,3.3020,3.30210,3.000
3,32.750,2.79,3.2394,3.23950,3.000
3,32.812,2.50,3.1771,3.17720,3.000
3,32.875,2.23,3.1144,3.11455,3.000
3,32.938,1.99,3.0520,3.05212,3.000
3,33.000,1.75,2.9895,2.98960,3.000
3,33.062,1.54,2.9270,2.92713,3.000
3,33.125,1.33,2.8644,2.86445,3.000
3,33.188,1.15,2.8018,2.80195,3.000
3,33.250,0.98,2.7395,2.73960,3.000
3,33.312,0.82,2.6768,2.67690,3.000
3,33.375,0.69,2.6145,2.61455,3.000
3,33.438,0.56,2.5518,2.55190,3.000
3,33.500,0.45,2.4895,2.48960,3.000
3,33.562,0.35,2.4270,2.42705,3.000
3,33.625,0.26,2.3644,2.36455,3.000
3,33.688,0.19,2.3019,2.30200,3.000
3,33.750,0.12,2.2393,2.23940,3.000
3,33.812,0.07,2.1770,2.17708,3.000
3,33.875,0.04,2.1143,2.11440,3.000
3,33.938,0.03,2.0520,2.05207,3.000
3,34.000,0.02,1.9893,1.98940,3.000
3,34.062,0.01,1.9269,1.92703,3.000
3,34.125,0.01,1.8644,1.86450,3.000
3,34.188,0.00,1.8019,1.80202,3.000
3,34.250,0.00,1.7395,1.73960,3.000
3,34.312,0.00,1.6768,1.67690,3.000
3,34.375,0.00,1.6144,1.61445,3.000
3,34.438,0.00,1.5518,1.55187,3.000
3,34.500,0.00,1.4895,1.48960,3.000
3,34.562,0.00,1.4269,1.42698,3.000
3,34.625,0.00,1.3643,1.36440,3.000
3,34.688,0.00,1.3018,1.30187,3.000
3,34.750,0.00,1.2393,1.23940,3.000
3,34.812,0.00,1.1769,1.17698,3.000
3,34.875,0.00,1.1142,1.11435,3.000
3,34.938,0.00,1.0518,1.05190,3.000
3,35.000,0.00,0.9892,0.98930,3.000
3,35.062,0.00,0.9269,0.92695,3.000
3,35.125,0.00,0.8642,0.86430,3.000
3,35.188,0.00,0.8019,0.80197,3.000
3,35.250,0.00,0.7393,0.73940,3.000
3,35.312,0.00,0.6767,0.67680,3.000
3,35.375,0.00,0.6143,0.61440,3.000
3,35.438,0.00,0.5517,0.55180,3.000
3,35.500,0.00,0.4894,0.48950,3.000
3,35.562,0.00,0.4267,0.42683,3.000
3,35.625,0.00,0.3644,0.36445,3.000
3,35.688,0.00,0.3018,0.30187,3.000
3,35.750,0.00,0.2394,0.23950,3.000
3,35.812,0.00,0.1768,0.17690,3.000
3,35.875,0.00,0.1142,0.11435,3.000
3,35.938,0.00,0.0519,0.05197,3.000
3,36.000,0.00,-0.0108,-0.01070,3.000
3,36.125,0.00,-0.0006,-0.00045,3.000
3,36.188,0.00,-0.0002,-0.00010,3.000
3,36.250,0.00,-0.0002,-0.00010,3.000
3,36.312,0.00,-0.0002,-0.00010,3.000
3,36.375,0.00,-0.0002,-0.00010,3.000
3,36.438,0.00,-0.0002,-0.00010,3.000
3,36.500,0.00,-0.0002,-0.00010,3.000
3,36.562,0.00,-0.0002,-0.00010,3.000
3,36.625,0.00,-0.0002,-0.00010,3.000
3,36.688,0.00,-0.0002,-0.00010,3.000
3,36.750,0.00,-0.0002,-0.00010,3.000
3,36.812,0.00,-0.0002,-0.00010,3.000
3,36.875,0.00,-0.0002,-0.00010,3.000
3,36.938,0.00,-0.0002,-0.00010,3.000
3,37.000,0.00,-0.0002,-0.00010,3.000
3,37.062,0.00,-0.0002,-0.00010,3.000
3,37.125,0.00,-0.0002,-0.00010,3.000
3,37.188,0.00,-0.0002,-0.00010,3.000
3,37.250,0.00,-0.0002,-0.00010,3.000
3,37.312,0.00,-0.0002,-0.00010,3.000
3,37.375,0.00,-0.0002,-0.00010,3.000
3,37.438,0.00,-0.0002,-0.00010,3.000
3,37.500,0.01,-0.0002,-0.00010,3.000
3,37.562,0.00,-0.0002,-0.00010,3.000
3,37.625,0.00,-0.0002,-0.00010,3.000
3,37.688,0.00,-0.0002,-0.00010,3.000
3,37.750,0.00,-0.0002,-0.00010,3.000
3,37.812,0.00,-0.0002,-0.00010,3.000
3,37.875,0.00,-0.0002,-0.00010,3.000
3,37.938,0.00,-0.0002,-0.00010,3.000
3,38.000,0.00,-0.0002,-0.00010,3.000
3,38.062,0.00,-0.0002,-0.00010,3.000
3,38.125,0.00,-0.0002,-0.00010,3.000
3,38.188,0.00,-0.0002,-0.00010,3.000
3,38.250,0.00,-0.0002,-0.00010,3.000
3,38.312,0.00,-0.0002,-0.00010,3.000
3,38.375,0.00,-0.0002,-0.00010,3.000
3,38.438,0.00,-0.0002,-0.00010,3.000
3,38.500,0.00,-0.0002,-0.00010,3.000
3,38.562,0.00,-0.0002,-0.00010,3.000
3,38.625,0.00,-0.0002,-0.00010,3.000
3,38.688,0.00,-0.0002,-0.00010,3.000
3,38.750,0.00,-0.0002,-0.00010,3.000
3,38.812,0.00,-0.0002,-0.00010,3.000
3,38.875,0.00,-0.0002,-0.00010,3.000
3,38.938,0.00,-0.0002,-0.00010,3.000
3,39.000,0.00,-0.0002,-0.00010,3.000
3,39.062,0.00,-0.0002,-0.00010,3.000
4,39.375,0.00,0.0665,0.06660,4.000
4,39.438,-0.01,0.1292,0.12925,4.000
4,39.500,0.00,0.1915,0.19160,4.000
4,39.562,0.00,0.2542,0.25435,4.000
4,39.625,-0.01,0.3166,0.31675,4.000
4,39.688,0.00,0.3792,0.37930,4.000
4,39.750,0.00,0.4416,0.44170,4.000
4,39.812,0.00,0.5040,0.50412,4.000
4,39.875,0.00,0.5666,0.56675,4.000
4,39.938,-0.01,0.6290,0.62908,4.000
4,40.000,0.00,0.6916,0.69170,4.000
4,40.062,-0.01,0.7541,0.75417,4.000
4,40.125,0.00,0.8167,0.81675,4.000
4,40.188,0.00,0.8790,0.87913,4.000
4,40.250,0.00,0.9417,0.94180,4.000
4,40.312,0.00,1.0041,1.00425,4.000
4,40.375,0.00,1.0666,1.06670,4.000
4,40.438,0.00,1.1292,1.12930,4.000
4,40.500,0.00,1.1915,1.19160,4.000
4,40.562,0.00,1.2542,1.25430,4.000
4,40.625,0.00,1.3166,1.31665,4.000
4,40.688,0.00,1.3791,1.37923,4.000
4,40.750,0.00,1.4417,1.44180,4.000
4,40.812,-0.01,1.5042,1.50427,4.000
4,40.875,-0.01,1.5667,1.56680,4.000
4,40.938,0.00,1.6291,1.62918,4.000
4,41.000,0.01,1.6917,1.69180,4.000
4,41.062,0.02,1.7541,1.75425,4.000
4,41.125,0.03,1.8168,1.81695,4.000
4,41.188,0.05,1.8792,1.87933,4.000
4,41.250,0.08,1.9418,1.94190,4.000
4,41.312,0.12,2.0042,2.00430,4.000
4,41.375,0.18,2.0667,2.06680,4.000
4,41.438,0.26,2.1292,2.12930,4.000
4,41.500,0.36,2.1916,2.19170,4.000
4,41.562,0.48,2.2543,2.25440,4.000
4,41.625,0.63,2.3168,2.31685,4.000
4,41.688,0.80,2.3794,2.37950,4.000
4,41.750,0.99,2.4418,2.44190,4.000
4,41.812,1.21,2.5043,2.50437,4.000
4,41.875,1.46,2.5668,2.56685,4.000
4,41.938,1.74,2.6292,2.62933,4.000
4,42.000,2.04,2.6917,2.69180,4.000
4,42.062,2.39,2.7541,2.75422,4.000
4,42.125,2.77,2.8168,2.81685,4.000
4,42.188,3.20,2.8791,2.87920,4.000
4,42.250,3.68,2.9418,2.94190,4.000
4,42.312,4.19,3.0043,3.00440,4.000
4,42.375,4.76,3.0668,3.06685,4.000
4,42.438,5.37,3.1292,3.12933,4.000
4,42.500,6.04,3.1918,3.19190,4.000
4,42.562,6.75,3.2543,3.25440,4.000
4,42.625,7.52,3.3166,3.31675,4.000
4,42.688,8.35,3.3794,3.37945,4.000
4,42.750,9.24,3.4417,3.44180,4.000
4,42.812,10.18,3.5042,3.50435,4.000
4,42.875,11.18,3.5667,3.56680,4.000
4,42.938,12.24,3.6293,3.62940,4.000
4,43.000,13.35,3.6919,3.69200,4.000
4,43.062,14.52,3.7542,3.75430,4.000
4,43.125,15.76,3.8169,3.81700,4.000
4,43.188,17.08,3.8793,3.87938,4.000
4,43.250,18.46,3.9419,3.94200,4.000
4,43.312,19.92,4.0043,4.00440,4.000
4,43.375,21.47,4.0668,4.06685,4.000
4,43.438,23.11,4.1293,4.12938,4.000
4,43.500,24.84,4.1918,4.19190,4.000
4,43.562,26.67,4.2544,4.25450,4.000
4,43.625,28.63,4.3168,4.31690,4.000
4,43.688,30.69,4.3794,4.37948,4.000
4,43.750,32.93,4.4417,4.44180,4.000
4,43.812,35.32,4.5043,4.50437,4.000
4,43.875,37.92,4.5668,4.56685,4.000
4,43.938,40.76,4.6293,4.62935,4.000
4,44.000,43.87,4.6919,4.69200,4.000
4,44.062,47.35,4.7542,4.75435,4.000
4,44.250,45.07,4.7826,4.78270,4.000
4,44.312,38.28,4.7200,4.72010,4.000
4,44.375,33.10,4.6577,4.65780,4.000
4,44.438,28.95,4.5951,4.59517,4.000
4,44.500,25.47,4.5326,4.53270,4.000
4,44.562,22.51,4.4700,4.47010,4.000
4,44.625,19.95,4.4076,4.40765,4.000
4,44.688,17.72,4.3451,4.34520,4.000
4,44.750,15.77,4.2825,4.28260,4.000
4,44.812,14.05,4.2201,4.22023,4.000
4,44.875,12.56,4.1576,4.15765,4.000
4,44.938,11.23,4.0951,4.09522,4.000
4,45.000,10.05,4.0325,4.03260,4.000
4,45.062,9.01,3.9702,3.97025,4.000
4,45.125,8.10,3.9076,3.90770,4.000
4,45.188,7.29,3.8450,3.84515,4.000
4,45.250,6.59,3.7827,3.78280,4.000
4,45.312,5.96,3.7201,3.72018,4.000
4,45.375,5.40,3.6576,3.65775,4.000
4,45.438,4.90,3.5950,3.59507,4.000
4,45.500,4.44,3.5325,3.53260,4.000
4,45.562,4.02,3.4699,3.47003,4.000
4,45.625,3.65,3.4075,3.40760,4.000
4,45.688,3.30,3.3450,3.34507,4.000
4,45.750,2.99,3.2824,3.28250,4.000
4,45.812,2.69,3.2200,3.22008,4.000
4,45.875,2.41,3.1574,3.15750,4.000
4,45.938,2.15,3.0951,3.09525,4.000
4,46.000,1.90,3.0324,3.03250,4.000
4,46.062,1.67,2.9701,2.97018,4.000
4,46.125,1.46,2.9074,2.90750,4.000
4,46.188,1.26,2.8449,2.84500,4.000
4,46.250,1.08,2.7824,2.78250,4.000
4,46.312,0.91,2.7199,2.72000,4.000
4,46.375,0.77,2.6575,2.65755,4.000
4,46.438,0.64,2.5948,2.59490,4.000
4,46.500,0.52,2.5325,2.53260,4.000
4,46.562,0.41,2.4699,2.47003,4.000
4,46.625,0.31,2.4075,2.40760,4.000
4,46.688,0.23,2.3450,2.34507,4.000
4,46.750,0.15,2.2825,2.28260,4.000
4,46.812,0.09,2.2199,2.22003,4.000
4,46.875,0.05,2.1573,2.15740,4.000
4,46.938,0.03,2.0949,2.09502,4.000
4,47.000,0.02,2.0322,2.03230,4.000
4,47.062,0.01,1.9700,1.97005,4.000
4,47.125,0.01,1.9073,1.90740,4.000
4,47.188,0.00,1.8449,1.84505,4.000
4,47.250,0.00,1.7825,1.78260,4.000
4,47.312,0.00,1.7199,1.72003,4.000
4,47.375,0.00,1.6574,1.65745,4.000
4,47.438,-0.01,1.5947,1.59482,4.000
4,47.500,0.00,1.5324,1.53250,4.000
4,47.562,0.00,1.4698,1.46985,4.000
4,47.625,0.00,1.4074,1.40745,4.000
4,47.688,0.00,1.3448,1.34492,4.000
4,47.750,0.00,1.2823,1.28240,4.000
4,47.812,-0.01,1.2199,1.21998,4.000
4,47.875,0.00,1.1573,1.15735,4.000
4,47.938,0.00,1.0949,1.09497,4.000
4,48.000,0.00,1.0322,1.03230,4.000
4,48.062,0.00,0.9698,0.96993,4.000
4,48.125,0.00,0.9073,0.90735,4.000
4,48.188,0.00,0.8449,0.84500,4.000
4,48.250,0.00,0.7823,0.78240,4.000
4,48.312,-0.01,0.7198,0.71988,4.000
4,48.375,0.00,0.6574,0.65745,4.000
4,48.438,0.00,0.5948,0.59487,4.000
4,48.500,0.00,0.5323,0.53240,4.000
4,48.562,0.00,0.4697,0.46980,4.000
4,48.625,0.00,0.4074,0.40745,4.000
4,48.688,0.00,0.3449,0.34497,4.000
4,48.750,0.00,0.2823,0.28240,4.000
4,48.812,0.00,0.2198,0.21985,4.000
4,48.875,0.00,0.1573,0.15735,4.000
4,48.938,0.00,0.0948,0.09487,4.000
4,49.000,-0.01,0.0322,0.03230,4.000
4,49.125,-0.01,-0.0403,-0.04020,4.000
4,49.188,-0.01,0.0004,0.00045,4.000
4,49.250,0.00,-0.0002,-0.00010,4.000
4,49.312,0.00,-0.0002,-0.00010,4.000
4,49.375,0.00,-0.0002,-0.00010,4.000
4,49.438,0.00,-0.0002,-0.00010,4.000
4,49.500,0.00,-0.0002,-0.00010,4.000
4,49.562,0.00,-0.0002,-0.00010,4.000
4,49.625,0.00,-0.0002,-0.00010,4.000
4,49.688,0.00,-0.0002,-0.00010,4.000
4,49.750,-0.01,-0.0002,-0.00010,4.000
4,49.812,-0.01,-0.0002,-0.00010,4.000
4,49.875,0.00,-0.0002,-0.00010,4.000
4,49.938,0.00,-0.0002,-0.00010,4.000
4,50.000,0.00,-0.0002,-0.00010,4.000
4,50.062,0.00,-0.0002,-0.00010,4.000
4,50.125,0.00,-0.0002,-0.00010,4.000
4,50.188,0.00,-0.0002,-0.00010,4.000
4,50.250,-0.01,-0.0002,-0.00010,4.000
4,50.312,0.00,-0.0002,-0.00010,4.000
4,50.375,-0.01,-0.0002,-0.00010,4.000
4,50.438,0.00,-0.0002,-0.00010,4.000
4,50.500,0.00,-0.0002,-0.00010,4.000
4,50.562,0.00,-0.0002,-0.00010,4.000
4,50.625,0.00,-0.0002,-0.00010,4.000
4,50.688,0.00,-0.0002,-0.00010,4.000
4,50.750,0.00,-0.0002,-0.00010,4.000
4,50.812,0.00,-0.0002,-0.00010,4.000
4,50.875,0.00,-0.0002,-0.00010,4.000
4,50.938,-0.01,-0.0002,-0.00010,4.000
4,51.000,0.00,-0.0002,-0.00010,4.000
4,51.062,0.00,-0.0002,-0.00010,4.000
4,51.125,0.00,-0.0002,-0.00010,4.000
4,51.188,0.00,-0.0002,-0.00010,4.000
4,51.250,-0.01,-0.0002,-0.00010,4.000
4,51.312,0.00,-0.0002,-0.00010,4.000
4,51.375,0.00,-0.0002,-0.00010,4.000
4,51.438,-0.01,-0.0002,-0.00010,4.000
4,51.500,0.00,-0.0002,-0.00010,4.000
4,51.562,0.00,-0.0002,-0.00010,4.000
4,51.625,0.00,-0.0002,-0.00010,4.000
4,51.688,0.00,-0.0002,-0.00010,4.000
4,51.750,0.00,-0.0002,-0.00010,4.000
4,51.812,0.00,-0.0002,-0.00010,4.000
4,51.875,0.00,-0.0002,-0.00010,4.000
4,51.938,0.00,-0.0002,-0.00010,4.000
4,52.000,0.00,-0.0002,-0.00010,4.000
4,52.062,0.00,-0.0002,-0.00010,4.000
5,52.375,0.00,0.0475,0.04765,5.000
5,52.438,-0.01,0.1100,0.11008,5.000
5,52.500,0.00,0.1727,0.17280,5.000
5,52.562,0.00,0.2350,0.23512,5.000
5,52.625,0.00,0.2977,0.29780,5.000
5,52.688,0.00,0.3602,0.36028,5.000
5,52.750,0.00,0.4226,0.42270,5.000
5,52.812,0.00,0.4852,0.48530,5.000
5,52.875,0.00,0.5475,0.54760,5.000
5,52.938,0.00,0.6102,0.61025,5.000
5,53.000,0.00,0.6726,0.67270,5.000
5,53.062,-0.01,0.7351,0.73522,5.000
5,53.125,-0.01,0.7975,0.79765,5.000
5,53.188,0.00,0.8602,0.86030,5.000
5,53.250,0.00,0.9225,0.92260,5.000
5,53.312,0.00,0.9851,0.98522,5.000
5,53.375,0.00,1.0477,1.04785,5.000
5,53.438,0.00,1.1100,1.11013,5.000
5,53.500,-0.01,1.1726,1.17270,5.000
5,53.562,0.00,1.2350,1.23515,5.000
5,53.625,0.00,1.2977,1.29780,5.000
5,53.688,0.00,1.3602,1.36025,5.000
5,53.750,0.00,1.4227,1.42280,5.000
5,53.812,-0.01,1.4852,1.48532,5.000
5,53.875,0.00,1.5476,1.54775,5.000
5,53.938,0.00,1.6102,1.61028,5.000
5,54.000,0.01,1.6725,1.67260,5.000
5,54.062,0.02,1.7353,1.73540,5.000
5,54.125,0.03,1.7977,1.79780,5.000
5,54.188,0.04,1.8603,1.86040,5.000
5,54.250,0.07,1.9227,1.92280,5.000
5,54.312,0.10,1.9852,1.98535,5.000
5,54.375,0.15,2.0477,2.04785,5.000
5,54.438,0.23,2.1102,2.11025,5.000
5,54.500,0.32,2.1727,2.17280,5.000
5,54.562,0.44,2.2351,2.23525,5.000
5,54.625,0.58,2.2978,2.29790,5.000
5,54.688,0.74,2.3603,2.36043,5.000
5,54.750,0.92,2.4230,2.42310,5.000
5,54.812,1.13,2.4852,2.48532,5.000
5,54.875,1.37,2.5477,2.54785,5.000
5,54.938,1.63,2.6102,2.61030,5.000
5,55.000,1.94,2.6727,2.67280,5.000
5,55.062,2.27,2.7352,2.73532,5.000
5,55.125,2.64,2.7976,2.79775,5.000
5,55.188,3.05,2.8603,2.86035,5.000
5,55.250,3.51,2.9227,2.92280,5.000
5,55.312,4.01,2.9853,2.98537,5.000
5,55.375,4.56,3.0477,3.04785,5.000
5,55.438,5.16,3.1103,3.11035,5.000
5,55.500,5.81,3.1728,3.17290,5.000
5,55.562,6.50,3.2351,3.23525,5.000
5,55.625,7.25,3.2978,3.29790,5.000
5,55.688,8.07,3.3601,3.36020,5.000
5,55.750,8.94,3.4229,3.42300,5.000
5,55.812,9.87,3.4852,3.48527,5.000
5,55.875,10.85,3.5477,3.54780,5.000
5,55.938,11.89,3.6103,3.61035,5.000
5,56.000,13.00,3.6727,3.67280,5.000
5,56.062,14.15,3.7353,3.73540,5.000
5,56.125,15.37,3.7977,3.79780,5.000
5,56.188,16.65,3.8604,3.86050,5.000
5,56.250,18.02,3.9228,3.92290,5.000
5,56.312,19.45,3.9854,3.98552,5.000
5,56.375,20.97,4.0477,4.04780,5.000
5,56.438,22.58,4.1102,4.11033,5.000
5,56.500,24.27,4.1729,4.17300,5.000
5,56.562,26.08,4.2353,4.23540,5.000
5,56.625,27.98,4.2979,4.29800,5.000
5,56.688,30.03,4.3602,4.36030,5.000
5,56.750,32.18,4.4229,4.42300,5.000
5,56.812,34.53,4.4852,4.48532,5.000
5,56.875,37.07,4.5478,4.54790,5.000
5,56.938,39.81,4.6104,4.61045,5.000
5,57.000,42.85,4.6728,4.67290,5.000
5,57.062,46.17,4.7353,4.73542,5.000
5,57.125,49.95,4.7977,4.79780,5.000
5,57.250,49.11,4.8133,4.81340,5.000
5,57.312,40.99,4.7510,4.75110,5.000
5,57.375,35.23,4.6886,4.68870,5.000
5,57.438,30.67,4.6261,4.62620,5.000
5,57.500,26.92,4.5635,4.56360,5.000
5,57.562,23.74,4.5011,4.50118,5.000
5,57.625,21.02,4.4385,4.43860,5.000
5,57.688,18.66,4.3762,4.37627,5.000
5,57.750,16.58,4.3136,4.31370,5.000
5,57.812,14.78,4.2512,4.25133,5.000
5,57.875,13.18,4.1886,4.18870,5.000
5,57.938,11.78,4.1260,4.12607,5.000
5,58.000,10.54,4.0636,4.06370,5.000
5,58.062,9.45,4.0011,4.00115,5.000
5,58.125,8.48,3.9387,3.93875,5.000
5,58.188,7.62,3.8760,3.87612,5.000
5,58.250,6.88,3.8137,3.81380,5.000
5,58.312,6.22,3.7510,3.75113,5.000
5,58.375,5.64,3.6886,3.68870,5.000
5,58.438,5.11,3.6261,3.62617,5.000
5,58.500,4.63,3.5635,3.56360,5.000
5,58.562,4.19,3.5010,3.50113,5.000
5,58.625,3.80,3.4385,3.43855,5.000
5,58.688,3.44,3.3761,3.37617,5.000
5,58.750,3.13,3.3134,3.31350,5.000
5,58.812,2.82,3.2511,3.25115,5.000
5,58.875,2.53,3.1885,3.18860,5.000
5,58.938,2.25,3.1260,3.12607,5.000
5,59.000,2.01,3.0636,3.06370,5.000
5,59.062,1.77,3.0011,3.00115,5.000
5,59.125,1.55,2.9385,2.93860,5.000
5,59.188,1.35,2.8757,2.87585,5.000
5,59.250,1.16,2.8134,2.81350,5.000
5,59.312,0.98,2.7508,2.75093,5.000
5,59.375,0.83,2.6884,2.68850,5.000
5,59.438,0.69,2.6258,2.62592,5.000
5,59.500,0.57,2.5633,2.56340,5.000
5,59.562,0.46,2.5009,2.50103,5.000
5,59.625,0.36,2.4384,2.43850,5.000
5,59.688,0.26,2.3760,2.37610,5.000
5,59.750,0.19,2.3133,2.31340,5.000
5,59.812,0.12,2.2509,2.25100,5.000
5,59.875,0.08,2.1883,2.18840,5.000
5,59.938,0.04,2.1259,2.12602,5.000
5,60.000,0.03,2.0633,2.06340,5.000
5,60.062,0.02,2.0008,2.00088,5.000
5,60.125,0.01,1.9384,1.93850,5.000
5,60.188,0.01,1.8758,1.87590,5.000
5,60.250,0.00,1.8136,1.81370,5.000
5,60.312,0.00,1.7509,1.75100,5.000
5,60.375,0.00,1.6884,1.68850,5.000
5,60.438,0.00,1.6258,1.62587,5.000
5,60.500,-0.01,1.5634,1.56350,5.000
5,60.562,-0.01,1.5009,1.50100,5.000
5,60.625,0.00,1.4384,1.43845,5.000
5,60.688,0.00,1.3758,1.37595,5.000
5,60.750,-0.01,1.3132,1.31330,5.000
5,60.812,0.00,1.2508,1.25093,5.000
5,60.875,0.00,1.1883,1.18835,5.000
5,60.938,0.00,1.1259,1.12600,5.000
5,61.000,-0.01,1.0634,1.06350,5.000
5,61.062,0.00,1.0008,1.00093,5.000
5,61.125,0.00,0.9383,0.93840,5.000
5,61.188,-0.01,0.8756,0.87575,5.000
5,61.250,0.00,0.8133,0.81340,5.000
5,61.312,0.00,0.7508,0.75085,5.000
5,61.375,0.00,0.6884,0.68845,5.000
5,61.438,-0.01,0.6257,0.62580,5.000
5,61.500,0.00,0.5633,0.56340,5.000
5,61.562,0.00,0.5008,0.50090,5.000
5,61.625,-0.01,0.4382,0.43830,5.000
5,61.688,-0.01,0.3759,0.37600,5.000
5,61.750,-0.01,0.3132,0.31330,5.000
5,61.812,0.00,0.2508,0.25093,5.000
5,61.875,-0.01,0.1882,0.18830,5.000
5,61.938,0.00,0.1258,0.12593,5.000
5,62.000,0.00,0.0633,0.06340,5.000
5,62.062,0.00,0.0008,0.00088,5.000
5,62.188,0.00,-0.0109,-0.01080,5.000
5,62.250,0.00,-0.0002,-0.00010,5.000
5,62.312,0.00,-0.0003,-0.00020,5.000
5,62.375,0.00,-0.0003,-0.00020,5.000
5,62.438,0.00,-0.0002,-0.00010,5.000
5,62.500,-0.01,-0.0002,-0.00010,5.000
5,62.562,0.00,-0.0002,-0.00010,5.000
5,62.625,0.00,-0.0002,-0.00010,5.000
5,62.688,-0.01,-0.0002,-0.00010,5.000
5,62.750,-0.01,-0.0002,-0.00010,5.000
5,62.812,0.00,-0.0002,-0.00010,5.000
5,62.875,-0.01,-0.0002,-0.00010,5.000
5,62.938,0.00,-0.0002,-0.00010,5.000
5,63.000,0.00,-0.0002,-0.00010,5.000
5,63.062,0.00,-0.0002,-0.00010,5.000
5,63.125,-0.01,-0.0002,-0.00010,5.000
5,63.188,0.00,-0.0002,-0.00010,5.000
5,63.250,-0.01,-0.0002,-0.00010,5.000
5,63.312,0.00,-0.0002,-0.00010,5.000
5,63.375,0.00,-0.0002,-0.00010,5.000
5,63.438,0.00,-0.0002,-0.00010,5.000
5,63.500,0.00,-0.0002,-0.00010,5.000
5,63.562,0.00,-0.0002,-0.00010,5.000
5,63.625,0.00,-0.0002,-0.00010,5.000
5,63.688,-0.01,-0.0002,-0.00010,5.000
5,63.750,-0.01,-0.0002,-0.00010,5.000
5,63.812,0.00,-0.0002,-0.00010,5.000
5,63.875,0.00,-0.0002,-0.00010,5.000
5,63.938,-0.01,-0.0002,-0.00010,5.000
5,64.000,0.00,-0.0002,-0.00010,5.000
5,64.062,0.00,-0.0002,-0.00010,5.000
5,64.125,0.00,-0.0002,-0.00010,5.000
5,64.188,-0.01,-0.0002,-0.00010,5.000
5,64.250,-0.01,-0.0002,-0.00010,5.000
5,64.312,-0.01,-0.0002,-0.00010,5.000
5,64.375,0.00,-0.0002,-0.00010,5.000
5,64.438,0.00,-0.0002,-0.00010,5.000
5,64.500,0.00,-0.0002,-0.00010,5.000
5,64.562,0.00,-0.0002,-0.00010,5.000
5,64.625,0.00,-0.0002,-0.00010,5.000
5,64.688,0.00,-0.0002,-0.00010,5.000
5,64.750,0.00,-0.0002,-0.00010,5.000
5,64.812,0.00,-0.0002,-0.00010,5.000
5,64.875,-0.01,-0.0002,-0.00010,5.000
5,64.938,-0.01,-0.0002,-0.00010,5.000
5,65.000,-0.01,-0.0002,-0.00010,5.000
5,65.062,0.00,-0.0002,-0.00010,5.000
5,65.125,-0.01,-0.0002,-0.00010,5.000
6,65.438,0.00,0.0700,0.07015,6.000
6,65.500,0.01,0.1326,0.13270,6.000
6,65.562,0.00,0.1950,0.19510,6.000
6,65.625,0.00,0.2577,0.25780,6.000
6,65.688,0.00,0.3202,0.32028,6.000
6,65.750,0.01,0.3827,0.38280,6.000
6,65.812,0.00,0.4451,0.44522,6.000
6,65.875,0.01,0.5075,0.50760,6.000
6,65.938,0.00,0.5701,0.57020,6.000
6,66.000,0.00,0.6325,0.63260,6.000
6,66.062,0.01,0.6952,0.69527,6.000
6,66.125,0.01,0.7576,0.75765,6.000
6,66.188,0.01,0.8201,0.82022,6.000
6,66.250,0.01,0.8826,0.88270,6.000
6,66.312,0.01,0.9452,0.94527,6.000
6,66.375,0.00,1.0078,1.00785,6.000
6,66.438,0.00,1.0701,1.07022,6.000
6,66.500,0.00,1.1328,1.13290,6.000
6,66.562,0.00,1.1951,1.19520,6.000
6,66.625,0.01,1.2577,1.25780,6.000
6,66.688,0.00,1.3202,1.32027,6.000
6,66.750,0.01,1.3827,1.38280,6.000
6,66.812,0.00,1.4452,1.44527,6.000
6,66.875,0.00,1.5077,1.50780,6.000
6,66.938,0.00,1.5703,1.57038,6.000
6,67.000,0.01,1.6326,1.63270,6.000
6,67.062,0.01,1.6952,1.69530,6.000
6,67.125,0.03,1.7577,1.75780,6.000
6,67.188,0.04,1.8204,1.82050,6.000
6,67.250,0.06,1.8828,1.88290,6.000
6,67.312,0.08,1.9452,1.94527,6.000
6,67.375,0.12,2.0076,2.00775,6.000
6,67.438,0.18,2.0702,2.07025,6.000
6,67.500,0.26,2.1328,2.13290,6.000
6,67.562,0.36,2.1952,2.19530,6.000
6,67.625,0.49,2.2578,2.25790,6.000
6,67.688,0.64,2.3202,2.32033,6.000
6,67.750,0.80,2.3829,2.38300,6.000
6,67.812,1.00,2.4453,2.44542,6.000
6,67.875,1.21,2.5077,2.50785,6.000
6,67.938,1.46,2.5702,2.57030,6.000
6,68.000,1.74,2.6326,2.63270,6.000
6,68.062,2.05,2.6952,2.69535,6.000
6,68.125,2.40,2.7576,2.75775,6.000
6,68.188,2.78,2.8203,2.82038,6.000
6,68.250,3.20,2.8827,2.88280,6.000
6,68.312,3.68,2.9452,2.94532,6.000
6,68.375,4.20,3.0077,3.00785,6.000
6,68.438,4.76,3.0703,3.07040,6.000
6,68.500,5.37,3.1328,3.13290,6.000
6,68.562,6.04,3.1952,3.19530,6.000
6,68.625,6.76,3.2578,3.25790,6.000
6,68.688,7.53,3.3202,3.32030,6.000
6,68.750,8.36,3.3829,3.38300,6.000
6,68.812,9.25,3.4452,3.44530,6.000
6,68.875,10.20,3.5077,3.50780,6.000
6,68.938,11.20,3.5702,3.57030,6.000
6,69.000,12.27,3.6327,3.63280,6.000
6,69.062,13.38,3.6953,3.69542,6.000
6,69.125,14.56,3.7577,3.75775,6.000
6,69.188,15.80,3.8204,3.82048,6.000
6,69.250,17.11,3.8826,3.88270,6.000
6,69.312,18.50,3.9453,3.94545,6.000
6,69.375,19.96,4.0077,4.00785,6.000
6,69.438,21.51,4.0702,4.07035,6.000
6,69.500,23.14,4.1328,4.13290,6.000
6,69.562,24.88,4.1953,4.19540,6.000
6,69.625,26.70,4.2579,4.25800,6.000
6,69.688,28.67,4.3203,4.32040,6.000
6,69.750,30.74,4.3829,4.38300,6.000
6,69.812,32.94,4.4451,4.44525,6.000
6,69.875,35.35,4.5078,4.50785,6.000
6,69.938,37.93,4.5704,4.57045,6.000
6,70.000,40.78,4.6329,4.63300,6.000
6,70.062,43.88,4.6954,4.69547,6.000
6,70.125,47.34,4.7578,4.75785,6.000
6,70.188,51.21,4.8203,4.82040,6.000
6,70.312,46.52,4.8008,4.80088,6.000
6,70.375,39.32,4.7386,4.73875,6.000
6,70.438,33.96,4.6761,4.67618,6.000
6,70.500,29.64,4.6138,4.61390,6.000
6,70.562,26.05,4.5511,4.55118,6.000
6,70.625,23.02,4.4886,4.48865,6.000
6,70.688,20.38,4.4260,4.42610,6.000
6,70.750,18.11,4.3635,4.36360,6.000
6,70.812,16.10,4.3012,4.30130,6.000
6,70.875,14.36,4.2386,4.23865,6.000
6,70.938,12.82,4.1761,4.17623,6.000
6,71.000,11.46,4.1134,4.11350,6.000
6,71.062,10.26,4.0511,4.05120,6.000
6,71.125,9.20,3.9886,3.98875,6.000
6,71.188,8.27,3.9260,3.92613,6.000
6,71.250,7.44,3.8637,3.86380,6.000
6,71.312,6.72,3.8010,3.80110,6.000
6,71.375,6.08,3.7386,3.73875,6.000
6,71.438,5.51,3.6760,3.67610,6.000
6,71.500,5.00,3.6136,3.61370,6.000
6,71.562,4.53,3.5509,3.55100,6.000
6,71.625,4.10,3.4885,3.48860,6.000
6,71.688,3.71,3.4260,3.42610,6.000
6,71.750,3.38,3.3634,3.36350,6.000
6,71.812,3.05,3.3010,3.30105,6.000
6,71.875,2.75,3.2384,3.23850,6.000
6,71.938,2.46,3.1760,3.17610,6.000
6,72.000,2.20,3.1134,3.11350,6.000
6,72.062,1.96,3.0511,3.05118,6.000
6,72.125,1.72,2.9886,2.98865,6.000
6,72.188,1.51,2.9258,2.92595,6.000
6,72.250,1.30,2.8633,2.86340,6.000
6,72.312,1.12,2.8008,2.80090,6.000
6,72.375,0.95,2.7385,2.73860,6.000
6,72.438,0.80,2.6759,2.67598,6.000
6,72.500,0.67,2.6134,2.61350,6.000
6,72.562,0.55,2.5508,2.55090,6.000
6,72.625,0.44,2.4884,2.48850,6.000
6,72.688,0.34,2.4260,2.42608,6.000
6,72.750,0.25,2.3634,2.36350,6.000
6,72.812,0.18,2.3010,2.30110,6.000
6,72.875,0.12,2.2384,2.23845,6.000
6,72.938,0.07,2.1759,2.17600,6.000
6,73.000,0.04,2.1133,2.11340,6.000
6,73.062,0.03,2.0509,2.05098,6.000
6,73.125,0.03,1.9884,1.98845,6.000
6,73.188,0.02,1.9258,1.92588,6.000
6,73.250,0.01,1.8634,1.86350,6.000
6,73.312,0.01,1.8009,1.80100,6.000
6,73.375,0.01,1.7385,1.73860,6.000
6,73.438,0.00,1.6758,1.67590,6.000
6,73.500,0.00,1.6134,1.61350,6.000
6,73.562,0.00,1.5508,1.55093,6.000
6,73.625,0.00,1.4884,1.48850,6.000
6,73.688,0.00,1.4258,1.42595,6.000
6,73.750,0.00,1.3634,1.36350,6.000
6,73.812,0.00,1.3008,1.30093,6.000
6,73.875,0.00,1.2383,1.23840,6.000
6,73.938,0.00,1.1759,1.17598,6.000
6,74.000,0.00,1.1133,1.11340,6.000
6,74.062,0.00,1.0509,1.05100,6.000
6,74.125,0.00,0.9883,0.98835,6.000
6,74.188,0.00,0.9259,0.92598,6.000
6,74.250,0.00,0.8634,0.86350,6.000
6,74.312,0.00,0.8008,0.80090,6.000
6,74.375,0.00,0.7383,0.73840,6.000
6,74.438,0.00,0.6757,0.67582,6.000
6,74.500,0.01,0.6133,0.61340,6.000
6,74.562,0.01,0.5506,0.55073,6.000
6,74.625,0.00,0.4883,0.48840,6.000
6,74.688,0.01,0.4257,0.42580,6.000
6,74.750,0.00,0.3634,0.36350,6.000
6,74.812,0.00,0.3009,0.30098,6.000
6,74.875,0.00,0.2382,0.23835,6.000
6,74.938,0.00,0.1758,0.17590,6.000
6,75.000,0.00,0.1131,0.11320,6.000
6,75.062,0.00,0.0508,0.05090,6.000
6,75.125,0.00,-0.0118,-0.01170,6.000
6,75.250,0.01,-0.0227,-0.02260,6.000
6,75.312,0.00,-0.0003,-0.00022,6.000
6,75.375,0.00,-0.0003,-0.00020,6.000
6,75.438,0.01,-0.0003,-0.00020,6.000
6,75.500,0.00,-0.0003,-0.00020,6.000
6,75.562,0.01,-0.0003,-0.00020,6.000
6,75.625,0.00,-0.0003,-0.00020,6.000
6,75.688,0.00,-0.0003,-0.00020,6.000
6,75.750,0.00,-0.0003,-0.00020,6.000
6,75.812,0.00,-0.0003,-0.00020,6.000
6,75.875,0.00,-0.0003,-0.00020,6.000
6,75.938,0.00,-0.0003,-0.00020,6.000
6,76.000,0.00,-0.0003,-0.00020,6.000
6,76.062,0.00,-0.0003,-0.00020,6.000
6,76.125,0.01,-0.0003,-0.00020,6.000
6,76.188,0.01,-0.0003,-0.00020,6.000
6,76.250,0.00,-0.0003,-0.00020,6.000
6,76.312,0.01,-0.0003,-0.00020,6.000
6,76.375,0.00,-0.0003,-0.00020,6.000
6,76.438,0.00,-0.0003,-0.00020,6.000
6,76.500,0.00,-0.0003,-0.00020,6.000
6,76.562,0.00,-0.0003,-0.00020,6.000
6,76.625,0.01,-0.0003,-0.00020,6.000
6,76.688,0.00,-0.0003,-0.00020,6.000
6,76.750,0.00,-0.0003,-0.00020,6.000
6,76.812,0.00,-0.0002,-0.00010,6.000
6,76.875,0.01,-0.0002,-0.00010,6.000
6,76.938,0.00,-0.0002,-0.00010,6.000
6,77.000,0.01,-0.0002,-0.00010,6.000
6,77.062,0.00,-0.0002,-0.00010,6.000
6,77.125,0.00,-0.0002,-0.00010,6.000
6,77.188,0.01,-0.0002,-0.00010,6.000
6,77.250,0.01,-0.0002,-0.00010,6.000
6,77.312,0.00,-0.0002,-0.00010,6.000
6,77.375,0.01,-0.0002,-0.00010,6.000
6,77.438,0.00,-0.0002,-0.00010,6.000
6,77.500,0.00,-0.0002,-0.00010,6.000
6,77.562,0.00,-0.0002,-0.00010,6.000
6,77.625,0.00,-0.0002,-0.00010,6.000
6,77.688,0.01,-0.0002,-0.00010,6.000
6,77.750,0.00,-0.0002,-0.00010,6.000
6,77.812,0.00,-0.0002,-0.00010,6.000
6,77.875,0.00,-0.0002,-0.00010,6.000
6,77.938,0.01,-0.0002,-0.00010,6.000
6,78.000,0.00,-0.0002,-0.00010,6.000
6,78.062,0.00,-0.0002,-0.00010,6.000
6,78.125,0.00,-0.0002,-0.00010,6.000
6,78.188,0.00,-0.0002,-0.00010,6.000
7,78.500,0.00,0.0715,0.07160,7.000
7,78.562,0.00,0.1341,0.13420,7.000
7,78.625,0.00,0.1966,0.19665,7.000
7,78.688,0.00,0.2592,0.25930,7.000
7,78.750,0.00,0.3216,0.32170,7.000
7,78.812,0.00,0.3842,0.38427,7.000
7,78.875,0.00,0.4467,0.44675,7.000
7,78.938,0.00,0.5090,0.50913,7.000
7,79.000,0.00,0.5717,0.57180,7.000
7,79.062,0.00,0.6341,0.63420,7.000
7,79.125,0.00,0.6967,0.69680,7.000
7,79.188,0.00,0.7592,0.75925,7.000
7,79.250,0.00,0.8217,0.82180,7.000
7,79.312,0.00,0.8842,0.88430,7.000
7,79.375,0.00,0.9466,0.94675,7.000
7,79.438,0.00,1.0092,1.00935,7.000
7,79.500,0.00,1.0717,1.07180,7.000
7,79.562,0.00,1.1342,1.13430,7.000
7,79.625,0.00,1.1966,1.19665,7.000
7,79.688,0.00,1.2592,1.25925,7.000
7,79.750,0.00,1.3216,1.32170,7.000
7,79.812,0.00,1.3842,1.38427,7.000
7,79.875,0.00,1.4468,1.44685,7.000
7,79.938,0.00,1.5092,1.50928,7.000
7,80.000,0.00,1.5717,1.57180,7.000
7,80.062,0.00,1.6342,1.63427,7.000
7,80.125,0.01,1.6968,1.69690,7.000
7,80.188,0.03,1.7592,1.75930,7.000
7,80.250,0.04,1.8218,1.82190,7.000
7,80.312,0.06,1.8842,1.88427,7.000
7,80.375,0.08,1.9468,1.94685,7.000
7,80.438,0.12,2.0092,2.00930,7.000
7,80.500,0.18,2.0717,2.07180,7.000
7,80.562,0.26,2.1342,2.13435,7.000
7,80.625,0.36,2.1967,2.19680,7.000
7,80.688,0.48,2.2594,2.25948,7.000
7,80.750,0.63,2.3218,2.32190,7.000
7,80.812,0.80,2.3844,2.38452,7.000
7,80.875,0.99,2.4468,2.44690,7.000
7,80.938,1.21,2.5092,2.50930,7.000
7,81.000,1.45,2.5717,2.57180,7.000
7,81.062,1.73,2.6341,2.63425,7.000
7,81.125,2.04,2.6968,2.69690,7.000
7,81.188,2.38,2.7592,2.75925,7.000
7,81.250,2.77,2.8218,2.82190,7.000
7,81.312,3.20,2.8842,2.88430,7.000
7,81.375,3.68,2.9468,2.94685,7.000
7,81.438,4.19,3.0092,3.00930,7.000
7,81.500,4.75,3.0718,3.07190,7.000
7,81.562,5.37,3.1342,3.13435,7.000
7,81.625,6.04,3.1968,3.19685,7.000
7,81.688,6.75,3.2593,3.25940,7.000
7,81.750,7.53,3.3217,3.32180,7.000
7,81.812,8.35,3.3843,3.38445,7.000
7,81.875,9.25,3.4467,3.44680,7.000
7,81.938,10.19,3.5092,3.50930,7.000
7,82.000,11.19,3.5717,3.57180,7.000
7,82.062,12.26,3.6343,3.63437,7.000
7,82.125,13.37,3.6969,3.69695,7.000
7,82.188,14.56,3.7592,3.75930,7.000
7,82.250,15.80,3.8219,3.82200,7.000
7,82.312,17.11,3.8843,3.88440,7.000
7,82.375,18.49,3.9469,3.94695,7.000
7,82.438,19.96,4.0093,4.00938,7.000
7,82.500,21.51,4.0719,4.07200,7.000
7,82.562,23.14,4.1343,4.13442,7.000
7,82.625,24.87,4.1968,4.19690,7.000
7,82.688,26.69,4.2595,4.25958,7.000
7,82.750,28.64,4.3218,4.32190,7.000
7,82.812,30.70,4.3843,4.38440,7.000
7,82.875,32.92,4.4467,4.44680,7.000
7,82.938,35.30,4.5092,4.50935,7.000
7,83.000,37.87,4.5719,4.57200,7.000
7,83.062,40.71,4.6343,4.63440,7.000
7,83.125,43.80,4.6969,4.69700,7.000
7,83.188,47.26,4.7592,4.75933,7.000
7,83.250,51.11,4.8218,4.82190,7.000
7,83.375,48.01,4.8176,4.81765,7.000
7,83.438,40.34,4.7550,4.75510,7.000
7,83.500,34.75,4.6927,4.69280,7.000
7,83.562,30.29,4.6301,4.63023,7.000
7,83.625,26.62,4.5676,4.56765,7.000
7,83.688,23.51,4.5052,4.50525,7.000
7,83.750,20.81,4.4424,4.44250,7.000
7,83.812,18.47,4.3801,4.38023,7.000
7,83.875,16.43,4.3176,4.31770,7.000
7,83.938,14.64,4.2552,4.25530,7.000
7,84.000,13.07,4.1926,4.19270,7.000
7,84.062,11.68,4.1301,4.13023,7.000
7,84.125,10.45,4.0677,4.06775,7.000
7,84.188,9.36,4.0050,4.00508,7.000
7,84.250,8.40,3.9427,3.94280,7.000
7,84.312,7.57,3.8800,3.88013,7.000
7,84.375,6.84,3.8177,3.81775,7.000
7,84.438,6.19,3.7550,3.75515,7.000
7,84.500,5.61,3.6926,3.69270,7.000
7,84.562,5.09,3.6300,3.63010,7.000
7,84.625,4.60,3.5674,3.56755,7.000
7,84.688,4.17,3.5050,3.50510,7.000
7,84.750,3.78,3.4423,3.44240,7.000
7,84.812,3.43,3.3800,3.38005,7.000
7,84.875,3.10,3.3174,3.31750,7.000
7,84.938,2.80,3.2551,3.25520,7.000
7,85.000,2.51,3.1925,3.19260,7.000
7,85.062,2.24,3.1301,3.13015,7.000
7,85.125,2.00,3.0676,3.06770,7.000
7,85.188,1.76,3.0050,3.00505,7.000
7,85.250,1.54,2.9424,2.94250,7.000
7,85.312,1.34,2.8798,2.87985,7.000
7,85.375,1.15,2.8174,2.81755,7.000
7,85.438,0.98,2.7549,2.75498,7.000
7,85.500,0.83,2.6925,2.69260,7.000
7,85.562,0.69,2.6299,2.62995,7.000
7,85.625,0.57,2.5674,2.56750,7.000
7,85.688,0.46,2.5050,2.50505,7.000
7,85.750,0.36,2.4425,2.44260,7.000
7,85.812,0.27,2.3800,2.38013,7.000
7,85.875,0.19,2.3174,2.31750,7.000
7,85.938,0.13,2.2550,2.25510,7.000
7,86.000,0.08,2.1924,2.19250,7.000
7,86.062,0.04,2.1300,2.13005,7.000
7,86.125,0.03,2.0674,2.06745,7.000
7,86.188,0.02,2.0048,2.00485,7.000
7,86.250,0.02,1.9423,1.94240,7.000
7,86.312,0.01,1.8798,1.87985,7.000
7,86.375,0.01,1.8176,1.81765,7.000
7,86.438,0.00,1.7549,1.75500,7.000
7,86.500,0.00,1.6925,1.69260,7.000
7,86.562,0.00,1.6298,1.62990,7.000
7,86.625,0.00,1.5674,1.56745,7.000
7,86.688,0.00,1.5049,1.50495,7.000
7,86.750,0.00,1.4423,1.44240,7.000
7,86.812,0.00,1.3798,1.37993,7.000
7,86.875,0.00,1.3173,1.31740,7.000
7,86.938,0.00,1.2549,1.25500,7.000
7,87.000,0.00,1.1921,1.19220,7.000
7,87.062,0.00,1.1299,1.12998,7.000
7,87.125,0.00,1.0673,1.06740,7.000
7,87.188,0.00,1.0049,1.00498,7.000
7,87.250,0.00,0.9424,0.94250,7.000
7,87.312,0.01,0.8799,0.87995,7.000
7,87.375,0.00,0.8174,0.81745,7.000
7,87.438,0.00,0.7547,0.75478,7.000
7,87.500,0.00,0.6924,0.69250,7.000
7,87.562,0.00,0.6298,0.62988,7.000
7,87.625,0.00,0.5673,0.56740,7.000
7,87.688,0.00,0.5048,0.50487,7.000
7,87.750,0.00,0.4424,0.44250,7.000
7,87.812,0.00,0.3799,0.38000,7.000
7,87.875,0.00,0.3173,0.31740,7.000
7,87.938,0.00,0.2549,0.25500,7.000
7,88.000,0.00,0.1921,0.19220,7.000
7,88.062,0.00,0.1299,0.12998,7.000
7,88.125,0.00,0.0672,0.06730,7.000
7,88.188,0.00,0.0048,0.00490,7.000
7,88.312,0.00,-0.0359,-0.03578,7.000
7,88.375,0.00,-0.0002,-0.00015,7.000
7,88.438,0.00,-0.0003,-0.00020,7.000
7,88.500,0.00,-0.0003,-0.00020,7.000
7,88.562,0.00,-0.0003,-0.00020,7.000
7,88.625,0.00,-0.0003,-0.00020,7.000
7,88.688,0.00,-0.0003,-0.00020,7.000
7,88.750,0.00,-0.0003,-0.00020,7.000
7,88.812,0.00,-0.0003,-0.00020,7.000
7,88.875,0.00,-0.0003,-0.00020,7.000
7,88.938,0.00,-0.0003,-0.00020,7.000
7,89.000,0.00,-0.0003,-0.00020,7.000
7,89.062,0.00,-0.0003,-0.00020,7.000
7,89.125,0.00,-0.0003,-0.00020,7.000
7,89.188,0.00,-0.0003,-0.00020,7.000
7,89.250,0.00,-0.0003,-0.00020,7.000
7,89.312,0.00,-0.0003,-0.00020,7.000
7,89.375,0.00,-0.0003,-0.00020,7.000
7,89.438,0.00,-0.0003,-0.00020,7.000
7,89.500,0.00,-0.0003,-0.00020,7.000
7,89.562,0.00,-0.0003,-0.00020,7.000
7,89.625,0.00,-0.0003,-0.00020,7.000
7,89.688,0.00,-0.0003,-0.00020,7.000
7,89.750,0.00,-0.0003,-0.00020,7.000
7,89.812,0.00,-0.0003,-0.00020,7.000
7,89.875,0.00,-0.0003,-0.00020,7.000
7,89.938,0.00,-0.0003,-0.00020,7.000
7,90.000,0.00,-0.0003,-0.00020,7.000
7,90.062,0.00,-0.0002,-0.00010,7.000
7,90.125,0.00,-0.0002,-0.00010,7.000
7,90.188,0.00,-0.0002,-0.00010,7.000
7,90.250,0.00,-0.0002,-0.00010,7.000
7,90.312,0.00,-0.0002,-0.00010,7.000
7,90.375,0.00,-0.0002,-0.00010,7.000
7,90.438,0.00,-0.0002,-0.00010,7.000
7,90.500,0.00,-0.0002,-0.00010,7.000
7,90.562,0.00,-0.0002,-0.00010,7.000
7,90.625,0.00,-0.0002,-0.00010,7.000
7,90.688,0.00,-0.0002,-0.00010,7.000
7,90.750,0.00,-0.0002,-0.00010,7.000
7,90.812,0.00,-0.0002,-0.00010,7.000
7,90.875,0.00,-0.0002,-0.00010,7.000
7,90.938,0.00,-0.0002,-0.00010,7.000
7,91.000,0.00,-0.0002,-0.00010,7.000
7,91.062,0.00,-0.0002,-0.00010,7.000
7,91.125,0.00,-0.0002,-0.00010,7.000
7,91.188,0.00,-0.0002,-0.00010,7.000
7,91.250,0.00,-0.0002,-0.00010,7.000
8,91.562,0.01,0.0640,0.06410,8.000
8,91.625,0.00,0.1266,0.12670,8.000
8,91.688,0.00,0.1890,0.18915,8.000
8,91.750,0.00,0.2517,0.25180,8.000
8,91.812,0.00,0.3142,0.31430,8.000
8,91.875,0.00,0.3768,0.37685,8.000
8,91.938,0.00,0.4391,0.43918,8.000
8,92.000,0.00,0.5016,0.50170,8.000
8,92.062,0.00,0.5640,0.56415,8.000
8,92.125,0.00,0.6266,0.62670,8.000
8,92.188,0.00,0.6892,0.68928,8.000
8,92.250,0.01,0.7515,0.75160,8.000
8,92.312,0.00,0.8142,0.81427,8.000
8,92.375,0.00,0.8766,0.87665,8.000
8,92.438,0.00,0.9392,0.93933,8.000
8,92.500,0.00,1.0017,1.00180,8.000
8,92.562,0.00,1.0642,1.06435,8.000
8,92.625,0.00,1.1267,1.12680,8.000
8,92.688,0.00,1.1891,1.18917,8.000
8,92.750,0.00,1.2517,1.25180,8.000
8,92.812,0.00,1.3141,1.31422,8.000
8,92.875,0.01,1.3767,1.37680,8.000
8,92.938,0.00,1.4391,1.43922,8.000
8,93.000,0.00,1.5018,1.50190,8.000
8,93.062,0.01,1.5641,1.56422,8.000
8,93.125,0.01,1.6267,1.62680,8.000
8,93.188,0.01,1.6892,1.68935,8.000
8,93.250,0.03,1.7517,1.75180,8.000
8,93.312,0.04,1.8144,1.81450,8.000
8,93.375,0.05,1.8768,1.87685,8.000
8,93.438,0.08,1.9393,1.93938,8.000
8,93.500,0.12,2.0016,2.00170,8.000
8,93.562,0.17,2.0643,2.06437,8.000
8,93.625,0.25,2.1268,2.12685,8.000
8,93.688,0.35,2.1892,2.18935,8.000
8,93.750,0.46,2.2519,2.25200,8.000
8,93.812,0.61,2.3142,2.31432,8.000
8,93.875,0.77,2.3769,2.37700,8.000
8,93.938,0.96,2.4392,2.43932,8.000
8,94.000,1.17,2.5018,2.50190,8.000
8,94.062,1.41,2.5643,2.56437,8.000
8,94.125,1.68,2.6268,2.62690,8.000
8,94.188,1.99,2.6892,2.68932,8.000
8,94.250,2.33,2.7517,2.75180,8.000
8,94.312,2.70,2.8143,2.81440,8.000
8,94.375,3.12,2.8766,2.87675,8.000
8,94.438,3.59,2.9393,2.93940,8.000
8,94.500,4.10,3.0017,3.00180,8.000
8,94.562,4.66,3.0643,3.06440,8.000
8,94.625,5.27,3.1268,3.12685,8.000
8,94.688,5.93,3.1892,3.18935,8.000
8,94.750,6.64,3.2517,3.25180,8.000
8,94.812,7.41,3.3142,3.31432,8.000
8,94.875,8.23,3.3768,3.37690,8.000
8,94.938,9.12,3.4393,3.43938,8.000
8,95.000,10.05,3.5017,3.50180,8.000
8,95.062,11.05,3.5641,3.56425,8.000
8,95.125,12.10,3.6268,3.62695,8.000
8,95.188,13.21,3.6893,3.68938,8.000
8,95.250,14.38,3.7518,3.75190,8.000
8,95.312,15.61,3.8143,3.81442,8.000
8,95.375,16.91,3.8768,3.87690,8.000
8,95.438,18.28,3.9394,3.93948,8.000
8,95.500,19.74,4.0017,4.00180,8.000
8,95.562,21.26,4.0644,4.06447,8.000
8,95.625,22.90,4.1268,4.12685,8.000
8,95.688,24.62,4.1894,4.18948,8.000
8,95.750,26.42,4.2518,4.25190,8.000
8,95.812,28.36,4.3144,4.31447,8.000
8,95.875,30.39,4.3768,4.37695,8.000
8,95.938,32.59,4.4392,4.43930,8.000
8,96.000,34.93,4.5019,4.50200,8.000
8,96.062,37.51,4.5643,4.56440,8.000
8,96.125,40.27,4.6268,4.62695,8.000
8,96.188,43.32,4.6893,4.68940,8.000
8,96.250,46.72,4.7518,4.75190,8.000
8,96.312,50.51,4.8142,4.81435,8.000
8,96.438,49.14,4.8250,4.82515,8.000
8,96.500,41.06,4.7624,4.76250,8.000
8,96.562,35.29,4.7002,4.70033,8.000
8,96.625,30.75,4.6376,4.63765,8.000
8,96.688,27.00,4.5752,4.57528,8.000
8,96.750,23.82,4.5126,4.51270,8.000
8,96.812,21.08,4.4501,4.45015,8.000
8,96.875,18.71,4.3876,4.38770,8.000
8,96.938,16.64,4.3250,4.32515,8.000
8,97.000,14.81,4.2627,4.26280,8.000
8,97.062,13.23,4.2000,4.20013,8.000
8,97.125,11.82,4.1376,4.13775,8.000
8,97.188,10.58,4.0751,4.07518,8.000
8,97.250,9.47,4.0127,4.01280,8.000
8,97.312,8.50,3.9501,3.95023,8.000
8,97.375,7.66,3.8876,3.88765,8.000
8,97.438,6.91,3.8252,3.82525,8.000
8,97.500,6.25,3.7625,3.76260,8.000
8,97.562,5.66,3.7002,3.70028,8.000
8,97.625,5.13,3.6375,3.63760,8.000
8,97.688,4.64,3.5751,3.57518,8.000
8,97.750,4.21,3.5125,3.51260,8.000
8,97.812,3.81,3.4500,3.45008,8.000
8,97.875,3.45,3.3875,3.38760,8.000
8,97.938,3.13,3.3249,3.32502,8.000
8,98.000,2.82,3.2625,3.26260,8.000
8,98.062,2.54,3.1999,3.20003,8.000
8,98.125,2.27,3.1376,3.13765,8.000
8,98.188,2.02,3.0750,3.07508,8.000
8,98.250,1.78,3.0127,3.01280,8.000
8,98.312,1.56,2.9500,2.95008,8.000
8,98.375,1.36,2.8874,2.88750,8.000
8,98.438,1.17,2.8249,2.82500,8.000
8,98.500,0.99,2.7623,2.76240,8.000
8,98.562,0.84,2.7000,2.70010,8.000
8,98.625,0.71,2.6374,2.63745,8.000
8,98.688,0.58,2.5750,2.57508,8.000
8,98.750,0.47,2.5123,2.51240,8.000
8,98.812,0.36,2.4501,2.45015,8.000
8,98.875,0.27,2.3875,2.38760,8.000
8,98.938,0.19,2.3249,2.32502,8.000
8,99.000,0.13,2.2625,2.26260,8.000
8,99.062,0.08,2.1998,2.19990,8.000
8,99.125,0.05,2.1375,2.13760,8.000
8,99.188,0.03,2.0748,2.07495,8.000
8,99.250,0.03,2.0125,2.01260,8.000
8,99.312,0.02,1.9499,1.94998,8.000
8,99.375,0.01,1.8874,1.88750,8.000
8,99.438,0.01,1.8250,1.82508,8.000
8,99.500,0.01,1.7623,1.76240,8.000
8,99.562,0.00,1.6999,1.70000,8.000
8,99.625,0.00,1.6372,1.63735,8.000
8,99.688,0.00,1.5749,1.57500,8.000
8,99.750,0.00,1.5124,1.51250,8.000
8,99.812,0.00,1.4499,1.44998,8.000
8,99.875,0.00,1.3873,1.38740,8.000
8,99.938,0.00,1.3248,1.32488,8.000
8,100.000,0.00,1.2623,1.26240,8.000
8,100.062,0.00,1.1997,1.19983,8.000
8,100.125,0.00,1.1374,1.13750,8.000
8,100.188,0.00,1.0747,1.07482,8.000
8,100.250,0.00,1.0124,1.01250,8.000
8,100.312,0.00,0.9498,0.94985,8.000
8,100.375,0.00,0.8874,0.88745,8.000
8,100.438,0.00,0.8248,0.82488,8.000
8,100.500,0.00,0.7623,0.76240,8.000
8,100.562,0.00,0.6998,0.69985,8.000
8,100.625,0.00,0.6372,0.63730,8.000
8,100.688,0.00,0.5749,0.57498,8.000
8,100.750,0.00,0.5123,0.51240,8.000
8,100.812,0.00,0.4499,0.44998,8.000
8,100.875,0.00,0.3873,0.38740,8.000
8,100.938,0.00,0.3249,0.32502,8.000
8,101.000,0.00,0.2623,0.26240,8.000
8,101.062,0.00,0.1998,0.19985,8.000
8,101.125,0.00,0.1373,0.13740,8.000
8,101.188,0.00,0.0747,0.07480,8.000
8,101.250,0.00,0.0124,0.01250,8.000
8,101.375,0.00,-0.0430,-0.04290,8.000
8,101.438,0.00,-0.0001,0.00003,8.000
8,101.500,0.00,-0.0003,-0.00020,8.000
8,101.562,0.01,-0.0003,-0.00020,8.000
8,101.625,0.00,-0.0003,-0.00020,8.000
8,101.688,0.00,-0.0003,-0.00020,8.000
8,101.750,0.01,-0.0003,-0.00020,8.000
8,101.812,0.00,-0.0003,-0.00020,8.000
8,101.875,0.00,-0.0003,-0.00020,8.000
8,101.938,0.00,-0.0003,-0.00020,8.000
8,102.000,0.00,-0.0003,-0.00020,8.000
8,102.062,0.01,-0.0003,-0.00020,8.000
8,102.125,0.00,-0.0003,-0.00020,8.000
8,102.188,0.00,-0.0003,-0.00020,8.000
8,102.250,0.00,-0.0003,-0.00020,8.000
8,102.312,0.00,-0.0003,-0.00020,8.000
8,102.375,0.00,-0.0003,-0.00020,8.000
8,102.438,0.00,-0.0003,-0.00020,8.000
8,102.500,0.01,-0.0003,-0.00020,8.000
8,102.562,0.00,-0.0003,-0.00020,8.000
8,102.625,0.00,-0.0003,-0.00020,8.000
8,102.688,0.00,-0.0003,-0.00020,8.000
8,102.750,0.00,-0.0003,-0.00020,8.000
8,102.812,0.00,-0.0003,-0.00020,8.000
8,102.875,0.00,-0.0003,-0.00020,8.000
8,102.938,0.00,-0.0003,-0.00020,8.000
8,103.000,0.00,-0.0003,-0.00020,8.000
8,103.062,0.00,-0.0003,-0.00020,8.000
8,103.125,0.00,-0.0002,-0.00015,8.000
8,103.188,0.00,-0.0002,-0.00010,8.000
8,103.250,0.00,-0.0002,-0.00010,8.000
8,103.312,0.00,-0.0002,-0.00010,8.000
8,103.375,0.00,-0.0002,-0.00010,8.000
8,103.438,0.00,-0.0002,-0.00010,8.000
8,103.500,0.00,-0.0002,-0.00010,8.000
8,103.562,0.00,-0.0002,-0.00010,8.000
8,103.625,0.00,-0.0002,-0.00010,8.000
8,103.688,0.00,-0.0002,-0.00010,8.000
8,103.750,0.00,-0.0002,-0.00010,8.000
8,103.812,0.00,-0.0002,-0.00010,8.000
8,103.875,0.00,-0.0002,-0.00010,8.000
8,103.938,0.00,-0.0002,-0.00010,8.000
8,104.000,0.00,-0.0002,-0.00010,8.000
8,104.062,0.01,-0.0002,-0.00010,8.000
8,104.125,0.00,-0.0002,-0.00010,8.000
8,104.188,0.00,-0.0002,-0.00010,8.000
8,104.250,0.00,-0.0002,-0.00010,8.000
8,104.312,0.00,-0.0002,-0.00010,8.000
9,104.625,0.00,0.0666,0.06665,9.000
9,104.688,0.00,0.1291,0.12920,9.000
9,104.750,0.00,0.1916,0.19170,9.000
9,104.812,0.00,0.2542,0.25430,9.000
9,104.875,0.00,0.3166,0.31675,9.000
9,104.938,0.00,0.3792,0.37932,9.000
9,105.000,0.00,0.4416,0.44170,9.000
9,105.062,0.00,0.5041,0.50422,9.000
9,105.125,0.00,0.5666,0.56670,9.000
9,105.188,0.00,0.6291,0.62915,9.000
9,105.250,0.00,0.6917,0.69180,9.000
9,105.312,0.00,0.7541,0.75417,9.000
9,105.375,0.00,0.8167,0.81680,9.000
9,105.438,0.00,0.8792,0.87925,9.000
9,105.500,0.00,0.9418,0.94190,9.000
9,105.562,0.00,1.0041,1.00425,9.000
9,105.625,0.00,1.0667,1.06680,9.000
9,105.688,0.00,1.1291,1.12923,9.000
9,105.750,0.01,1.1915,1.19160,9.000
9,105.812,0.01,1.2542,1.25432,9.000
9,105.875,0.00,1.3166,1.31675,9.000
9,105.938,0.00,1.3792,1.37935,9.000
9,106.000,0.00,1.4416,1.44170,9.000
9,106.062,0.00,1.5043,1.50442,9.000
9,106.125,0.00,1.5666,1.56675,9.000
9,106.188,0.00,1.6292,1.62925,9.000
9,106.250,0.01,1.6918,1.69190,9.000
9,106.312,0.02,1.7542,1.75435,9.000
9,106.375,0.03,1.8168,1.81695,9.000
9,106.438,0.06,1.8792,1.87933,9.000
9,106.500,0.08,1.9419,1.94200,9.000
9,106.562,0.11,2.0042,2.00430,9.000
9,106.625,0.17,2.0668,2.06690,9.000
9,106.688,0.25,2.1292,2.12932,9.000
9,106.750,0.34,2.1917,2.19180,9.000
9,106.812,0.46,2.2543,2.25442,9.000
9,106.875,0.61,2.3168,2.31685,9.000
9,106.938,0.77,2.3795,2.37958,9.000
9,107.000,0.96,2.4418,2.44190,9.000
9,107.062,1.17,2.5043,2.50445,9.000
9,107.125,1.42,2.5668,2.56685,9.000
9,107.188,1.69,2.6292,2.62935,9.000
9,107.250,1.99,2.6917,2.69180,9.000
9,107.312,2.33,2.7542,2.75435,9.000
9,107.375,2.71,2.8168,2.81690,9.000
9,107.438,3.13,2.8792,2.87928,9.000
9,107.500,3.60,2.9419,2.94200,9.000
9,107.562,4.11,3.0042,3.00432,9.000
9,107.625,4.67,3.0668,3.06695,9.000
9,107.688,5.28,3.1293,3.12938,9.000
9,107.750,5.94,3.1918,3.19190,9.000
9,107.812,6.65,3.2543,3.25442,9.000
9,107.875,7.42,3.3167,3.31680,9.000
9,107.938,8.24,3.3794,3.37945,9.000
9,108.000,9.12,3.4418,3.44190,9.000
9,108.062,10.06,3.5043,3.50437,9.000
9,108.125,11.06,3.5666,3.56675,9.000
9,108.188,12.12,3.6293,3.62943,9.000
9,108.250,13.23,3.6918,3.69190,9.000
9,108.312,14.41,3.7543,3.75440,9.000
9,108.375,15.64,3.8168,3.81690,9.000
9,108.438,16.94,3.8792,3.87933,9.000
9,108.500,18.31,3.9420,3.94210,9.000
9,108.562,19.77,4.0041,4.00425,9.000
9,108.625,21.30,4.0668,4.06690,9.000
9,108.688,22.93,4.1292,4.12932,9.000
9,108.750,24.65,4.1919,4.19200,9.000
9,108.812,26.46,4.2544,4.25450,9.000
9,108.875,28.40,4.3169,4.31695,9.000
9,108.938,30.46,4.3794,4.37947,9.000
9,109.000,32.64,4.4417,4.44180,9.000
9,109.062,34.98,4.5043,4.50445,9.000
9,109.125,37.56,4.5668,4.56690,9.000
9,109.188,40.33,4.6294,4.62950,9.000
9,109.250,43.38,4.6919,4.69200,9.000
9,109.312,46.79,4.7543,4.75437,9.000
9,109.375,50.58,4.8168,4.81690,9.000
9,109.500,49.77,4.8322,4.83230,9.000
9,109.562,41.48,4.7700,4.77008,9.000
9,109.625,35.63,4.7076,4.70775,9.000
9,109.688,31.02,4.6451,4.64520,9.000
9,109.750,27.22,4.5827,4.58280,9.000
9,109.812,24.01,4.5200,4.52005,9.000
9,109.875,21.24,4.4576,4.45765,9.000
9,109.938,18.86,4.3950,4.39510,9.000
9,110.000,16.77,4.3326,4.33270,9.000
9,110.062,14.93,4.2702,4.27028,9.000
9,110.125,13.33,4.2076,4.20765,9.000
9,110.188,11.90,4.1452,4.14528,9.000
9,110.250,10.66,4.0825,4.08260,9.000
9,110.312,9.54,4.0201,4.02020,9.000
9,110.375,8.57,3.9575,3.95760,9.000
9,110.438,7.70,3.8951,3.89523,9.000
9,110.500,6.96,3.8325,3.83260,9.000
9,110.562,6.29,3.7701,3.77018,9.000
9,110.625,5.69,3.7076,3.70770,9.000
9,110.688,5.16,3.6450,3.64505,9.000
9,110.750,4.67,3.5826,3.58270,9.000
9,110.812,4.23,3.5199,3.52000,9.000
9,110.875,3.83,3.4576,3.45765,9.000
9,110.938,3.48,3.3949,3.39500,9.000
9,111.000,3.15,3.3326,3.33270,9.000
9,111.062,2.85,3.2700,3.27005,9.000
9,111.125,2.56,3.2074,3.20755,9.000
9,111.188,2.28,3.1450,3.14510,9.000
9,111.250,2.03,3.0823,3.08240,9.000
9,111.312,1.80,3.0201,3.02020,9.000
9,111.375,1.58,2.9574,2.95750,9.000
9,111.438,1.37,2.8949,2.89500,9.000
9,111.500,1.18,2.8323,2.83240,9.000
9,111.562,1.01,2.7700,2.77005,9.000
9,111.625,0.85,2.7074,2.70750,9.000
9,111.688,0.72,2.6448,2.64495,9.000
9,111.750,0.59,2.5824,2.58250,9.000
9,111.812,0.48,2.5199,2.51998,9.000
9,111.875,0.37,2.4575,2.45760,9.000
9,111.938,0.28,2.3950,2.39505,9.000
9,112.000,0.20,2.3326,2.33270,9.000
9,112.062,0.14,2.2699,2.27003,9.000
9,112.125,0.09,2.2074,2.20745,9.000
9,112.188,0.05,2.1449,2.14500,9.000
9,112.250,0.03,2.0823,2.08240,9.000
9,112.312,0.03,2.0199,2.01995,9.000
9,112.375,0.02,1.9573,1.95735,9.000
9,112.438,0.01,1.8949,1.89500,9.000
9,112.500,0.01,1.8324,1.83250,9.000
9,112.562,0.01,1.7700,1.77005,9.000
9,112.625,0.00,1.7074,1.70750,9.000
9,112.688,0.00,1.6448,1.64485,9.000
9,112.750,0.00,1.5824,1.58250,9.000
9,112.812,0.00,1.5198,1.51993,9.000
9,112.875,0.00,1.4574,1.45755,9.000
9,112.938,0.00,1.3948,1.39490,9.000
9,113.000,0.00,1.3324,1.33250,9.000
9,113.062,0.00,1.2698,1.26985,9.000
9,113.125,0.00,1.2074,1.20745,9.000
9,113.188,0.00,1.1449,1.14495,9.000
9,113.250,0.00,1.0822,1.08230,9.000
9,113.312,0.00,1.0199,1.02000,9.000
9,113.375,0.00,0.9572,0.95735,9.000
9,113.438,0.00,0.8949,0.89498,9.000
9,113.500,0.00,0.8322,0.83230,9.000
9,113.562,0.00,0.7698,0.76990,9.000
9,113.625,0.00,0.7072,0.70730,9.000
9,113.688,0.00,0.6447,0.64485,9.000
9,113.750,0.00,0.5822,0.58230,9.000
9,113.812,0.00,0.5197,0.51980,9.000
9,113.875,0.00,0.4573,0.45735,9.000
9,113.938,0.00,0.3948,0.39485,9.000
9,114.000,0.00,0.3324,0.33250,9.000
9,114.062,0.00,0.2698,0.26990,9.000
9,114.125,0.00,0.2073,0.20740,9.000
9,114.188,0.00,0.1448,0.14488,9.000
9,114.250,0.00,0.0823,0.08240,9.000
9,114.312,0.00,0.0198,0.01990,9.000
9,114.438,0.00,-0.0488,-0.04872,9.000
9,114.500,0.00,-0.0006,-0.00050,9.000
9,114.562,0.00,-0.0003,-0.00020,9.000
9,114.625,0.00,-0.0003,-0.00020,9.000
9,114.688,0.00,-0.0003,-0.00020,9.000
9,114.750,0.00,-0.0003,-0.00020,9.000
9,114.812,0.00,-0.0003,-0.00020,9.000
9,114.875,0.00,-0.0003,-0.00020,9.000
9,114.938,0.00,-0.0003,-0.00020,9.000
9,115.000,0.00,-0.0003,-0.00020,9.000
9,115.062,0.00,-0.0003,-0.00020,9.000
9,115.125,0.00,-0.0003,-0.00020,9.000
9,115.188,0.00,-0.0003,-0.00020,9.000
9,115.250,0.00,-0.0003,-0.00020,9.000
9,115.312,0.00,-0.0003,-0.00020,9.000
9,115.375,0.00,-0.0003,-0.00020,9.000
9,115.438,0.00,-0.0003,-0.00020,9.000
9,115.500,0.00,-0.0003,-0.00020,9.000
9,115.562,0.00,-0.0003,-0.00020,9.000
9,115.625,0.00,-0.0003,-0.00020,9.000
9,115.688,0.00,-0.0003,-0.00020,9.000
9,115.750,0.00,-0.0003,-0.00020,9.000
9,115.812,0.00,-0.0003,-0.00020,9.000
9,115.875,0.00,-0.0003,-0.00020,9.000
9,115.938,0.00,-0.0003,-0.00020,9.000
9,116.000,0.00,-0.0003,-0.00020,9.000
9,116.062,0.00,-0.0003,-0.00020,9.000
9,116.125,0.00,-0.0003,-0.00020,9.000
9,116.188,0.00,-0.0003,-0.00020,9.000
9,116.250,0.01,-0.0003,-0.00020,9.000
9,116.312,0.00,-0.0002,-0.00010,9.000
9,116.375,0.00,-0.0002,-0.00010,9.000
9,116.438,0.00,-0.0002,-0.00010,9.000
9,116.500,0.00,-0.0002,-0.00010,9.000
9,116.562,0.00,-0.0002,-0.00010,9.000
9,116.625,0.00,-0.0002,-0.00010,9.000
9,116.688,0.00,-0.0002,-0.00010,9.000
9,116.750,0.00,-0.0002,-0.00010,9.000
9,116.812,0.00,-0.0002,-0.00010,9.000
9,116.875,0.00,-0.0002,-0.00010,9.000
9,116.938,0.00,-0.0002,-0.00010,9.000
9,117.000,0.00,-0.0002,-0.00010,9.000
9,117.062,0.00,-0.0002,-0.00010,9.000
9,117.125,0.00,-0.0002,-0.00010,9.000
9,117.188,0.00,-0.0002,-0.00010,9.000
9,117.250,0.00,-0.0002,-0.00010,9.000
9,117.312,0.00,-0.0002,-0.00010,9.000
9,117.375,0.00,-0.0002,-0.00010,9.000
9,117.438,0.00,-0.0002,-0.00010,9.000
10,117.688,0.00,0.0492,0.04930,10.000
10,117.750,0.00,0.1114,0.11150,10.000
10,117.812,0.00,0.1742,0.17427,10.000
10,117.875,0.00,0.2366,0.23670,10.000
10,117.938,0.00,0.2992,0.29930,10.000
10,118.000,0.00,0.3617,0.36180,10.000
10,118.062,0.00,0.4242,0.42432,10.000
10,118.125,0.01,0.4866,0.48670,10.000
10,118.188,0.00,0.5491,0.54915,10.000
10,118.250,0.00,0.6116,0.61170,10.000
10,118.312,0.00,0.6741,0.67420,10.000
10,118.375,0.00,0.7367,0.73680,10.000
10,118.438,0.00,0.7991,0.79918,10.000
10,118.500,0.00,0.8616,0.86170,10.000
10,118.562,0.00,0.9242,0.92430,10.000
10,118.625,0.00,0.9867,0.98680,10.000
10,118.688,0.00,1.0493,1.04938,10.000
10,118.750,0.00,1.1116,1.11170,10.000
10,118.812,0.00,1.1742,1.17430,10.000
10,118.875,0.00,1.2366,1.23670,10.000
10,118.938,0.00,1.2992,1.29930,10.000
10,119.000,0.00,1.3616,1.36170,10.000
10,119.062,0.00,1.4242,1.42435,10.000
10,119.125,0.00,1.4867,1.48680,10.000
10,119.188,0.00,1.5492,1.54930,10.000
10,119.250,0.01,1.6117,1.61180,10.000
10,119.312,0.01,1.6742,1.67435,10.000
10,119.375,0.02,1.7368,1.73690,10.000
10,119.438,0.03,1.7992,1.79925,10.000
10,119.500,0.05,1.8619,1.86200,10.000
10,119.562,0.07,1.9242,1.92430,10.000
10,119.625,0.10,1.9868,1.98690,10.000
10,119.688,0.15,2.0493,2.04943,10.000
10,119.750,0.22,2.1117,2.11180,10.000
10,119.812,0.31,2.1742,2.17435,10.000
10,119.875,0.43,2.2367,2.23685,10.000
10,119.938,0.56,2.2993,2.29943,10.000
10,120.000,0.72,2.3617,2.36180,10.000
10,120.062,0.90,2.4244,2.42447,10.000
10,120.125,1.11,2.4867,2.48685,10.000
10,120.188,1.34,2.5493,2.54943,10.000
10,120.250,1.60,2.6118,2.61190,10.000
10,120.312,1.90,2.6742,2.67430,10.000
10,120.375,2.22,2.7368,2.73690,10.000
10,120.438,2.59,2.7992,2.79930,10.000
10,120.500,3.00,2.8618,2.86190,10.000
10,120.562,3.45,2.9241,2.92425,10.000
10,120.625,3.95,2.9868,2.98690,10.000
10,120.688,4.50,3.0493,3.04938,10.000
10,120.750,5.09,3.1119,3.11200,10.000
10,120.812,5.74,3.1742,3.17435,10.000
10,120.875,6.43,3.2368,3.23685,10.000
10,120.938,7.18,3.2994,3.29945,10.000
10,121.000,8.00,3.3617,3.36180,10.000
10,121.062,8.86,3.4243,3.42440,10.000
10,121.125,9.78,3.4867,3.48680,10.000
10,121.188,10.76,3.5492,3.54933,10.000
10,121.250,11.81,3.6117,3.61180,10.000
10,121.312,12.91,3.6743,3.67445,10.000
10,121.375,14.06,3.7368,3.73690,10.000
10,121.438,15.28,3.7992,3.79935,10.000
10,121.500,16.55,3.8618,3.86190,10.000
10,121.562,17.91,3.9242,3.92432,10.000
10,121.625,19.34,3.9869,3.98700,10.000
10,121.688,20.85,4.0492,4.04935,10.000
10,121.750,22.45,4.1118,4.11190,10.000
10,121.812,24.14,4.1744,4.17447,10.000
10,121.875,25.93,4.2369,4.23695,10.000
10,121.938,27.82,4.2994,4.29955,10.000
10,122.000,29.86,4.3617,4.36180,10.000
10,122.062,31.98,4.4243,4.42445,10.000
10,122.125,34.28,4.4868,4.48685,10.000
10,122.188,36.78,4.5494,4.54947,10.000
10,122.250,39.48,4.6118,4.61190,10.000
10,122.312,42.45,4.6744,4.67447,10.000
10,122.375,45.72,4.7369,4.73695,10.000
10,122.438,49.40,4.7992,4.79930,10.000
10,122.562,51.17,4.8400,4.84008,10.000
10,122.625,42.55,4.7776,4.77770,10.000
10,122.688,36.44,4.7151,4.71525,10.000
10,122.750,31.66,4.6526,4.65270,10.000
10,122.812,27.76,4.5901,4.59023,10.000
10,122.875,24.48,4.5276,4.52765,10.000
10,122.938,21.65,4.4651,4.46518,10.000
10,123.000,19.21,4.4025,4.40260,10.000
10,123.062,17.08,4.3403,4.34035,10.000
10,123.125,15.20,4.2776,4.27765,10.000
10,123.188,13.57,4.2151,4.21522,10.000
10,123.250,12.12,4.1527,4.15280,10.000
10,123.312,10.85,4.0901,4.09023,10.000
10,123.375,9.71,4.0276,4.02770,10.000
10,123.438,8.71,3.9650,3.96515,10.000
10,123.500,7.82,3.9027,3.90280,10.000
10,123.562,7.06,3.8400,3.84013,10.000
10,123.625,6.38,3.7776,3.77770,10.000
10,123.688,5.78,3.7151,3.71518,10.000
10,123.750,5.23,3.6526,3.65270,10.000
10,123.812,4.74,3.5900,3.59010,10.000
10,123.875,4.29,3.5274,3.52750,10.000
10,123.938,3.88,3.4650,3.46515,10.000
10,124.000,3.51,3.4024,3.40250,10.000
10,124.062,3.18,3.3400,3.34010,10.000
10,124.125,2.88,3.2774,3.27750,10.000
10,124.188,2.58,3.2150,3.21513,10.000
10,124.250,2.31,3.1525,3.15260,10.000
10,124.312,2.06,3.0901,3.09015,10.000
10,124.375,1.82,3.0276,3.02765,10.000
10,124.438,1.60,2.9649,2.96498,10.000
10,124.500,1.39,2.9025,2.90260,10.000
10,124.562,1.20,2.8398,2.83985,10.000
10,124.625,1.03,2.7775,2.77755,10.000
10,124.688,0.87,2.7148,2.71490,10.000
10,124.750,0.73,2.6524,2.65250,10.000
10,124.812,0.61,2.5898,2.58993,10.000
10,124.875,0.49,2.5274,2.52750,10.000
10,124.938,0.38,2.4650,2.46508,10.000
10,125.000,0.29,2.4023,2.40240,10.000
10,125.062,0.21,2.3400,2.34010,10.000
10,125.125,0.14,2.2774,2.27745,10.000
10,125.188,0.09,2.2150,2.21508,10.000
10,125.250,0.05,2.1524,2.15250,10.000
10,125.312,0.04,2.0899,2.09003,10.000
10,125.375,0.03,2.0274,2.02750,10.000
10,125.438,0.02,1.9648,1.96485,10.000
10,125.500,0.01,1.9024,1.90250,10.000
10,125.562,0.01,1.8399,1.84000,10.000
10,125.625,0.01,1.7776,1.77765,10.000
10,125.688,0.00,1.7149,1.71498,10.000
10,125.750,0.00,1.6523,1.65240,10.000
10,125.812,0.00,1.5898,1.58993,10.000
10,125.875,0.00,1.5274,1.52745,10.000
10,125.938,0.00,1.4650,1.46508,10.000
10,126.000,0.00,1.4022,1.40230,10.000
10,126.062,0.01,1.3398,1.33993,10.000
10,126.125,0.00,1.2773,1.27740,10.000
10,126.188,0.00,1.2149,1.21498,10.000
10,126.250,0.00,1.1523,1.15240,10.000
10,126.312,0.00,1.0899,1.09003,10.000
10,126.375,0.00,1.0274,1.02745,10.000
10,126.438,0.00,0.9648,0.96485,10.000
10,126.500,0.00,0.9024,0.90250,10.000
10,126.562,0.00,0.8398,0.83985,10.000
10,126.625,0.00,0.7774,0.77745,10.000
10,126.688,0.00,0.7147,0.71480,10.000
10,126.750,0.00,0.6524,0.65250,10.000
10,126.812,0.00,0.5897,0.58975,10.000
10,126.875,0.00,0.5273,0.52735,10.000
10,126.938,0.00,0.4648,0.46488,10.000
10,127.000,0.00,0.4023,0.40240,10.000
10,127.062,0.00,0.3399,0.34003,10.000
10,127.125,0.00,0.2773,0.27735,10.000
10,127.188,0.00,0.2149,0.21500,10.000
10,127.250,0.00,0.1522,0.15230,10.000
10,127.312,0.00,0.0899,0.08995,10.000
10,127.375,0.00,0.0272,0.02730,10.000
10,127.562,0.00,-0.0025,-0.00238,10.000
10,127.625,0.00,-0.0003,-0.00020,10.000
10,127.688,0.00,-0.0003,-0.00020,10.000
10,127.750,0.00,-0.0003,-0.00020,10.000
10,127.812,0.00,-0.0003,-0.00020,10.000
10,127.875,0.00,-0.0003,-0.00020,10.000
10,127.938,0.00,-0.0003,-0.00020,10.000
10,128.000,0.00,-0.0003,-0.00020,10.000
10,128.062,0.00,-0.0003,-0.00020,10.000
10,128.125,0.00,-0.0003,-0.00020,10.000
10,128.188,0.01,-0.0003,-0.00020,10.000
10,128.250,0.00,-0.0003,-0.00020,10.000
10,128.312,0.00,-0.0003,-0.00020,10.000
10,128.375,0.00,-0.0003,-0.00020,10.000
10,128.438,0.00,-0.0003,-0.00020,10.000
10,128.500,0.00,-0.0003,-0.00020,10.000
10,128.562,0.00,-0.0003,-0.00020,10.000
10,128.625,0.00,-0.0003,-0.00020,10.000
10,128.688,0.00,-0.0003,-0.00020,10.000
10,128.750,0.00,-0.0003,-0.00020,10.000
10,128.812,0.00,-0.0003,-0.00020,10.000
10,128.875,0.00,-0.0003,-0.00020,10.000
10,128.938,0.00,-0.0003,-0.00020,10.000
10,129.000,0.00,-0.0003,-0.00020,10.000
10,129.062,0.00,-0.0003,-0.00020,10.000
10,129.125,0.00,-0.0003,-0.00020,10.000
10,129.188,0.00,-0.0003,-0.00020,10.000
10,129.250,0.00,-0.0003,-0.00020,10.000
10,129.312,0.00,-0.0003,-0.00020,10.000
10,129.375,0.00,-0.0003,-0.00020,10.000
10,129.438,0.00,-0.0003,-0.00020,10.000
10,129.500,0.00,-0.0002,-0.00010,10.000
10,129.562,0.00,-0.0002,-0.00010,10.000
10,129.625,0.00,-0.0002,-0.00010,10.000
10,129.688,0.00,-0.0002,-0.00010,10.000
10,129.750,0.00,-0.0002,-0.00010,10.000
10,129.812,0.00,-0.0002,-0.00010,10.000
10,129.875,0.00,-0.0002,-0.00010,10.000
10,129.938,0.00,-0.0002,-0.00010,10.000
10,130.000,0.00,-0.0002,-0.00010,10.000
10,130.062,0.00,-0.0002,-0.00010,10.000
10,130.125,0.00,-0.0002,-0.00010,10.000
10,130.188,0.00,-0.0002,-0.00010,10.000
10,130.250,0.01,-0.0002,-0.00010,10.000
10,130.312,0.00,-0.0002,-0.00010,10.000
10,130.375,0.00,-0.0002,-0.00010,10.000
10,130.438,0.00,-0.0002,-0.00010,10.000
10,130.500,0.00,-0.0002,-0.00010,10.000


