""
"Test Method","Radhen_Load_Cntrl_Cmprsn_250N_12-7.msm"
"Sample I. D.","Sample1.mss"
"Specimen Number","21"

"TheCycle_Output ()","_Time (s)","_Load (N)","_Extension (mm)","RealTimeDepth (mm)","CycleNumber ()"

1,0.312,0.01,0.0811,0.08108,1.000
1,0.375,0.01,0.1437,0.14370,1.000
1,0.438,0.02,0.2062,0.20618,1.000
1,0.500,0.01,0.2687,0.26870,1.000
1,0.562,0.02,0.3314,0.33135,1.000
1,0.625,0.01,0.3938,0.39375,1.000
1,0.688,0.01,0.4565,0.45647,1.000
1,0.750,0.01,0.5188,0.51880,1.000
1,0.812,0.01,0.5813,0.58132,1.000
1,0.875,0.02,0.6436,0.64360,1.000
1,0.938,0.00,0.7062,0.70625,1.000
1,1.000,0.02,0.7689,0.76890,1.000
1,1.062,0.01,0.8314,0.83138,1.000
1,1.125,0.01,0.8939,0.89395,1.000
1,1.188,0.02,0.9563,0.95630,1.000
1,1.250,0.00,1.0189,1.01890,1.000
1,1.312,0.01,1.0813,1.08130,1.000
1,1.375,0.01,1.1438,1.14385,1.000
1,1.438,0.02,1.2063,1.20630,1.000
1,1.500,0.01,1.2688,1.26880,1.000
1,1.562,0.01,1.3313,1.33135,1.000
1,1.625,0.01,1.3938,1.39380,1.000
1,1.688,0.01,1.4565,1.45645,1.000
1,1.750,0.01,1.5189,1.51890,1.000
1,1.812,0.01,1.5815,1.58150,1.000
1,1.875,0.00,1.6439,1.64390,1.000
1,1.938,0.01,1.7064,1.70642,1.000
1,2.000,0.02,1.7689,1.76890,1.000
1,2.062,0.01,1.8314,1.83143,1.000
1,2.125,0.02,1.8939,1.89390,1.000
1,2.188,0.02,1.9563,1.95630,1.000
1,2.250,0.03,2.0190,2.01900,1.000
1,2.312,0.05,2.0813,2.08132,1.000
1,2.375,0.07,2.1439,2.14390,1.000
1,2.438,0.08,2.2064,2.20635,1.000
1,2.500,0.11,2.2689,2.26890,1.000
1,2.562,0.15,2.3314,2.33142,1.000
1,2.625,0.20,2.3939,2.39390,1.000
1,2.688,0.25,2.4566,2.45662,1.000
1,2.750,0.35,2.5188,2.51880,1.000
1,2.812,0.45,2.5814,2.58138,1.000
1,2.875,0.60,2.6438,2.64375,1.000
1,2.938,0.73,2.7064,2.70640,1.000
1,3.000,0.91,2.7688,2.76880,1.000
1,3.062,1.09,2.8314,2.83145,1.000
1,3.125,1.30,2.8940,2.89395,1.000
1,3.188,1.54,2.9564,2.95635,1.000
1,3.250,1.81,3.0191,3.01910,1.000
1,3.312,2.07,3.0814,3.08138,1.000
1,3.375,2.36,3.1439,3.14390,1.000
1,3.438,2.70,3.2063,3.20630,1.000
1,3.500,3.05,3.2691,3.26910,1.000
1,3.562,3.38,3.3315,3.33152,1.000
1,3.625,3.79,3.3939,3.39390,1.000
1,3.688,4.20,3.4564,3.45645,1.000
1,3.750,4.65,3.5188,3.51880,1.000
1,3.812,5.10,3.5815,3.58148,1.000
1,3.875,5.61,3.6439,3.64390,1.000
1,3.938,6.12,3.7066,3.70655,1.000
1,4.000,6.66,3.7689,3.76890,1.000
1,4.062,7.21,3.8316,3.83155,1.000
1,4.125,7.79,3.8939,3.89390,1.000
1,4.188,8.46,3.9564,3.95645,1.000
1,4.250,9.24,4.0189,4.01890,1.000
1,4.312,10.06,4.0813,4.08132,1.000
1,4.375,10.95,4.1440,4.14395,1.000
1,4.438,11.89,4.2063,4.20632,1.000
1,4.500,12.86,4.2690,4.26900,1.000
1,4.562,13.89,4.3312,4.33125,1.000
1,4.625,14.95,4.3939,4.39385,1.000
1,4.688,16.06,4.4564,4.45637,1.000
1,4.750,17.21,4.5188,4.51880,1.000
1,4.812,18.37,4.5815,4.58150,1.000
1,4.875,19.56,4.6439,4.64390,1.000
1,4.938,20.74,4.7065,4.70650,1.000
1,5.000,21.86,4.7688,4.76880,1.000
1,5.062,22.70,4.8314,4.83145,1.000
1,5.125,21.94,4.8939,4.89385,1.000
1,5.188,23.11,4.9563,4.95632,1.000
1,5.250,24.39,5.0188,5.01880,1.000
1,5.312,25.72,5.0813,5.08132,1.000
1,5.375,27.24,5.1440,5.14395,1.000
1,5.438,28.83,5.2063,5.20632,1.000
1,5.500,30.51,5.2691,5.26910,1.000
1,5.562,32.27,5.3314,5.33140,1.000
1,5.625,34.09,5.3940,5.39400,1.000
1,5.688,36.02,5.4564,5.45640,1.000
1,5.750,38.05,5.5188,5.51880,1.000
1,5.812,40.23,5.5815,5.58150,1.000
1,5.875,42.54,5.6440,5.64400,1.000
1,5.938,44.92,5.7066,5.70655,1.000
1,6.000,47.50,5.7688,5.76880,1.000
1,6.062,50.21,5.8314,5.83140,1.000
1,6.188,46.93,5.8221,5.82205,1.000
1,6.250,40.66,5.7597,5.75970,1.000
1,6.312,35.88,5.6974,5.69735,1.000
1,6.375,31.91,5.6348,5.63485,1.000
1,6.438,28.55,5.5722,5.57225,1.000
1,6.500,25.63,5.5098,5.50980,1.000
1,6.562,23.09,5.4472,5.44720,1.000
1,6.625,20.83,5.3848,5.38480,1.000
1,6.688,18.83,5.3223,5.32228,1.000
1,6.750,17.04,5.2599,5.25990,1.000
1,6.812,15.43,5.1972,5.19722,1.000
1,6.875,14.05,5.1347,5.13465,1.000
1,6.938,12.80,5.0722,5.07218,1.000
1,7.000,11.67,5.0095,5.00950,1.000
1,7.062,10.63,4.9472,4.94715,1.000
1,7.125,9.79,4.8846,4.88460,1.000
1,7.188,9.01,4.8223,4.82225,1.000
1,7.250,8.29,4.7596,4.75960,1.000
1,7.312,7.63,4.6973,4.69725,1.000
1,7.375,7.00,4.6347,4.63470,1.000
1,7.438,6.44,4.5721,4.57213,1.000
1,7.500,5.91,4.5097,4.50970,1.000
1,7.562,5.42,4.4471,4.44705,1.000
1,7.625,4.98,4.3847,4.38465,1.000
1,7.688,4.57,4.3220,4.32203,1.000
1,7.750,4.18,4.2595,4.25950,1.000
1,7.812,3.85,4.1970,4.19698,1.000
1,7.875,3.53,4.1345,4.13450,1.000
1,7.938,3.25,4.0721,4.07205,1.000
1,8.000,2.98,4.0095,4.00950,1.000
1,8.062,2.71,3.9471,3.94705,1.000
1,8.125,2.46,3.8845,3.88450,1.000
1,8.188,2.22,3.8221,3.82208,1.000
1,8.250,1.99,3.7594,3.75940,1.000
1,8.312,1.78,3.6971,3.69708,1.000
1,8.375,1.58,3.6345,3.63450,1.000
1,8.438,1.39,3.5720,3.57200,1.000
1,8.500,1.23,3.5095,3.50950,1.000
1,8.562,1.06,3.4469,3.44685,1.000
1,8.625,0.91,3.3846,3.38455,1.000
1,8.688,0.76,3.3220,3.32200,1.000
1,8.750,0.64,3.2596,3.25960,1.000
1,8.812,0.52,3.1969,3.19690,1.000
1,8.875,0.42,3.1345,3.13445,1.000
1,8.938,0.33,3.0719,3.07192,1.000
1,9.000,0.25,3.0095,3.00950,1.000
1,9.062,0.19,2.9470,2.94700,1.000
1,9.125,0.14,2.8844,2.88435,1.000
1,9.188,0.09,2.8220,2.82202,1.000
1,9.250,0.08,2.7592,2.75920,1.000
1,9.312,0.04,2.6969,2.69690,1.000
1,9.375,0.02,2.6343,2.63425,1.000
1,9.438,0.02,2.5718,2.57182,1.000
1,9.500,0.03,2.5095,2.50950,1.000
1,9.562,0.02,2.4470,2.44698,1.000
1,9.625,0.02,2.3845,2.38450,1.000
1,9.688,0.02,2.3218,2.32185,1.000
1,9.750,0.02,2.2594,2.25940,1.000
1,9.812,0.01,2.1968,2.19683,1.000
1,9.875,0.02,2.1345,2.13445,1.000
1,9.938,0.01,2.0719,2.07195,1.000
1,10.000,0.01,2.0094,2.00940,1.000
1,10.062,0.01,1.9468,1.94680,1.000
1,10.125,0.02,1.8844,1.88435,1.000
1,10.188,0.01,1.8220,1.82197,1.000
1,10.250,0.01,1.7593,1.75930,1.000
1,10.312,0.02,1.6969,1.69693,1.000
1,10.375,0.02,1.6343,1.63430,1.000
1,10.438,0.01,1.5720,1.57200,1.000
1,10.500,0.01,1.5093,1.50930,1.000
1,10.562,0.02,1.4470,1.44695,1.000
1,10.625,0.01,1.3844,1.38440,1.000
1,10.688,0.02,1.3217,1.32175,1.000
1,10.750,0.01,1.2594,1.25940,1.000
1,10.812,0.01,1.1967,1.19673,1.000
1,10.875,0.02,1.1344,1.13440,1.000
1,10.938,0.01,1.0717,1.07170,1.000
1,11.000,0.03,1.0094,1.00940,1.000
1,11.062,0.01,0.9468,0.94680,1.000
1,11.125,0.01,0.8843,0.88430,1.000
1,11.188,0.01,0.8220,0.82197,1.000
1,11.250,0.02,0.7593,0.75930,1.000
1,11.312,0.02,0.6968,0.69680,1.000
1,11.375,0.01,0.6341,0.63410,1.000
1,11.438,0.00,0.5718,0.57177,1.000
1,11.500,0.02,0.5092,0.50920,1.000
1,11.562,0.02,0.4468,0.44680,1.000
1,11.625,0.02,0.3843,0.38430,1.000
1,11.688,0.01,0.3217,0.32172,1.000
1,11.750,0.01,0.2592,0.25920,1.000
1,11.812,0.01,0.1966,0.19660,1.000
1,11.875,0.02,0.1343,0.13425,1.000
1,11.938,0.02,0.0717,0.07167,1.000
1,12.000,0.02,0.0092,0.00920,1.000
1,12.125,0.01,-0.0086,-0.00855,1.000
1,12.188,0.01,-0.0003,-0.00030,1.000
1,12.250,0.01,-0.0003,-0.00030,1.000
1,12.312,0.01,-0.0003,-0.00030,1.000
1,12.375,0.01,-0.0003,-0.00030,1.000
1,12.438,0.02,-0.0003,-0.00030,1.000
1,12.500,0.03,-0.0003,-0.00030,1.000
1,12.562,0.01,-0.0003,-0.00030,1.000
1,12.625,0.01,-0.0003,-0.00030,1.000
1,12.688,0.02,-0.0003,-0.00030,1.000
1,12.750,0.01,-0.0003,-0.00030,1.000
1,12.812,0.01,-0.0003,-0.00030,1.000
1,12.875,0.01,-0.0003,-0.00030,1.000
1,12.938,0.02,-0.0003,-0.00030,1.000
1,13.000,0.01,-0.0003,-0.00030,1.000
1,13.062,0.01,-0.0003,-0.00030,1.000
1,13.125,0.02,-0.0003,-0.00030,1.000
1,13.188,0.02,-0.0003,-0.00030,1.000
1,13.250,0.02,-0.0003,-0.00030,1.000
1,13.312,0.02,-0.0003,-0.00030,1.000
1,13.375,0.02,-0.0003,-0.00030,1.000
1,13.438,0.00,-0.0003,-0.00030,1.000
1,13.500,0.02,-0.0003,-0.00030,1.000
1,13.562,0.02,-0.0003,-0.00030,1.000
1,13.625,0.02,-0.0003,-0.00030,1.000
1,13.688,0.02,-0.0003,-0.00030,1.000
1,13.750,0.02,-0.0003,-0.00030,1.000
1,13.812,0.01,-0.0003,-0.00030,1.000
1,13.875,0.02,-0.0003,-0.00030,1.000
1,13.938,0.01,-0.0003,-0.00030,1.000
1,14.000,0.01,-0.0003,-0.00030,1.000
1,14.062,0.02,-0.0002,-0.00020,1.000
1,14.125,0.02,-0.0002,-0.00020,1.000
1,14.188,0.02,-0.0002,-0.00020,1.000
1,14.250,0.03,-0.0002,-0.00020,1.000
1,14.312,0.01,-0.0002,-0.00020,1.000
1,14.375,0.02,-0.0002,-0.00020,1.000
1,14.438,0.01,-0.0002,-0.00020,1.000
1,14.500,0.03,-0.0002,-0.00020,1.000
1,14.562,0.02,-0.0002,-0.00020,1.000
1,14.625,0.02,-0.0002,-0.00020,1.000
1,14.688,0.00,-0.0002,-0.00020,1.000
1,14.750,0.03,-0.0002,-0.00020,1.000
1,14.812,0.02,-0.0002,-0.00020,1.000
1,14.875,0.02,-0.0002,-0.00020,1.000
1,14.938,0.02,-0.0002,-0.00020,1.000
1,15.000,0.01,-0.0002,-0.00020,1.000
1,15.062,0.02,-0.0002,-0.00020,1.000
2,15.312,0.00,0.0621,0.06220,2.000
2,15.375,0.01,0.1245,0.12465,2.000
2,15.438,0.00,0.1870,0.18713,2.000
2,15.500,0.02,0.2495,0.24960,2.000
2,15.562,0.01,0.3120,0.31212,2.000
2,15.625,0.01,0.3747,0.37485,2.000
2,15.688,0.01,0.4372,0.43730,2.000
2,15.750,0.01,0.4997,0.49980,2.000
2,15.812,0.01,0.5620,0.56212,2.000
2,15.875,0.01,0.6245,0.62460,2.000
2,15.938,0.01,0.6871,0.68715,2.000
2,16.000,0.02,0.7497,0.74980,2.000
2,16.062,0.01,0.8123,0.81240,2.000
2,16.125,0.02,0.8746,0.87470,2.000
2,16.188,0.01,0.9373,0.93737,2.000
2,16.250,0.02,0.9996,0.99970,2.000
2,16.312,0.01,1.0622,1.06228,2.000
2,16.375,0.02,1.1246,1.12470,2.000
2,16.438,0.01,1.1872,1.18730,2.000
2,16.500,0.02,1.2497,1.24980,2.000
2,16.562,0.02,1.3122,1.31225,2.000
2,16.625,0.01,1.3747,1.37480,2.000
2,16.688,0.00,1.4372,1.43730,2.000
2,16.750,0.01,1.4999,1.50000,2.000
2,16.812,0.01,1.5623,1.56238,2.000
2,16.875,0.01,1.6248,1.62495,2.000
2,16.938,0.02,1.6873,1.68737,2.000
2,17.000,0.01,1.7498,1.74990,2.000
2,17.062,0.02,1.8124,1.81250,2.000
2,17.125,0.02,1.8747,1.87480,2.000
2,17.188,0.02,1.9372,1.93730,2.000
2,17.250,0.01,1.9997,1.99980,2.000
2,17.312,0.02,2.0623,2.06238,2.000
2,17.375,0.01,2.1247,2.12480,2.000
2,17.438,0.01,2.1872,2.18735,2.000
2,17.500,0.01,2.2498,2.24990,2.000
2,17.562,0.02,2.3123,2.31238,2.000
2,17.625,0.03,2.3749,2.37495,2.000
2,17.688,0.05,2.4372,2.43732,2.000
2,17.750,0.06,2.4998,2.49990,2.000
2,17.812,0.09,2.5621,2.56215,2.000
2,17.875,0.12,2.6247,2.62480,2.000
2,17.938,0.15,2.6872,2.68727,2.000
2,18.000,0.20,2.7498,2.74990,2.000
2,18.062,0.26,2.8123,2.81238,2.000
2,18.125,0.35,2.8748,2.87490,2.000
2,18.188,0.45,2.9374,2.93747,2.000
2,18.250,0.58,2.9998,2.99990,2.000
2,18.312,0.73,3.0623,3.06243,2.000
2,18.375,0.89,3.1247,3.12480,2.000
2,18.438,1.09,3.1873,3.18745,2.000
2,18.500,1.30,3.2498,3.24990,2.000
2,18.562,1.54,3.3124,3.31250,2.000
2,18.625,1.80,3.3748,3.37485,2.000
2,18.688,2.10,3.4372,3.43735,2.000
2,18.750,2.42,3.4998,3.49990,2.000
2,18.812,2.77,3.5622,3.56230,2.000
2,18.875,3.15,3.6249,3.62500,2.000
2,18.938,3.54,3.6874,3.68747,2.000
2,19.000,4.00,3.7500,3.75010,2.000
2,19.062,4.46,3.8123,3.81240,2.000
2,19.125,4.96,3.8749,3.87500,2.000
2,19.188,5.48,3.9373,3.93740,2.000
2,19.250,6.05,3.9998,3.99990,2.000
2,19.312,6.62,4.0623,4.06243,2.000
2,19.375,7.25,4.1248,4.12485,2.000
2,19.438,7.90,4.1873,4.18740,2.000
2,19.500,8.57,4.2496,4.24970,2.000
2,19.562,9.26,4.3123,4.31238,2.000
2,19.625,10.01,4.3748,4.37485,2.000
2,19.688,10.77,4.4372,4.43735,2.000
2,19.750,11.58,4.4998,4.49990,2.000
2,19.812,12.60,4.5622,4.56233,2.000
2,19.875,13.63,4.6249,4.62500,2.000
2,19.938,14.71,4.6872,4.68732,2.000
2,20.000,15.85,4.7499,4.75000,2.000
2,20.062,17.11,4.8123,4.81235,2.000
2,20.125,18.42,4.8748,4.87490,2.000
2,20.188,19.79,4.9373,4.93737,2.000
2,20.250,21.24,4.9997,4.99980,2.000
2,20.312,22.74,5.0623,5.06240,2.000
2,20.375,24.34,5.1248,5.12485,2.000
2,20.438,26.01,5.1873,5.18745,2.000
2,20.500,27.77,5.2498,5.24990,2.000
2,20.562,29.63,5.3125,5.31255,2.000
2,20.625,31.56,5.3748,5.37490,2.000
2,20.688,33.63,5.4374,5.43745,2.000
2,20.750,35.79,5.4998,5.49990,2.000
2,20.812,38.10,5.5623,5.56240,2.000
2,20.875,40.54,5.6250,5.62510,2.000
2,20.938,43.19,5.6874,5.68750,2.000
2,21.000,45.99,5.7500,5.75010,2.000
2,21.062,49.03,5.8123,5.81240,2.000
2,21.188,52.28,5.8809,5.88095,2.000
2,21.250,45.42,5.8204,5.82050,2.000
2,21.312,39.65,5.7580,5.75812,2.000
2,21.375,35.10,5.6956,5.69575,2.000
2,21.438,31.33,5.6333,5.63338,2.000
2,21.500,28.10,5.5706,5.57070,2.000
2,21.562,25.25,5.5082,5.50825,2.000
2,21.625,22.78,5.4456,5.44570,2.000
2,21.688,20.58,5.3832,5.38330,2.000
2,21.750,18.59,5.3206,5.32070,2.000
2,21.812,16.84,5.2582,5.25832,2.000
2,21.875,15.24,5.1956,5.19570,2.000
2,21.938,13.89,5.1330,5.13305,2.000
2,22.000,12.65,5.0705,5.07060,2.000
2,22.062,11.52,5.0079,5.00802,2.000
2,22.125,10.50,4.9456,4.94570,2.000
2,22.188,9.70,4.8830,4.88308,2.000
2,22.250,8.92,4.8206,4.82070,2.000
2,22.312,8.22,4.7580,4.75805,2.000
2,22.375,7.56,4.6956,4.69565,2.000
2,22.438,6.94,4.6331,4.63322,2.000
2,22.500,6.39,4.5705,4.57060,2.000
2,22.562,5.85,4.5080,4.50812,2.000
2,22.625,5.37,4.4454,4.44555,2.000
2,22.688,4.93,4.3831,4.38318,2.000
2,22.750,4.51,4.3204,4.32050,2.000
2,22.812,4.13,4.2580,4.25807,2.000
2,22.875,3.79,4.1954,4.19555,2.000
2,22.938,3.48,4.1329,4.13303,2.000
2,23.000,3.18,4.0705,4.07060,2.000
2,23.062,2.91,4.0079,4.00800,2.000
2,23.125,2.65,3.9456,3.94565,2.000
2,23.188,2.41,3.8829,3.88300,2.000
2,23.250,2.18,3.8205,3.82060,2.000
2,23.312,1.95,3.7579,3.75800,2.000
2,23.375,1.74,3.6955,3.69560,2.000
2,23.438,1.52,3.6330,3.63308,2.000
2,23.500,1.35,3.5704,3.57050,2.000
2,23.562,1.18,3.5080,3.50807,2.000
2,23.625,1.02,3.4454,3.44545,2.000
2,23.688,0.87,3.3830,3.38310,2.000
2,23.750,0.74,3.3204,3.32050,2.000
2,23.812,0.61,3.2580,3.25815,2.000
2,23.875,0.49,3.1954,3.19545,2.000
2,23.938,0.40,3.1328,3.13290,2.000
2,24.000,0.32,3.0705,3.07060,2.000
2,24.062,0.24,3.0079,3.00803,2.000
2,24.125,0.19,2.9454,2.94555,2.000
2,24.188,0.14,2.8828,2.88293,2.000
2,24.250,0.09,2.8204,2.82050,2.000
2,24.312,0.07,2.7578,2.75785,2.000
2,24.375,0.05,2.6954,2.69550,2.000
2,24.438,0.03,2.6328,2.63285,2.000
2,24.500,0.03,2.5703,2.57040,2.000
2,24.562,0.01,2.5079,2.50795,2.000
2,24.625,0.02,2.4454,2.44550,2.000
2,24.688,0.02,2.3829,2.38300,2.000
2,24.750,0.02,2.3203,2.32040,2.000
2,24.812,0.00,2.2579,2.25798,2.000
2,24.875,0.01,2.1953,2.19535,2.000
2,24.938,0.01,2.1329,2.13300,2.000
2,25.000,0.01,2.0703,2.07040,2.000
2,25.062,0.01,2.0078,2.00788,2.000
2,25.125,0.01,1.9453,1.94540,2.000
2,25.188,0.01,1.8827,1.88283,2.000
2,25.250,0.00,1.8205,1.82060,2.000
2,25.312,0.01,1.7578,1.75793,2.000
2,25.375,0.01,1.6954,1.69550,2.000
2,25.438,0.01,1.6328,1.63288,2.000
2,25.500,0.01,1.5704,1.57050,2.000
2,25.562,0.01,1.5079,1.50803,2.000
2,25.625,0.00,1.4454,1.44545,2.000
2,25.688,0.01,1.3829,1.38298,2.000
2,25.750,0.02,1.3201,1.32020,2.000
2,25.812,0.02,1.2578,1.25790,2.000
2,25.875,0.01,1.1952,1.19530,2.000
2,25.938,0.01,1.1328,1.13290,2.000
2,26.000,0.01,1.0702,1.07030,2.000
2,26.062,0.01,1.0078,1.00785,2.000
2,26.125,0.00,0.9452,0.94535,2.000
2,26.188,0.02,0.8828,0.88285,2.000
2,26.250,0.01,0.8204,0.82050,2.000
2,26.312,0.01,0.7577,0.75783,2.000
2,26.375,0.01,0.6952,0.69535,2.000
2,26.438,0.01,0.6326,0.63270,2.000
2,26.500,0.02,0.5702,0.57030,2.000
2,26.562,0.01,0.5077,0.50778,2.000
2,26.625,0.01,0.4453,0.44540,2.000
2,26.688,0.01,0.3828,0.38288,2.000
2,26.750,0.02,0.3201,0.32020,2.000
2,26.812,0.02,0.2577,0.25780,2.000
2,26.875,0.01,0.1950,0.19515,2.000
2,26.938,0.01,0.1327,0.13280,2.000
2,27.000,0.01,0.0701,0.07020,2.000
2,27.062,0.01,0.0077,0.00778,2.000
2,27.188,0.02,-0.0448,-0.04468,2.000
2,27.250,0.01,0.0001,0.00020,2.000
2,27.312,0.01,-0.0004,-0.00030,2.000
2,27.375,0.02,-0.0004,-0.00030,2.000
2,27.438,0.01,-0.0003,-0.00020,2.000
2,27.500,0.02,-0.0003,-0.00020,2.000
2,27.562,0.01,-0.0003,-0.00020,2.000
2,27.625,0.01,-0.0003,-0.00020,2.000
2,27.688,0.01,-0.0003,-0.00020,2.000
2,27.750,0.01,-0.0003,-0.00020,2.000
2,27.812,0.02,-0.0003,-0.00020,2.000
2,27.875,0.01,-0.0003,-0.00020,2.000
2,27.938,0.02,-0.0003,-0.00020,2.000
2,28.000,0.01,-0.0003,-0.00020,2.000
2,28.062,0.01,-0.0003,-0.00020,2.000
2,28.125,0.01,-0.0003,-0.00020,2.000
2,28.188,0.02,-0.0003,-0.00020,2.000
2,28.250,0.01,-0.0003,-0.00020,2.000
2,28.312,0.01,-0.0003,-0.00020,2.000
2,28.375,0.01,-0.0003,-0.00020,2.000
2,28.438,0.01,-0.0003,-0.00020,2.000
2,28.500,0.02,-0.0003,-0.00020,2.000
2,28.562,0.02,-0.0003,-0.00020,2.000
2,28.625,0.02,-0.0003,-0.00020,2.000
2,28.688,0.01,-0.0003,-0.00020,2.000
2,28.750,0.00,-0.0003,-0.00020,2.000
2,28.812,0.01,-0.0003,-0.00020,2.000
2,28.875,0.01,-0.0003,-0.00020,2.000
2,28.938,0.02,-0.0003,-0.00020,2.000
2,29.000,0.02,-0.0003,-0.00020,2.000
2,29.062,0.01,-0.0003,-0.00020,2.000
2,29.125,0.01,-0.0003,-0.00020,2.000
2,29.188,0.01,-0.0003,-0.00020,2.000
2,29.250,0.02,-0.0003,-0.00020,2.000
2,29.312,0.01,-0.0003,-0.00020,2.000
2,29.375,0.01,-0.0003,-0.00020,2.000
2,29.438,0.01,-0.0003,-0.00020,2.000
2,29.500,0.01,-0.0003,-0.00020,2.000
2,29.562,0.01,-0.0003,-0.00020,2.000
2,29.625,0.01,-0.0003,-0.00020,2.000
2,29.688,0.02,-0.0003,-0.00020,2.000
2,29.750,0.02,-0.0003,-0.00020,2.000
2,29.812,0.02,-0.0002,-0.00010,2.000
2,29.875,0.02,-0.0002,-0.00010,2.000
2,29.938,0.02,-0.0002,-0.00010,2.000
2,30.000,0.01,-0.0002,-0.00010,2.000
2,30.062,0.01,-0.0002,-0.00010,2.000
2,30.125,0.01,-0.0002,-0.00010,2.000
3,30.438,0.00,0.0870,0.08715,3.000
3,30.500,0.01,0.1494,0.14950,3.000
3,30.562,0.01,0.2121,0.21220,3.000
3,30.625,0.02,0.2746,0.27465,3.000
3,30.688,0.01,0.3372,0.33730,3.000
3,30.750,0.00,0.3996,0.39970,3.000
3,30.812,0.00,0.4623,0.46240,3.000
3,30.875,0.00,0.5246,0.52470,3.000
3,30.938,0.01,0.5870,0.58715,3.000
3,31.000,0.01,0.6495,0.64960,3.000
3,31.062,0.00,0.7120,0.71212,3.000
3,31.125,0.00,0.7748,0.77490,3.000
3,31.188,0.01,0.8372,0.83730,3.000
3,31.250,0.00,0.8999,0.90000,3.000
3,31.312,0.01,0.9621,0.96222,3.000
3,31.375,0.01,1.0246,1.02475,3.000
3,31.438,0.00,1.0871,1.08725,3.000
3,31.500,0.01,1.1497,1.14980,3.000
3,31.562,0.01,1.2122,1.21232,3.000
3,31.625,0.00,1.2746,1.27470,3.000
3,31.688,0.01,1.3372,1.33735,3.000
3,31.750,0.00,1.3996,1.39970,3.000
3,31.812,0.01,1.4623,1.46245,3.000
3,31.875,0.01,1.5248,1.52485,3.000
3,31.938,0.00,1.5872,1.58732,3.000
3,32.000,0.00,1.6498,1.64990,3.000
3,32.062,0.01,1.7123,1.71242,3.000
3,32.125,0.01,1.7748,1.77495,3.000
3,32.188,0.00,1.8372,1.83733,3.000
3,32.250,0.00,1.8997,1.89980,3.000
3,32.312,0.01,1.9621,1.96222,3.000
3,32.375,0.01,2.0248,2.02490,3.000
3,32.438,0.01,2.0873,2.08735,3.000
3,32.500,0.00,2.1498,2.14990,3.000
3,32.562,0.02,2.2123,2.21240,3.000
3,32.625,0.01,2.2748,2.27490,3.000
3,32.688,0.02,2.3373,2.33740,3.000
3,32.750,0.03,2.3997,2.39980,3.000
3,32.812,0.04,2.4624,2.46247,3.000
3,32.875,0.04,2.5247,2.52480,3.000
3,32.938,0.07,2.5872,2.58733,3.000
3,33.000,0.11,2.6497,2.64980,3.000
3,33.062,0.15,2.7123,2.71242,3.000
3,33.125,0.20,2.7748,2.77485,3.000
3,33.188,0.27,2.8372,2.83728,3.000
3,33.250,0.35,2.8999,2.90000,3.000
3,33.312,0.47,2.9622,2.96232,3.000
3,33.375,0.61,3.0248,3.02495,3.000
3,33.438,0.75,3.0873,3.08738,3.000
3,33.500,0.93,3.1498,3.14990,3.000
3,33.562,1.12,3.2122,3.21227,3.000
3,33.625,1.34,3.2748,3.27495,3.000
3,33.688,1.58,3.3375,3.33755,3.000
3,33.750,1.86,3.3997,3.39980,3.000
3,33.812,2.16,3.4622,3.46235,3.000
3,33.875,2.48,3.5248,3.52485,3.000
3,33.938,2.84,3.5874,3.58745,3.000
3,34.000,3.24,3.6497,3.64980,3.000
3,34.062,3.64,3.7124,3.71247,3.000
3,34.125,4.08,3.7748,3.77490,3.000
3,34.188,4.56,3.8373,3.83735,3.000
3,34.250,5.07,3.8998,3.89990,3.000
3,34.312,5.61,3.9623,3.96240,3.000
3,34.375,6.19,4.0249,4.02495,3.000
3,34.438,6.79,4.0872,4.08730,3.000
3,34.500,7.41,4.1499,4.15000,3.000
3,34.562,8.06,4.2122,4.21235,3.000
3,34.625,8.74,4.2748,4.27485,3.000
3,34.688,9.46,4.3372,4.33733,3.000
3,34.750,10.20,4.3997,4.39980,3.000
3,34.812,10.97,4.4623,4.46240,3.000
3,34.875,11.82,4.5248,4.52485,3.000
3,34.938,12.84,4.5874,4.58750,3.000
3,35.000,13.87,4.6497,4.64980,3.000
3,35.062,14.97,4.7124,4.71247,3.000
3,35.125,16.15,4.7748,4.77490,3.000
3,35.188,17.42,4.8373,4.83740,3.000
3,35.250,18.74,4.8999,4.90000,3.000
3,35.312,20.13,4.9623,4.96237,3.000
3,35.375,21.60,5.0248,5.02490,3.000
3,35.438,23.15,5.0872,5.08725,3.000
3,35.500,24.75,5.1499,5.15000,3.000
3,35.562,26.45,5.2122,5.21232,3.000
3,35.625,28.23,5.2749,5.27500,3.000
3,35.688,30.12,5.3374,5.33745,3.000
3,35.750,32.08,5.3998,5.39990,3.000
3,35.812,34.17,5.4623,5.46245,3.000
3,35.875,36.37,5.5248,5.52490,3.000
3,35.938,38.69,5.5875,5.58758,3.000
3,36.000,41.22,5.6499,5.65000,3.000
3,36.062,43.88,5.7124,5.71252,3.000
3,36.125,46.79,5.7748,5.77490,3.000
3,36.188,49.95,5.8373,5.83743,3.000
3,36.312,48.05,5.8381,5.83815,3.000
3,36.375,41.53,5.7755,5.77560,3.000
3,36.438,36.58,5.7132,5.71327,3.000
3,36.500,32.56,5.6506,5.65070,3.000
3,36.562,29.17,5.5882,5.58830,3.000
3,36.625,26.18,5.5256,5.52570,3.000
3,36.688,23.59,5.4632,5.46327,3.000
3,36.750,21.29,5.4007,5.40080,3.000
3,36.812,19.25,5.3382,5.33828,3.000
3,36.875,17.41,5.2757,5.27580,3.000
3,36.938,15.77,5.2130,5.21312,3.000
3,37.000,14.32,5.1506,5.15070,3.000
3,37.062,13.05,5.0879,5.08803,3.000
3,37.125,11.89,5.0257,5.02575,3.000
3,37.188,10.83,4.9630,4.96315,3.000
3,37.250,9.95,4.9006,4.90070,3.000
3,37.312,9.17,4.8380,4.83813,3.000
3,37.375,8.44,4.7755,4.77560,3.000
3,37.438,7.75,4.7131,4.71317,3.000
3,37.500,7.12,4.6506,4.65070,3.000
3,37.562,6.53,4.5882,4.58828,3.000
3,37.625,6.00,4.5254,4.52555,3.000
3,37.688,5.49,4.4630,4.46310,3.000
3,37.750,5.04,4.4003,4.40040,3.000
3,37.812,4.61,4.3380,4.33813,3.000
3,37.875,4.21,4.2755,4.27560,3.000
3,37.938,3.86,4.2129,4.21297,3.000
3,38.000,3.54,4.1504,4.15050,3.000
3,38.062,3.24,4.0879,4.08800,3.000
3,38.125,2.95,4.0256,4.02565,3.000
3,38.188,2.70,3.9629,3.96300,3.000
3,38.250,2.44,3.9005,3.90060,3.000
3,38.312,2.21,3.8379,3.83795,3.000
3,38.375,1.98,3.7754,3.77555,3.000
3,38.438,1.77,3.7129,3.71302,3.000
3,38.500,1.55,3.6504,3.65050,3.000
3,38.562,1.37,3.5879,3.58803,3.000
3,38.625,1.20,3.5254,3.52545,3.000
3,38.688,1.03,3.4629,3.46302,3.000
3,38.750,0.89,3.4003,3.40040,3.000
3,38.812,0.75,3.3380,3.33810,3.000
3,38.875,0.62,3.2754,3.27555,3.000
3,38.938,0.51,3.2128,3.21295,3.000
3,39.000,0.41,3.1504,3.15050,3.000
3,39.062,0.32,3.0879,3.08795,3.000
3,39.125,0.24,3.0254,3.02555,3.000
3,39.188,0.18,2.9627,2.96285,3.000
3,39.250,0.13,2.9005,2.90060,3.000
3,39.312,0.09,2.8378,2.83793,3.000
3,39.375,0.06,2.7754,2.77550,3.000
3,39.438,0.04,2.7128,2.71295,3.000
3,39.500,0.03,2.6502,2.65030,3.000
3,39.562,0.02,2.5878,2.58790,3.000
3,39.625,0.02,2.5253,2.52535,3.000
3,39.688,0.02,2.4630,2.46307,3.000
3,39.750,0.01,2.4003,2.40040,3.000
3,39.812,0.01,2.3378,2.33793,3.000
3,39.875,0.01,2.2753,2.27540,3.000
3,39.938,0.00,2.2128,2.21292,3.000
3,40.000,0.00,2.1503,2.15040,3.000
3,40.062,0.01,2.0878,2.08788,3.000
3,40.125,0.00,2.0254,2.02545,3.000
3,40.188,0.00,1.9627,1.96282,3.000
3,40.250,0.01,1.9004,1.90050,3.000
3,40.312,0.01,1.8378,1.83790,3.000
3,40.375,0.00,1.7755,1.77555,3.000
3,40.438,0.01,1.7128,1.71287,3.000
3,40.500,0.01,1.6503,1.65040,3.000
3,40.562,0.00,1.5879,1.58803,3.000
3,40.625,0.00,1.5253,1.52540,3.000
3,40.688,0.01,1.4629,1.46300,3.000
3,40.750,0.01,1.4002,1.40030,3.000
3,40.812,0.00,1.3378,1.33788,3.000
3,40.875,0.01,1.2752,1.27530,3.000
3,40.938,0.00,1.2128,1.21292,3.000
3,41.000,0.00,1.1503,1.15040,3.000
3,41.062,0.00,1.0878,1.08785,3.000
3,41.125,0.01,1.0253,1.02540,3.000
3,41.188,0.00,0.9627,0.96277,3.000
3,41.250,0.00,0.9004,0.90050,3.000
3,41.312,0.00,0.8378,0.83785,3.000
3,41.375,0.00,0.7754,0.77555,3.000
3,41.438,0.01,0.7127,0.71277,3.000
3,41.500,0.00,0.6502,0.65030,3.000
3,41.562,0.01,0.5876,0.58773,3.000
3,41.625,0.01,0.5252,0.52535,3.000
3,41.688,0.01,0.4629,0.46297,3.000
3,41.750,0.01,0.4002,0.40030,3.000
3,41.812,0.01,0.3379,0.33798,3.000
3,41.875,0.00,0.2752,0.27525,3.000
3,41.938,0.00,0.2127,0.21280,3.000
3,42.000,0.00,0.1501,0.15020,3.000
3,42.062,0.01,0.0877,0.08778,3.000
3,42.125,0.01,0.0252,0.02535,3.000
3,42.250,0.00,-0.0461,-0.04600,3.000
3,42.312,-0.01,-0.0005,-0.00043,3.000
3,42.375,0.01,-0.0004,-0.00030,3.000
3,42.438,0.00,-0.0004,-0.00028,3.000
3,42.500,0.00,-0.0003,-0.00020,3.000
3,42.562,0.00,-0.0003,-0.00020,3.000
3,42.625,0.01,-0.0003,-0.00020,3.000
3,42.688,0.02,-0.0003,-0.00020,3.000
3,42.750,0.00,-0.0003,-0.00020,3.000
3,42.812,0.01,-0.0003,-0.00020,3.000
3,42.875,0.00,-0.0003,-0.00020,3.000
3,42.938,0.01,-0.0003,-0.00020,3.000
3,43.000,0.01,-0.0003,-0.00020,3.000
3,43.062,0.01,-0.0003,-0.00020,3.000
3,43.125,0.00,-0.0003,-0.00020,3.000
3,43.188,0.01,-0.0003,-0.00020,3.000
3,43.250,0.00,-0.0003,-0.00020,3.000
3,43.312,0.00,-0.0003,-0.00020,3.000
3,43.375,0.00,-0.0003,-0.00020,3.000
3,43.438,0.00,-0.0003,-0.00020,3.000
3,43.500,0.00,-0.0003,-0.00020,3.000
3,43.562,0.00,-0.0003,-0.00020,3.000
3,43.625,0.00,-0.0003,-0.00020,3.000
3,43.688,0.00,-0.0003,-0.00020,3.000
3,43.750,0.00,-0.0003,-0.00020,3.000
3,43.812,0.00,-0.0003,-0.00020,3.000
3,43.875,0.01,-0.0003,-0.00020,3.000
3,43.938,0.01,-0.0003,-0.00020,3.000
3,44.000,0.00,-0.0003,-0.00020,3.000
3,44.062,0.00,-0.0003,-0.00020,3.000
3,44.125,0.00,-0.0003,-0.00020,3.000
3,44.188,0.01,-0.0003,-0.00020,3.000
3,44.250,0.01,-0.0003,-0.00020,3.000
3,44.312,-0.01,-0.0003,-0.00020,3.000
3,44.375,0.01,-0.0003,-0.00020,3.000
3,44.438,0.00,-0.0003,-0.00020,3.000
3,44.500,-0.01,-0.0003,-0.00020,3.000
3,44.562,0.00,-0.0003,-0.00020,3.000
3,44.625,0.00,-0.0003,-0.00020,3.000
3,44.688,0.01,-0.0003,-0.00020,3.000
3,44.750,0.00,-0.0003,-0.00020,3.000
3,44.812,0.01,-0.0003,-0.00020,3.000
3,44.875,0.01,-0.0003,-0.00020,3.000
3,44.938,0.00,-0.0002,-0.00010,3.000
3,45.000,0.00,-0.0002,-0.00010,3.000
3,45.062,0.00,-0.0002,-0.00010,3.000
3,45.125,0.00,-0.0002,-0.00010,3.000
3,45.188,0.00,-0.0002,-0.00010,3.000
3,45.250,0.00,-0.0002,-0.00010,3.000
4,45.500,-0.01,0.0585,0.05860,4.000
4,45.562,-0.02,0.1210,0.12107,4.000
4,45.625,-0.01,0.1836,0.18365,4.000
4,45.688,-0.02,0.2460,0.24610,4.000
4,45.750,-0.02,0.3085,0.30860,4.000
4,45.812,-0.01,0.3711,0.37125,4.000
4,45.875,-0.02,0.4336,0.43370,4.000
4,45.938,-0.02,0.4963,0.49635,4.000
4,46.000,-0.02,0.5585,0.55860,4.000
4,46.062,-0.02,0.6210,0.62110,4.000
4,46.125,-0.01,0.6835,0.68360,4.000
4,46.188,-0.01,0.7462,0.74625,4.000
4,46.250,-0.02,0.8087,0.80880,4.000
4,46.312,-0.01,0.8712,0.87130,4.000
4,46.375,-0.01,0.9337,0.93380,4.000
4,46.438,-0.02,0.9962,0.99628,4.000
4,46.500,-0.02,1.0588,1.05890,4.000
4,46.562,-0.02,1.1211,1.12122,4.000
4,46.625,-0.01,1.1838,1.18385,4.000
4,46.688,-0.02,1.2461,1.24620,4.000
4,46.750,0.00,1.3087,1.30880,4.000
4,46.812,-0.01,1.3712,1.37132,4.000
4,46.875,-0.01,1.4337,1.43380,4.000
4,46.938,-0.01,1.4963,1.49638,4.000
4,47.000,-0.01,1.5587,1.55880,4.000
4,47.062,-0.02,1.6213,1.62140,4.000
4,47.125,-0.01,1.6837,1.68380,4.000
4,47.188,-0.01,1.7464,1.74645,4.000
4,47.250,-0.01,1.8088,1.80890,4.000
4,47.312,-0.01,1.8713,1.87142,4.000
4,47.375,-0.03,1.9337,1.93380,4.000
4,47.438,-0.01,1.9961,1.99623,4.000
4,47.500,-0.01,2.0588,2.05890,4.000
4,47.562,-0.01,2.1211,2.12125,4.000
4,47.625,-0.01,2.1838,2.18390,4.000
4,47.688,-0.01,2.2463,2.24635,4.000
4,47.750,0.00,2.3089,2.30900,4.000
4,47.812,0.00,2.3713,2.37140,4.000
4,47.875,0.01,2.4338,2.43390,4.000
4,47.938,0.02,2.4963,2.49640,4.000
4,48.000,0.04,2.5587,2.55880,4.000
4,48.062,0.06,2.6212,2.62130,4.000
4,48.125,0.10,2.6836,2.68375,4.000
4,48.188,0.14,2.7464,2.74645,4.000
4,48.250,0.20,2.8087,2.80880,4.000
4,48.312,0.29,2.8713,2.87145,4.000
4,48.375,0.39,2.9338,2.93390,4.000
4,48.438,0.50,2.9963,2.99640,4.000
4,48.500,0.64,3.0588,3.05890,4.000
4,48.562,0.80,3.1212,3.12127,4.000
4,48.625,0.98,3.1838,3.18395,4.000
4,48.688,1.20,3.2463,3.24640,4.000
4,48.750,1.42,3.3089,3.30900,4.000
4,48.812,1.69,3.3713,3.37142,4.000
4,48.875,1.96,3.4338,3.43395,4.000
4,48.938,2.27,3.4963,3.49638,4.000
4,49.000,2.62,3.5589,3.55900,4.000
4,49.062,2.98,3.6214,3.62150,4.000
4,49.125,3.39,3.6838,3.68395,4.000
4,49.188,3.82,3.7464,3.74650,4.000
4,49.250,4.27,3.8088,3.80890,4.000
4,49.312,4.76,3.8714,3.87155,4.000
4,49.375,5.29,3.9338,3.93395,4.000
4,49.438,5.85,3.9963,3.99643,4.000
4,49.500,6.43,4.0588,4.05890,4.000
4,49.562,7.04,4.1212,4.12130,4.000
4,49.625,7.69,4.1838,4.18390,4.000
4,49.688,8.36,4.2462,4.24625,4.000
4,49.750,9.06,4.3088,4.30890,4.000
4,49.812,9.79,4.3712,4.37135,4.000
4,49.875,10.54,4.4337,4.43385,4.000
4,49.938,11.34,4.4963,4.49638,4.000
4,50.000,12.26,4.5588,4.55890,4.000
4,50.062,13.30,4.6213,4.62142,4.000
4,50.125,14.37,4.6837,4.68385,4.000
4,50.188,15.50,4.7464,4.74648,4.000
4,50.250,16.71,4.8087,4.80880,4.000
4,50.312,18.01,4.8713,4.87142,4.000
4,50.375,19.37,4.9338,4.93390,4.000
4,50.438,20.78,4.9963,4.99643,4.000
4,50.500,22.30,5.0588,5.05890,4.000
4,50.562,23.88,5.1213,5.12140,4.000
4,50.625,25.52,5.1838,5.18395,4.000
4,50.688,27.25,5.2463,5.24640,4.000
4,50.750,29.06,5.3090,5.30910,4.000
4,50.812,31.01,5.3713,5.37140,4.000
4,50.875,33.01,5.4339,5.43400,4.000
4,50.938,35.13,5.4964,5.49645,4.000
4,51.000,37.40,5.5589,5.55900,4.000
4,51.062,39.82,5.6214,5.62152,4.000
4,51.125,42.40,5.6839,5.68400,4.000
4,51.188,45.18,5.7464,5.74648,4.000
4,51.250,48.23,5.8088,5.80890,4.000
4,51.375,52.08,5.8814,5.88150,4.000
4,51.438,45.39,5.8220,5.82207,4.000
4,51.500,39.61,5.7596,5.75970,4.000
4,51.562,35.05,5.6971,5.69718,4.000
4,51.625,31.28,5.6348,5.63485,4.000
4,51.688,28.05,5.5721,5.57217,4.000
4,51.750,25.21,5.5096,5.50970,4.000
4,51.812,22.74,5.4470,5.44710,4.000
4,51.875,20.54,5.3847,5.38475,4.000
4,51.938,18.56,5.3221,5.32225,4.000
4,52.000,16.81,5.2597,5.25980,4.000
4,52.062,15.21,5.1971,5.19723,4.000
4,52.125,13.86,5.1345,5.13460,4.000
4,52.188,12.61,5.0720,5.07210,4.000
4,52.250,11.48,5.0095,5.00960,4.000
4,52.312,10.48,4.9471,4.94720,4.000
4,52.375,9.66,4.8845,4.88460,4.000
4,52.438,8.89,4.8221,4.82220,4.000
4,52.500,8.18,4.7596,4.75970,4.000
4,52.562,7.51,4.6971,4.69723,4.000
4,52.625,6.90,4.6346,4.63470,4.000
4,52.688,6.33,4.5719,4.57205,4.000
4,52.750,5.80,4.5096,4.50970,4.000
4,52.812,5.31,4.4469,4.44700,4.000
4,52.875,4.86,4.3845,4.38460,4.000
4,52.938,4.44,4.3219,4.32202,4.000
4,53.000,4.06,4.2595,4.25960,4.000
4,53.062,3.71,4.1970,4.19705,4.000
4,53.125,3.40,4.1344,4.13450,4.000
4,53.188,3.12,4.0720,4.07212,4.000
4,53.250,2.84,4.0094,4.00950,4.000
4,53.312,2.58,3.9471,3.94718,4.000
4,53.375,2.34,3.8844,3.88450,4.000
4,53.438,2.11,3.8220,3.82210,4.000
4,53.500,1.88,3.7594,3.75950,4.000
4,53.562,1.67,3.6970,3.69710,4.000
4,53.625,1.47,3.6345,3.63455,4.000
4,53.688,1.29,3.5718,3.57192,4.000
4,53.750,1.11,3.5095,3.50960,4.000
4,53.812,0.95,3.4468,3.44685,4.000
4,53.875,0.82,3.3846,3.38465,4.000
4,53.938,0.68,3.3220,3.32207,4.000
4,54.000,0.56,3.2595,3.25960,4.000
4,54.062,0.44,3.1969,3.19700,4.000
4,54.125,0.35,3.1344,3.13450,4.000
4,54.188,0.27,3.0719,3.07197,4.000
4,54.250,0.20,3.0093,3.00940,4.000
4,54.312,0.14,2.9469,2.94703,4.000
4,54.375,0.10,2.8843,2.88435,4.000
4,54.438,0.06,2.8220,2.82207,4.000
4,54.500,0.04,2.7593,2.75940,4.000
4,54.562,0.01,2.6969,2.69698,4.000
4,54.625,0.00,2.6343,2.63435,4.000
4,54.688,0.00,2.5718,2.57187,4.000
4,54.750,-0.01,2.5094,2.50950,4.000
4,54.812,-0.01,2.4469,2.44698,4.000
4,54.875,-0.01,2.3845,2.38460,4.000
4,54.938,-0.01,2.3218,2.32190,4.000
4,55.000,-0.02,2.2594,2.25950,4.000
4,55.062,-0.01,2.1968,2.19693,4.000
4,55.125,-0.01,2.1344,2.13450,4.000
4,55.188,-0.02,2.0718,2.07195,4.000
4,55.250,-0.01,2.0094,2.00950,4.000
4,55.312,-0.01,1.9468,1.94690,4.000
4,55.375,-0.02,1.8843,1.88435,4.000
4,55.438,-0.01,1.8219,1.82200,4.000
4,55.500,-0.02,1.7593,1.75940,4.000
4,55.562,-0.02,1.6970,1.69705,4.000
4,55.625,-0.02,1.6343,1.63440,4.000
4,55.688,-0.01,1.5719,1.57200,4.000
4,55.750,-0.01,1.5094,1.50950,4.000
4,55.812,-0.02,1.4468,1.44688,4.000
4,55.875,-0.01,1.3844,1.38445,4.000
4,55.938,-0.01,1.3217,1.32180,4.000
4,56.000,-0.01,1.2592,1.25930,4.000
4,56.062,-0.01,1.1967,1.19675,4.000
4,56.125,-0.01,1.1343,1.13440,4.000
4,56.188,-0.01,1.0717,1.07185,4.000
4,56.250,-0.01,1.0093,1.00940,4.000
4,56.312,-0.02,0.9468,0.94690,4.000
4,56.375,-0.02,0.8843,0.88435,4.000
4,56.438,-0.01,0.8220,0.82207,4.000
4,56.500,-0.01,0.7593,0.75940,4.000
4,56.562,-0.02,0.6968,0.69688,4.000
4,56.625,-0.01,0.6341,0.63420,4.000
4,56.688,-0.01,0.5717,0.57182,4.000
4,56.750,-0.02,0.5093,0.50940,4.000
4,56.812,-0.02,0.4469,0.44695,4.000
4,56.875,-0.02,0.3843,0.38440,4.000
4,56.938,-0.02,0.3217,0.32180,4.000
4,57.000,-0.02,0.2592,0.25930,4.000
4,57.062,0.00,0.1966,0.19665,4.000
4,57.125,-0.01,0.1342,0.13430,4.000
4,57.188,-0.02,0.0717,0.07177,4.000
4,57.250,-0.01,0.0093,0.00940,4.000
4,57.375,-0.01,-0.0146,-0.01445,4.000
4,57.438,-0.01,-0.0003,-0.00020,4.000
4,57.500,-0.02,-0.0004,-0.00030,4.000
4,57.562,-0.01,-0.0003,-0.00020,4.000
4,57.625,-0.01,-0.0003,-0.00020,4.000
4,57.688,-0.02,-0.0003,-0.00020,4.000
4,57.750,-0.02,-0.0003,-0.00020,4.000
4,57.812,-0.01,-0.0003,-0.00020,4.000
4,57.875,-0.01,-0.0003,-0.00020,4.000
4,57.938,-0.02,-0.0003,-0.00020,4.000
4,58.000,-0.01,-0.0003,-0.00020,4.000
4,58.062,-0.01,-0.0003,-0.00020,4.000
4,58.125,-0.02,-0.0003,-0.00020,4.000
4,58.188,-0.01,-0.0003,-0.00020,4.000
4,58.250,-0.01,-0.0003,-0.00020,4.000
4,58.312,-0.01,-0.0003,-0.00020,4.000
4,58.375,-0.01,-0.0003,-0.00020,4.000
4,58.438,-0.01,-0.0003,-0.00020,4.000
4,58.500,-0.02,-0.0003,-0.00020,4.000
4,58.562,-0.01,-0.0003,-0.00020,4.000
4,58.625,-0.01,-0.0003,-0.00020,4.000
4,58.688,-0.02,-0.0003,-0.00020,4.000
4,58.750,-0.02,-0.0003,-0.00020,4.000
4,58.812,-0.01,-0.0003,-0.00020,4.000
4,58.875,-0.01,-0.0003,-0.00020,4.000
4,58.938,-0.02,-0.0003,-0.00020,4.000
4,59.000,-0.03,-0.0003,-0.00020,4.000
4,59.062,0.00,-0.0003,-0.00020,4.000
4,59.125,-0.02,-0.0003,-0.00020,4.000
4,59.188,-0.02,-0.0003,-0.00020,4.000
4,59.250,-0.02,-0.0003,-0.00020,4.000
4,59.312,-0.01,-0.0003,-0.00020,4.000
4,59.375,-0.01,-0.0003,-0.00020,4.000
4,59.438,-0.01,-0.0003,-0.00020,4.000
4,59.500,-0.01,-0.0003,-0.00020,4.000
4,59.562,-0.01,-0.0003,-0.00020,4.000
4,59.625,-0.02,-0.0003,-0.00020,4.000
4,59.688,-0.01,-0.0003,-0.00020,4.000
4,59.750,-0.01,-0.0003,-0.00020,4.000
4,59.812,-0.02,-0.0003,-0.00020,4.000
4,59.875,-0.01,-0.0003,-0.00020,4.000
4,59.938,-0.01,-0.0003,-0.00020,4.000
4,60.000,-0.02,-0.0003,-0.00020,4.000
4,60.062,-0.01,-0.0003,-0.00020,4.000
4,60.125,-0.02,-0.0002,-0.00010,4.000
4,60.188,-0.01,-0.0002,-0.00010,4.000
4,60.250,-0.02,-0.0002,-0.00010,4.000
4,60.312,-0.02,-0.0002,-0.00010,4.000
5,60.625,0.00,0.0835,0.08360,5.000
5,60.688,0.01,0.1461,0.14618,5.000
5,60.750,0.00,0.2085,0.20860,5.000
5,60.812,0.00,0.2710,0.27112,5.000
5,60.875,0.00,0.3336,0.33375,5.000
5,60.938,0.00,0.3962,0.39628,5.000
5,61.000,0.00,0.4588,0.45890,5.000
5,61.062,0.00,0.5210,0.52115,5.000
5,61.125,0.01,0.5836,0.58370,5.000
5,61.188,0.00,0.6460,0.64608,5.000
5,61.250,0.00,0.7086,0.70870,5.000
5,61.312,0.00,0.7712,0.77127,5.000
5,61.375,0.00,0.8336,0.83375,5.000
5,61.438,0.00,0.8963,0.89638,5.000
5,61.500,0.00,0.9586,0.95870,5.000
5,61.562,0.01,1.0212,1.02135,5.000
5,61.625,0.01,1.0836,1.08370,5.000
5,61.688,0.00,1.1463,1.14637,5.000
5,61.750,0.00,1.2087,1.20880,5.000
5,61.812,0.00,1.2711,1.27125,5.000
5,61.875,0.00,1.3336,1.33370,5.000
5,61.938,0.01,1.3961,1.39622,5.000
5,62.000,0.00,1.4588,1.45890,5.000
5,62.062,0.00,1.5211,1.52122,5.000
5,62.125,0.00,1.5838,1.58390,5.000
5,62.188,0.01,1.6462,1.64630,5.000
5,62.250,-0.01,1.7088,1.70890,5.000
5,62.312,0.00,1.7713,1.77140,5.000
5,62.375,0.00,1.8338,1.83390,5.000
5,62.438,0.00,1.8962,1.89635,5.000
5,62.500,0.01,1.9586,1.95870,5.000
5,62.562,0.01,2.0213,2.02140,5.000
5,62.625,0.00,2.0837,2.08380,5.000
5,62.688,0.00,2.1463,2.14640,5.000
5,62.750,0.00,2.2087,2.20880,5.000
5,62.812,0.01,2.2713,2.27142,5.000
5,62.875,0.01,2.3338,2.33390,5.000
5,62.938,0.02,2.3962,2.39635,5.000
5,63.000,0.03,2.4588,2.45890,5.000
5,63.062,0.05,2.5211,2.52125,5.000
5,63.125,0.06,2.5837,2.58385,5.000
5,63.188,0.09,2.6461,2.64622,5.000
5,63.250,0.13,2.7089,2.70900,5.000
5,63.312,0.18,2.7712,2.77132,5.000
5,63.375,0.25,2.8338,2.83390,5.000
5,63.438,0.32,2.8962,2.89632,5.000
5,63.500,0.45,2.9588,2.95890,5.000
5,63.562,0.56,3.0213,3.02142,5.000
5,63.625,0.70,3.0837,3.08380,5.000
5,63.688,0.87,3.1463,3.14645,5.000
5,63.750,1.06,3.2087,3.20880,5.000
5,63.812,1.28,3.2714,3.27147,5.000
5,63.875,1.52,3.3339,3.33400,5.000
5,63.938,1.78,3.3963,3.39637,5.000
5,64.000,2.07,3.4588,3.45890,5.000
5,64.062,2.39,3.5213,3.52140,5.000
5,64.125,2.75,3.5838,3.58395,5.000
5,64.188,3.12,3.6463,3.64640,5.000
5,64.250,3.53,3.7089,3.70900,5.000
5,64.312,3.97,3.7713,3.77140,5.000
5,64.375,4.43,3.8339,3.83400,5.000
5,64.438,4.95,3.8964,3.89648,5.000
5,64.500,5.48,3.9589,3.95900,5.000
5,64.562,6.03,4.0213,4.02142,5.000
5,64.625,6.63,4.0838,4.08390,5.000
5,64.688,7.24,4.1464,4.14652,5.000
5,64.750,7.90,4.2088,4.20890,5.000
5,64.812,8.57,4.2714,4.27147,5.000
5,64.875,9.28,4.3338,4.33385,5.000
5,64.938,10.02,4.3964,4.39648,5.000
5,65.000,10.80,4.4589,4.45900,5.000
5,65.062,11.62,4.5213,4.52145,5.000
5,65.125,12.58,4.5839,4.58400,5.000
5,65.188,13.64,4.6462,4.64632,5.000
5,65.250,14.72,4.7089,4.70900,5.000
5,65.312,15.86,4.7712,4.77132,5.000
5,65.375,17.12,4.8338,4.83395,5.000
5,65.438,18.44,4.8963,4.89638,5.000
5,65.500,19.82,4.9589,4.95900,5.000
5,65.562,21.27,5.0212,5.02135,5.000
5,65.625,22.78,5.0837,5.08380,5.000
5,65.688,24.38,5.1464,5.14645,5.000
5,65.750,26.05,5.2087,5.20880,5.000
5,65.812,27.82,5.2714,5.27152,5.000
5,65.875,29.66,5.3338,5.33390,5.000
5,65.938,31.62,5.3964,5.39650,5.000
5,66.000,33.67,5.4589,5.45900,5.000
5,66.062,35.82,5.5213,5.52140,5.000
5,66.125,38.11,5.5840,5.58405,5.000
5,66.188,40.59,5.6464,5.64650,5.000
5,66.250,43.21,5.7090,5.70910,5.000
5,66.312,46.10,5.7713,5.77140,5.000
5,66.375,49.22,5.8338,5.83395,5.000
5,66.500,51.19,5.8797,5.87980,5.000
5,66.562,44.10,5.8170,5.81708,5.000
5,66.625,38.62,5.7547,5.75475,5.000
5,66.688,34.25,5.6921,5.69220,5.000
5,66.750,30.62,5.6298,5.62990,5.000
5,66.812,27.46,5.5671,5.56715,5.000
5,66.875,24.71,5.5047,5.50480,5.000
5,66.938,22.29,5.4422,5.44225,5.000
5,67.000,20.14,5.3796,5.37970,5.000
5,67.062,18.21,5.3172,5.31725,5.000
5,67.125,16.49,5.2546,5.25465,5.000
5,67.188,14.93,5.1921,5.19223,5.000
5,67.250,13.61,5.1294,5.12950,5.000
5,67.312,12.39,5.0671,5.06720,5.000
5,67.375,11.28,5.0045,5.00460,5.000
5,67.438,10.33,4.9421,4.94223,5.000
5,67.500,9.52,4.8796,4.87970,5.000
5,67.562,8.77,4.8170,4.81708,5.000
5,67.625,8.06,4.7546,4.75465,5.000
5,67.688,7.40,4.6920,4.69210,5.000
5,67.750,6.80,4.6296,4.62970,5.000
5,67.812,6.24,4.5670,4.56710,5.000
5,67.875,5.70,4.5046,4.50470,5.000
5,67.938,5.22,4.4419,4.44200,5.000
5,68.000,4.78,4.3794,4.37950,5.000
5,68.062,4.37,4.3170,4.31710,5.000
5,68.125,4.00,4.2544,4.25450,5.000
5,68.188,3.67,4.1920,4.19207,5.000
5,68.250,3.35,4.1294,4.12950,5.000
5,68.312,3.07,4.0671,4.06715,5.000
5,68.375,2.80,4.0044,4.00450,5.000
5,68.438,2.55,3.9421,3.94218,5.000
5,68.500,2.29,3.8795,3.87960,5.000
5,68.562,2.08,3.8169,3.81700,5.000
5,68.625,1.85,3.7545,3.75460,5.000
5,68.688,1.64,3.6919,3.69198,5.000
5,68.750,1.44,3.6295,3.62960,5.000
5,68.812,1.27,3.5668,3.56693,5.000
5,68.875,1.10,3.5044,3.50455,5.000
5,68.938,0.95,3.4419,3.44203,5.000
5,69.000,0.81,3.3795,3.37960,5.000
5,69.062,0.67,3.3170,3.31713,5.000
5,69.125,0.55,3.2544,3.25450,5.000
5,69.188,0.44,3.1920,3.19205,5.000
5,69.250,0.35,3.1293,3.12940,5.000
5,69.312,0.28,3.0670,3.06710,5.000
5,69.375,0.21,3.0044,3.00450,5.000
5,69.438,0.15,2.9420,2.94210,5.000
5,69.500,0.10,2.8793,2.87940,5.000
5,69.562,0.07,2.8169,2.81703,5.000
5,69.625,0.05,2.7544,2.75450,5.000
5,69.688,0.03,2.6918,2.69188,5.000
5,69.750,0.02,2.6293,2.62940,5.000
5,69.812,0.01,2.5667,2.56683,5.000
5,69.875,0.01,2.5044,2.50450,5.000
5,69.938,0.01,2.4418,2.44190,5.000
5,70.000,0.01,2.3795,2.37960,5.000
5,70.062,0.00,2.3168,2.31690,5.000
5,70.125,0.00,2.2544,2.25450,5.000
5,70.188,0.00,2.1918,2.19190,5.000
5,70.250,-0.01,2.1293,2.12940,5.000
5,70.312,0.00,2.0669,2.06703,5.000
5,70.375,0.00,2.0042,2.00435,5.000
5,70.438,0.01,1.9419,1.94202,5.000
5,70.500,0.01,1.8792,1.87930,5.000
5,70.562,0.00,1.8170,1.81708,5.000
5,70.625,0.01,1.7543,1.75440,5.000
5,70.688,0.00,1.6918,1.69188,5.000
5,70.750,0.00,1.6294,1.62950,5.000
5,70.812,0.00,1.5668,1.56690,5.000
5,70.875,0.00,1.5044,1.50455,5.000
5,70.938,0.00,1.4417,1.44182,5.000
5,71.000,0.00,1.3794,1.37950,5.000
5,71.062,0.00,1.3167,1.31683,5.000
5,71.125,0.00,1.2543,1.25440,5.000
5,71.188,0.01,1.1917,1.19182,5.000
5,71.250,-0.01,1.1292,1.12930,5.000
5,71.312,0.00,1.0668,1.06693,5.000
5,71.375,0.01,1.0042,1.00430,5.000
5,71.438,0.00,0.9419,0.94195,5.000
5,71.500,0.00,0.8792,0.87930,5.000
5,71.562,0.00,0.8169,0.81700,5.000
5,71.625,0.00,0.7544,0.75445,5.000
5,71.688,0.01,0.6917,0.69182,5.000
5,71.750,0.00,0.6291,0.62920,5.000
5,71.812,0.01,0.5667,0.56678,5.000
5,71.875,0.00,0.5043,0.50440,5.000
5,71.938,-0.01,0.4418,0.44185,5.000
5,72.000,-0.01,0.3794,0.37950,5.000
5,72.062,0.00,0.3166,0.31673,5.000
5,72.125,0.00,0.2542,0.25435,5.000
5,72.188,0.00,0.1916,0.19168,5.000
5,72.250,0.01,0.1292,0.12930,5.000
5,72.312,0.01,0.0668,0.06688,5.000
5,72.375,0.00,0.0042,0.00425,5.000
5,72.500,0.00,-0.0204,-0.02030,5.000
5,72.562,0.01,-0.0003,-0.00020,5.000
5,72.625,0.01,-0.0004,-0.00030,5.000
5,72.688,0.01,-0.0004,-0.00030,5.000
5,72.750,0.00,-0.0003,-0.00020,5.000
5,72.812,0.00,-0.0003,-0.00020,5.000
5,72.875,0.01,-0.0003,-0.00020,5.000
5,72.938,0.00,-0.0003,-0.00020,5.000
5,73.000,-0.01,-0.0003,-0.00020,5.000
5,73.062,0.01,-0.0003,-0.00020,5.000
5,73.125,0.00,-0.0003,-0.00020,5.000
5,73.188,0.00,-0.0003,-0.00020,5.000
5,73.250,0.01,-0.0003,-0.00020,5.000
5,73.312,0.01,-0.0003,-0.00020,5.000
5,73.375,0.00,-0.0003,-0.00020,5.000
5,73.438,0.01,-0.0003,-0.00020,5.000
5,73.500,0.00,-0.0003,-0.00020,5.000
5,73.562,0.00,-0.0003,-0.00020,5.000
5,73.625,0.01,-0.0003,-0.00020,5.000
5,73.688,-0.01,-0.0003,-0.00020,5.000
5,73.750,0.01,-0.0003,-0.00020,5.000
5,73.812,0.01,-0.0003,-0.00020,5.000
5,73.875,0.00,-0.0003,-0.00020,5.000
5,73.938,0.00,-0.0003,-0.00020,5.000
5,74.000,0.01,-0.0003,-0.00020,5.000
5,74.062,0.01,-0.0003,-0.00020,5.000
5,74.125,0.01,-0.0003,-0.00020,5.000
5,74.188,0.00,-0.0003,-0.00020,5.000
5,74.250,0.01,-0.0003,-0.00020,5.000
5,74.312,0.00,-0.0003,-0.00020,5.000
5,74.375,-0.01,-0.0003,-0.00020,5.000
5,74.438,0.00,-0.0003,-0.00020,5.000
5,74.500,-0.01,-0.0003,-0.00020,5.000
5,74.562,0.00,-0.0003,-0.00020,5.000
5,74.625,0.00,-0.0003,-0.00020,5.000
5,74.688,0.00,-0.0003,-0.00020,5.000
5,74.750,0.00,-0.0003,-0.00020,5.000
5,74.812,0.00,-0.0003,-0.00020,5.000
5,74.875,0.00,-0.0003,-0.00020,5.000
5,74.938,0.00,-0.0003,-0.00020,5.000
5,75.000,0.00,-0.0003,-0.00020,5.000
5,75.062,0.00,-0.0003,-0.00020,5.000
5,75.125,0.00,-0.0002,-0.00010,5.000
5,75.188,0.00,-0.0002,-0.00010,5.000
5,75.250,0.00,-0.0002,-0.00010,5.000
5,75.312,0.00,-0.0002,-0.00010,5.000
5,75.375,0.00,-0.0002,-0.00010,5.000
5,75.438,0.01,-0.0002,-0.00010,5.000
5,75.500,0.00,-0.0002,-0.00010,5.000
6,75.750,0.00,0.0696,0.06970,6.000
6,75.812,-0.01,0.1320,0.13212,6.000
6,75.875,-0.02,0.1944,0.19455,6.000
6,75.938,0.00,0.2571,0.25720,6.000
6,76.000,-0.04,0.3195,0.31960,6.000
6,76.062,-0.01,0.3822,0.38235,6.000
6,76.125,-0.01,0.4446,0.44475,6.000
6,76.188,-0.01,0.5072,0.50730,6.000
6,76.250,-0.01,0.5696,0.56970,6.000
6,76.312,-0.02,0.6319,0.63205,6.000
6,76.375,-0.01,0.6946,0.69470,6.000
6,76.438,-0.02,0.7571,0.75722,6.000
6,76.500,-0.01,0.8198,0.81990,6.000
6,76.562,-0.01,0.8821,0.88220,6.000
6,76.625,-0.01,0.9448,0.94485,6.000
6,76.688,-0.01,1.0071,1.00720,6.000
6,76.750,-0.01,1.0696,1.06970,6.000
6,76.812,-0.01,1.1322,1.13230,6.000
6,76.875,-0.01,1.1946,1.19475,6.000
6,76.938,-0.02,1.2572,1.25730,6.000
6,77.000,-0.01,1.3195,1.31960,6.000
6,77.062,-0.02,1.3822,1.38232,6.000
6,77.125,-0.01,1.4446,1.44475,6.000
6,77.188,-0.02,1.5072,1.50732,6.000
6,77.250,-0.01,1.5697,1.56980,6.000
6,77.312,-0.01,1.6323,1.63237,6.000
6,77.375,-0.01,1.6948,1.69485,6.000
6,77.438,-0.01,1.7572,1.75732,6.000
6,77.500,-0.02,1.8198,1.81990,6.000
6,77.562,-0.02,1.8822,1.88235,6.000
6,77.625,-0.02,1.9448,1.94485,6.000
6,77.688,-0.01,2.0071,2.00723,6.000
6,77.750,-0.01,2.0698,2.06990,6.000
6,77.812,-0.02,2.1322,2.13230,6.000
6,77.875,-0.01,2.1948,2.19485,6.000
6,77.938,-0.01,2.2573,2.25738,6.000
6,78.000,-0.01,2.3196,2.31970,6.000
6,78.062,0.01,2.3823,2.38242,6.000
6,78.125,0.01,2.4447,2.44480,6.000
6,78.188,0.03,2.5074,2.50748,6.000
6,78.250,0.04,2.5696,2.56970,6.000
6,78.312,0.07,2.6322,2.63227,6.000
6,78.375,0.10,2.6947,2.69480,6.000
6,78.438,0.14,2.7572,2.75725,6.000
6,78.500,0.21,2.8198,2.81990,6.000
6,78.562,0.28,2.8822,2.88230,6.000
6,78.625,0.38,2.9448,2.94490,6.000
6,78.688,0.50,3.0072,3.00730,6.000
6,78.750,0.64,3.0698,3.06990,6.000
6,78.812,0.80,3.1322,3.13230,6.000
6,78.875,0.99,3.1948,3.19490,6.000
6,78.938,1.20,3.2574,3.25748,6.000
6,79.000,1.43,3.3199,3.32000,6.000
6,79.062,1.69,3.3823,3.38242,6.000
6,79.125,1.97,3.4447,3.44480,6.000
6,79.188,2.28,3.5074,3.50748,6.000
6,79.250,2.63,3.5697,3.56980,6.000
6,79.312,2.99,3.6324,3.63247,6.000
6,79.375,3.39,3.6948,3.69490,6.000
6,79.438,3.81,3.7573,3.75743,6.000
6,79.500,4.27,3.8198,3.81990,6.000
6,79.562,4.77,3.8823,3.88240,6.000
6,79.625,5.30,3.9450,3.94505,6.000
6,79.688,5.85,4.0073,4.00740,6.000
6,79.750,6.44,4.0699,4.07000,6.000
6,79.812,7.05,4.1322,4.13232,6.000
6,79.875,7.69,4.1949,4.19495,6.000
6,79.938,8.37,4.2574,4.25745,6.000
6,80.000,9.06,4.3198,4.31990,6.000
6,80.062,9.79,4.3823,4.38242,6.000
6,80.125,10.56,4.4448,4.44485,6.000
6,80.188,11.35,4.5074,4.50750,6.000
6,80.250,12.25,4.5697,4.56980,6.000
6,80.312,13.30,4.6325,4.63257,6.000
6,80.375,14.38,4.6948,4.69490,6.000
6,80.438,15.51,4.7574,4.75750,6.000
6,80.500,16.72,4.8198,4.81990,6.000
6,80.562,18.02,4.8823,4.88240,6.000
6,80.625,19.38,4.9449,4.94495,6.000
6,80.688,20.82,5.0072,5.00732,6.000
6,80.750,22.31,5.0698,5.06990,6.000
6,80.812,23.89,5.1322,5.13230,6.000
6,80.875,25.53,5.1949,5.19500,6.000
6,80.938,27.27,5.2573,5.25738,6.000
6,81.000,29.10,5.3199,5.32000,6.000
6,81.062,31.00,5.3824,5.38250,6.000
6,81.125,33.02,5.4448,5.44490,6.000
6,81.188,35.12,5.5073,5.50740,6.000
6,81.250,37.39,5.5697,5.56980,6.000
6,81.312,39.81,5.6325,5.63265,6.000
6,81.375,42.42,5.6949,5.69495,6.000
6,81.438,45.20,5.7573,5.75742,6.000
6,81.500,48.24,5.8198,5.81990,6.000
6,81.688,47.10,5.8530,5.85305,6.000
6,81.750,40.91,5.7905,5.79060,6.000
6,81.812,36.11,5.7280,5.72813,6.000
6,81.875,32.18,5.6657,5.66580,6.000
6,81.938,28.85,5.6032,5.60328,6.000
6,82.000,25.92,5.5406,5.54070,6.000
6,82.062,23.33,5.4781,5.47823,6.000
6,82.125,21.07,5.4156,5.41570,6.000
6,82.188,19.04,5.3533,5.35338,6.000
6,82.250,17.23,5.2905,5.29060,6.000
6,82.312,15.60,5.2282,5.22828,6.000
6,82.375,14.20,5.1656,5.16565,6.000
6,82.438,12.92,5.1030,5.10312,6.000
6,82.500,11.75,5.0405,5.04060,6.000
6,82.562,10.71,4.9781,4.97815,6.000
6,82.625,9.87,4.9155,4.91565,6.000
6,82.688,9.10,4.8530,4.85310,6.000
6,82.750,8.36,4.7906,4.79070,6.000
6,82.812,7.68,4.7279,4.72803,6.000
6,82.875,7.05,4.6655,4.66565,6.000
6,82.938,6.47,4.6031,4.60318,6.000
6,83.000,5.94,4.5406,4.54070,6.000
6,83.062,5.43,4.4780,4.47805,6.000
6,83.125,4.97,4.4154,4.41555,6.000
6,83.188,4.55,4.3530,4.35310,6.000
6,83.250,4.16,4.2903,4.29040,6.000
6,83.312,3.80,4.2280,4.22810,6.000
6,83.375,3.48,4.1654,4.16550,6.000
6,83.438,3.19,4.1030,4.10310,6.000
6,83.500,2.92,4.0405,4.04060,6.000
6,83.562,2.65,3.9780,3.97813,6.000
6,83.625,2.41,3.9156,3.91565,6.000
6,83.688,2.17,3.8529,3.85302,6.000
6,83.750,1.94,3.7906,3.79070,6.000
6,83.812,1.71,3.7279,3.72795,6.000
6,83.875,1.52,3.6655,3.66560,6.000
6,83.938,1.34,3.6029,3.60300,6.000
6,84.000,1.17,3.5404,3.54050,6.000
6,84.062,1.01,3.4779,3.47803,6.000
6,84.125,0.86,3.4154,3.41545,6.000
6,84.188,0.72,3.3530,3.35310,6.000
6,84.250,0.58,3.2904,3.29050,6.000
6,84.312,0.48,3.2279,3.22803,6.000
6,84.375,0.38,3.1653,3.16540,6.000
6,84.438,0.30,3.1030,3.10308,6.000
6,84.500,0.22,3.0404,3.04050,6.000
6,84.562,0.16,2.9780,2.97808,6.000
6,84.625,0.11,2.9154,2.91550,6.000
6,84.688,0.07,2.8528,2.85288,6.000
6,84.750,0.04,2.7904,2.79050,6.000
6,84.812,0.03,2.7278,2.72790,6.000
6,84.875,0.01,2.6654,2.66550,6.000
6,84.938,0.00,2.6027,2.60280,6.000
6,85.000,0.00,2.5403,2.54040,6.000
6,85.062,0.01,2.4779,2.47795,6.000
6,85.125,0.00,2.4154,2.41550,6.000
6,85.188,0.00,2.3529,2.35303,6.000
6,85.250,-0.01,2.2903,2.29040,6.000
6,85.312,-0.01,2.2279,2.22798,6.000
6,85.375,-0.01,2.1653,2.16535,6.000
6,85.438,-0.01,2.1029,2.10300,6.000
6,85.500,0.00,2.0402,2.04030,6.000
6,85.562,0.00,1.9778,1.97790,6.000
6,85.625,-0.01,1.9152,1.91530,6.000
6,85.688,-0.01,1.8529,1.85300,6.000
6,85.750,-0.01,1.7905,1.79060,6.000
6,85.812,-0.01,1.7279,1.72795,6.000
6,85.875,-0.02,1.6653,1.66540,6.000
6,85.938,-0.02,1.6028,1.60285,6.000
6,86.000,-0.01,1.5404,1.54050,6.000
6,86.062,-0.01,1.4778,1.47793,6.000
6,86.125,-0.01,1.4154,1.41550,6.000
6,86.188,-0.01,1.3528,1.35285,6.000
6,86.250,0.00,1.2902,1.29030,6.000
6,86.312,-0.01,1.2278,1.22790,6.000
6,86.375,-0.01,1.1652,1.16525,6.000
6,86.438,-0.01,1.1028,1.10290,6.000
6,86.500,-0.01,1.0401,1.04020,6.000
6,86.562,-0.02,0.9779,0.97795,6.000
6,86.625,-0.01,0.9152,0.91525,6.000
6,86.688,-0.01,0.8528,0.85292,6.000
6,86.750,-0.02,0.7904,0.79050,6.000
6,86.812,-0.01,0.7277,0.72780,6.000
6,86.875,0.00,0.6652,0.66530,6.000
6,86.938,-0.01,0.6025,0.60258,6.000
6,87.000,-0.01,0.5402,0.54030,6.000
6,87.062,-0.01,0.4777,0.47783,6.000
6,87.125,-0.01,0.4154,0.41545,6.000
6,87.188,-0.02,0.3528,0.35285,6.000
6,87.250,-0.01,0.2903,0.29040,6.000
6,87.312,-0.01,0.2277,0.22775,6.000
6,87.375,-0.01,0.1651,0.16520,6.000
6,87.438,-0.01,0.1028,0.10288,6.000
6,87.500,-0.01,0.0400,0.04010,6.000
6,87.562,-0.01,-0.0222,-0.02210,6.000
6,87.688,-0.01,-0.0119,-0.01183,6.000
6,87.750,-0.01,-0.0004,-0.00030,6.000
6,87.812,-0.01,-0.0004,-0.00030,6.000
6,87.875,-0.01,-0.0004,-0.00030,6.000
6,87.938,-0.02,-0.0003,-0.00020,6.000
6,88.000,-0.01,-0.0004,-0.00030,6.000
6,88.062,0.00,-0.0003,-0.00020,6.000
6,88.125,-0.01,-0.0003,-0.00020,6.000
6,88.188,-0.01,-0.0003,-0.00020,6.000
6,88.250,-0.01,-0.0003,-0.00020,6.000
6,88.312,-0.02,-0.0003,-0.00020,6.000
6,88.375,-0.01,-0.0003,-0.00020,6.000
6,88.438,-0.02,-0.0003,-0.00020,6.000
6,88.500,-0.01,-0.0003,-0.00020,6.000
6,88.562,0.00,-0.0003,-0.00020,6.000
6,88.625,-0.01,-0.0003,-0.00020,6.000
6,88.688,-0.01,-0.0003,-0.00020,6.000
6,88.750,-0.01,-0.0003,-0.00020,6.000
6,88.812,-0.01,-0.0003,-0.00020,6.000
6,88.875,-0.01,-0.0003,-0.00020,6.000
6,88.938,-0.01,-0.0003,-0.00020,6.000
6,89.000,-0.01,-0.0003,-0.00020,6.000
6,89.062,0.00,-0.0003,-0.00020,6.000
6,89.125,-0.01,-0.0003,-0.00020,6.000
6,89.188,-0.01,-0.0003,-0.00020,6.000
6,89.250,-0.02,-0.0003,-0.00020,6.000
6,89.312,-0.01,-0.0003,-0.00020,6.000
6,89.375,-0.01,-0.0003,-0.00020,6.000
6,89.438,0.00,-0.0003,-0.00020,6.000
6,89.500,-0.01,-0.0003,-0.00020,6.000
6,89.562,-0.01,-0.0003,-0.00020,6.000
6,89.625,-0.01,-0.0003,-0.00020,6.000
6,89.688,-0.01,-0.0003,-0.00020,6.000
6,89.750,-0.01,-0.0003,-0.00020,6.000
6,89.812,-0.01,-0.0003,-0.00020,6.000
6,89.875,0.00,-0.0003,-0.00020,6.000
6,89.938,-0.01,-0.0003,-0.00020,6.000
6,90.000,-0.01,-0.0003,-0.00020,6.000
6,90.062,-0.01,-0.0003,-0.00020,6.000
6,90.125,-0.01,-0.0003,-0.00020,6.000
6,90.188,-0.01,-0.0003,-0.00020,6.000
6,90.250,-0.01,-0.0003,-0.00020,6.000
6,90.312,-0.01,-0.0003,-0.00020,6.000
6,90.375,-0.01,-0.0002,-0.00015,6.000
6,90.438,-0.02,-0.0002,-0.00010,6.000
6,90.500,0.00,-0.0002,-0.00010,6.000
6,90.562,-0.01,-0.0002,-0.00010,6.000
6,90.625,-0.01,-0.0002,-0.00010,6.000
7,90.875,0.00,0.0536,0.05365,7.000
7,90.938,0.00,0.1160,0.11605,7.000
7,91.000,0.00,0.1786,0.17870,7.000
7,91.062,0.01,0.2409,0.24102,7.000
7,91.125,-0.01,0.3037,0.30375,7.000
7,91.188,0.00,0.3662,0.36625,7.000
7,91.250,0.00,0.4287,0.42880,7.000
7,91.312,0.01,0.4912,0.49130,7.000
7,91.375,0.00,0.5536,0.55370,7.000
7,91.438,-0.01,0.6160,0.61610,7.000
7,91.500,0.00,0.6784,0.67850,7.000
7,91.562,0.01,0.7412,0.74132,7.000
7,91.625,0.00,0.8037,0.80375,7.000
7,91.688,0.00,0.8663,0.86638,7.000
7,91.750,0.01,0.9286,0.92870,7.000
7,91.812,0.00,0.9912,0.99135,7.000
7,91.875,0.00,1.0537,1.05380,7.000
7,91.938,0.00,1.1161,1.11618,7.000
7,92.000,0.00,1.1786,1.17870,7.000
7,92.062,0.00,1.2410,1.24115,7.000
7,92.125,0.00,1.3038,1.30385,7.000
7,92.188,0.00,1.3662,1.36625,7.000
7,92.250,0.00,1.4287,1.42880,7.000
7,92.312,-0.01,1.4912,1.49132,7.000
7,92.375,0.00,1.5538,1.55390,7.000
7,92.438,0.01,1.6163,1.61638,7.000
7,92.500,-0.01,1.6786,1.67870,7.000
7,92.562,0.00,1.7414,1.74147,7.000
7,92.625,0.01,1.8038,1.80385,7.000
7,92.688,0.00,1.8664,1.86648,7.000
7,92.750,-0.01,1.9286,1.92870,7.000
7,92.812,0.00,1.9912,1.99130,7.000
7,92.875,0.00,2.0537,2.05380,7.000
7,92.938,0.01,2.1162,2.11628,7.000
7,93.000,0.01,2.1788,2.17890,7.000
7,93.062,0.01,2.2412,2.24130,7.000
7,93.125,0.00,2.3039,2.30395,7.000
7,93.188,0.02,2.3662,2.36630,7.000
7,93.250,0.02,2.4289,2.42900,7.000
7,93.312,0.03,2.4912,2.49132,7.000
7,93.375,0.05,2.5538,2.55385,7.000
7,93.438,0.07,2.6162,2.61628,7.000
7,93.500,0.10,2.6786,2.67870,7.000
7,93.562,0.13,2.7412,2.74135,7.000
7,93.625,0.19,2.8037,2.80380,7.000
7,93.688,0.26,2.8663,2.86640,7.000
7,93.750,0.36,2.9287,2.92880,7.000
7,93.812,0.47,2.9913,2.99142,7.000
7,93.875,0.59,3.0538,3.05385,7.000
7,93.938,0.76,3.1163,3.11640,7.000
7,94.000,0.94,3.1788,3.17890,7.000
7,94.062,1.13,3.2412,3.24132,7.000
7,94.125,1.35,3.3039,3.30400,7.000
7,94.188,1.61,3.3662,3.36635,7.000
7,94.250,1.88,3.4288,3.42890,7.000
7,94.312,2.19,3.4912,3.49132,7.000
7,94.375,2.52,3.5538,3.55395,7.000
7,94.438,2.88,3.6163,3.61638,7.000
7,94.500,3.27,3.6788,3.67890,7.000
7,94.562,3.69,3.7413,3.74137,7.000
7,94.625,4.14,3.8038,3.80385,7.000
7,94.688,4.63,3.8663,3.86643,7.000
7,94.750,5.15,3.9288,3.92890,7.000
7,94.812,5.69,3.9914,3.99155,7.000
7,94.875,6.27,4.0537,4.05380,7.000
7,94.938,6.87,4.1164,4.11647,7.000
7,95.000,7.52,4.1789,4.17900,7.000
7,95.062,8.19,4.2413,4.24142,7.000
7,95.125,8.88,4.3038,4.30390,7.000
7,95.188,9.61,4.3662,4.36630,7.000
7,95.250,10.35,4.4289,4.42900,7.000
7,95.312,11.15,4.4912,4.49132,7.000
7,95.375,11.98,4.5539,4.55395,7.000
7,95.438,13.00,4.6163,4.61640,7.000
7,95.500,14.07,4.6789,4.67900,7.000
7,95.562,15.17,4.7413,4.74140,7.000
7,95.625,16.37,4.8038,4.80390,7.000
7,95.688,17.65,4.8664,4.86647,7.000
7,95.750,19.00,4.9287,4.92880,7.000
7,95.812,20.40,4.9914,4.99147,7.000
7,95.875,21.88,5.0536,5.05375,7.000
7,95.938,23.44,5.1163,5.11642,7.000
7,96.000,25.05,5.1787,5.17880,7.000
7,96.062,26.78,5.2413,5.24145,7.000
7,96.125,28.56,5.3039,5.30395,7.000
7,96.188,30.46,5.3664,5.36645,7.000
7,96.250,32.44,5.4288,5.42890,7.000
7,96.312,34.52,5.4912,5.49132,7.000
7,96.375,36.74,5.5540,5.55405,7.000
7,96.438,39.12,5.6164,5.61650,7.000
7,96.500,41.66,5.6789,5.67900,7.000
7,96.562,44.38,5.7414,5.74150,7.000
7,96.625,47.36,5.8038,5.80390,7.000
7,96.688,50.62,5.8663,5.86640,7.000
7,96.812,48.81,5.8671,5.86718,7.000
7,96.875,42.15,5.8044,5.80455,7.000
7,96.938,37.10,5.7421,5.74222,7.000
7,97.000,33.00,5.6796,5.67970,7.000
7,97.062,29.55,5.6172,5.61728,7.000
7,97.125,26.54,5.5546,5.55475,7.000
7,97.188,23.89,5.4920,5.49212,7.000
7,97.250,21.54,5.4297,5.42980,7.000
7,97.312,19.47,5.3671,5.36715,7.000
7,97.375,17.63,5.3046,5.30475,7.000
7,97.438,15.94,5.2422,5.24227,7.000
7,97.500,14.48,5.1796,5.17970,7.000
7,97.562,13.18,5.1171,5.11720,7.000
7,97.625,12.01,5.0544,5.05455,7.000
7,97.688,10.93,4.9921,4.99220,7.000
7,97.750,10.06,4.9294,4.92950,7.000
7,97.812,9.26,4.8672,4.86725,7.000
7,97.875,8.52,4.8045,4.80460,7.000
7,97.938,7.83,4.7420,4.74212,7.000
7,98.000,7.19,4.6796,4.67970,7.000
7,98.062,6.60,4.6171,4.61715,7.000
7,98.125,6.04,4.5546,4.55470,7.000
7,98.188,5.54,4.4920,4.49208,7.000
7,98.250,5.06,4.4296,4.42970,7.000
7,98.312,4.64,4.3669,4.36695,7.000
7,98.375,4.24,4.3044,4.30455,7.000
7,98.438,3.87,4.2420,4.24205,7.000
7,98.500,3.55,4.1795,4.17960,7.000
7,98.562,3.24,4.1169,4.11703,7.000
7,98.625,2.96,4.0544,4.05450,7.000
7,98.688,2.69,3.9920,3.99210,7.000
7,98.750,2.45,3.9294,3.92950,7.000
7,98.812,2.21,3.8670,3.86710,7.000
7,98.875,1.98,3.8044,3.80445,7.000
7,98.938,1.76,3.7420,3.74205,7.000
7,99.000,1.56,3.6795,3.67960,7.000
7,99.062,1.37,3.6169,3.61698,7.000
7,99.125,1.19,3.5545,3.55460,7.000
7,99.188,1.04,3.4918,3.49188,7.000
7,99.250,0.89,3.4295,3.42960,7.000
7,99.312,0.75,3.3669,3.36700,7.000
7,99.375,0.63,3.3046,3.30470,7.000
7,99.438,0.51,3.2420,3.24205,7.000
7,99.500,0.41,3.1794,3.17950,7.000
7,99.562,0.32,3.1169,3.11695,7.000
7,99.625,0.24,3.0544,3.05445,7.000
7,99.688,0.19,2.9920,2.99205,7.000
7,99.750,0.13,2.9293,2.92940,7.000
7,99.812,0.09,2.8669,2.86698,7.000
7,99.875,0.05,2.8043,2.80435,7.000
7,99.938,0.03,2.7419,2.74200,7.000
7,100.000,0.02,2.6792,2.67930,7.000
7,100.062,0.01,2.6168,2.61690,7.000
7,100.125,0.01,2.5542,2.55435,7.000
7,100.188,0.00,2.4918,2.49192,7.000
7,100.250,0.01,2.4295,2.42960,7.000
7,100.312,0.00,2.3668,2.36690,7.000
7,100.375,0.00,2.3044,2.30450,7.000
7,100.438,0.01,2.2418,2.24188,7.000
7,100.500,0.00,2.1794,2.17950,7.000
7,100.562,0.00,2.1168,2.11693,7.000
7,100.625,0.00,2.0543,2.05440,7.000
7,100.688,0.00,1.9918,1.99190,7.000
7,100.750,0.00,1.9292,1.92930,7.000
7,100.812,-0.01,1.8669,1.86700,7.000
7,100.875,0.00,1.8044,1.80445,7.000
7,100.938,0.00,1.7419,1.74200,7.000
7,101.000,0.00,1.6791,1.67920,7.000
7,101.062,0.00,1.6169,1.61703,7.000
7,101.125,0.00,1.5544,1.55445,7.000
7,101.188,-0.01,1.4918,1.49192,7.000
7,101.250,0.00,1.4294,1.42950,7.000
7,101.312,-0.02,1.3667,1.36680,7.000
7,101.375,0.01,1.3044,1.30445,7.000
7,101.438,-0.01,1.2418,1.24188,7.000
7,101.500,-0.01,1.1794,1.17950,7.000
7,101.562,0.00,1.1167,1.11683,7.000
7,101.625,0.00,1.0543,1.05440,7.000
7,101.688,0.01,0.9917,0.99180,7.000
7,101.750,0.00,0.9292,0.92930,7.000
7,101.812,0.00,0.8668,0.86693,7.000
7,101.875,0.00,0.8044,0.80445,7.000
7,101.938,0.00,0.7419,0.74200,7.000
7,102.000,0.00,0.6790,0.67910,7.000
7,102.062,0.00,0.6166,0.61673,7.000
7,102.125,0.00,0.5542,0.55425,7.000
7,102.188,0.00,0.4918,0.49185,7.000
7,102.250,0.00,0.4293,0.42940,7.000
7,102.312,0.00,0.3668,0.36693,7.000
7,102.375,0.00,0.3043,0.30435,7.000
7,102.438,0.00,0.2416,0.24165,7.000
7,102.500,0.00,0.1793,0.17940,7.000
7,102.562,0.00,0.1166,0.11668,7.000
7,102.625,0.00,0.0542,0.05430,7.000
7,102.688,0.00,-0.0083,-0.00818,7.000
7,102.812,0.00,-0.0097,-0.00963,7.000
7,102.875,0.00,-0.0004,-0.00030,7.000
7,102.938,0.00,-0.0004,-0.00030,7.000
7,103.000,0.00,-0.0004,-0.00030,7.000
7,103.062,0.00,-0.0004,-0.00030,7.000
7,103.125,0.00,-0.0004,-0.00030,7.000
7,103.188,0.00,-0.0004,-0.00030,7.000
7,103.250,0.00,-0.0004,-0.00030,7.000
7,103.312,0.00,-0.0004,-0.00030,7.000
7,103.375,0.00,-0.0004,-0.00030,7.000
7,103.438,0.00,-0.0004,-0.00030,7.000
7,103.500,0.00,-0.0004,-0.00030,7.000
7,103.562,0.01,-0.0004,-0.00030,7.000
7,103.625,0.00,-0.0004,-0.00030,7.000
7,103.688,0.00,-0.0003,-0.00020,7.000
7,103.750,0.00,-0.0003,-0.00020,7.000
7,103.812,0.00,-0.0003,-0.00020,7.000
7,103.875,0.00,-0.0003,-0.00020,7.000
7,103.938,0.00,-0.0003,-0.00020,7.000
7,104.000,0.00,-0.0003,-0.00020,7.000
7,104.062,0.00,-0.0003,-0.00020,7.000
7,104.125,0.00,-0.0003,-0.00020,7.000
7,104.188,0.00,-0.0003,-0.00020,7.000
7,104.250,0.00,-0.0003,-0.00020,7.000
7,104.312,0.00,-0.0003,-0.00020,7.000
7,104.375,0.00,-0.0003,-0.00020,7.000
7,104.438,0.00,-0.0003,-0.00020,7.000
7,104.500,0.01,-0.0003,-0.00020,7.000
7,104.562,0.00,-0.0003,-0.00020,7.000
7,104.625,0.00,-0.0003,-0.00020,7.000
7,104.688,0.00,-0.0003,-0.00020,7.000
7,104.750,0.00,-0.0003,-0.00020,7.000
7,104.812,0.00,-0.0003,-0.00020,7.000
7,104.875,0.00,-0.0003,-0.00020,7.000
7,104.938,0.00,-0.0003,-0.00020,7.000
7,105.000,-0.01,-0.0003,-0.00020,7.000
7,105.062,0.01,-0.0003,-0.00020,7.000
7,105.125,0.00,-0.0003,-0.00020,7.000
7,105.188,0.00,-0.0003,-0.00020,7.000
7,105.250,0.00,-0.0003,-0.00020,7.000
7,105.312,0.00,-0.0003,-0.00020,7.000
7,105.375,0.00,-0.0003,-0.00020,7.000
7,105.438,-0.01,-0.0003,-0.00020,7.000
7,105.500,0.01,-0.0002,-0.00010,7.000
7,105.562,0.00,-0.0002,-0.00010,7.000
7,105.625,0.00,-0.0002,-0.00010,7.000
7,105.688,0.00,-0.0002,-0.00010,7.000
7,105.750,0.00,-0.0002,-0.00010,7.000
8,106.000,0.00,0.0586,0.05870,8.000
8,106.062,0.00,0.1209,0.12102,8.000
8,106.125,0.00,0.1836,0.18370,8.000
8,106.188,-0.01,0.2462,0.24625,8.000
8,106.250,0.00,0.3088,0.30890,8.000
8,106.312,0.00,0.3711,0.37125,8.000
8,106.375,-0.01,0.4336,0.43375,8.000
8,106.438,0.00,0.4963,0.49638,8.000
8,106.500,-0.01,0.5585,0.55860,8.000
8,106.562,0.00,0.6211,0.62120,8.000
8,106.625,0.00,0.6835,0.68360,8.000
8,106.688,0.00,0.7463,0.74638,8.000
8,106.750,0.00,0.8087,0.80880,8.000
8,106.812,-0.02,0.8713,0.87140,8.000
8,106.875,-0.01,0.9337,0.93380,8.000
8,106.938,0.00,0.9962,0.99630,8.000
8,107.000,0.00,1.0587,1.05880,8.000
8,107.062,-0.01,1.1211,1.12125,8.000
8,107.125,-0.01,1.1838,1.18385,8.000
8,107.188,-0.01,1.2461,1.24623,8.000
8,107.250,-0.01,1.3088,1.30890,8.000
8,107.312,0.00,1.3711,1.37120,8.000
8,107.375,-0.01,1.4338,1.43385,8.000
8,107.438,0.00,1.4962,1.49635,8.000
8,107.500,0.00,1.5588,1.55890,8.000
8,107.562,0.00,1.6212,1.62135,8.000
8,107.625,-0.01,1.6836,1.68375,8.000
8,107.688,-0.01,1.7464,1.74652,8.000
8,107.750,0.00,1.8088,1.80890,8.000
8,107.812,-0.01,1.8713,1.87140,8.000
8,107.875,0.00,1.9337,1.93380,8.000
8,107.938,-0.01,1.9962,1.99633,8.000
8,108.000,0.00,2.0588,2.05890,8.000
8,108.062,0.00,2.1211,2.12122,8.000
8,108.125,0.00,2.1838,2.18385,8.000
8,108.188,-0.01,2.2462,2.24628,8.000
8,108.250,-0.01,2.3088,2.30890,8.000
8,108.312,0.00,2.3712,2.37127,8.000
8,108.375,0.02,2.4339,2.43400,8.000
8,108.438,0.02,2.4963,2.49642,8.000
8,108.500,0.04,2.5587,2.55880,8.000
8,108.562,0.06,2.6212,2.62130,8.000
8,108.625,0.09,2.6836,2.68375,8.000
8,108.688,0.13,2.7463,2.74638,8.000
8,108.750,0.19,2.8087,2.80880,8.000
8,108.812,0.26,2.8713,2.87145,8.000
8,108.875,0.36,2.9338,2.93390,8.000
8,108.938,0.46,2.9963,2.99643,8.000
8,109.000,0.61,3.0587,3.05880,8.000
8,109.062,0.76,3.1212,3.12135,8.000
8,109.125,0.94,3.1838,3.18390,8.000
8,109.188,1.14,3.2463,3.24635,8.000
8,109.250,1.36,3.3089,3.30900,8.000
8,109.312,1.61,3.3712,3.37135,8.000
8,109.375,1.89,3.4338,3.43395,8.000
8,109.438,2.20,3.4963,3.49638,8.000
8,109.500,2.53,3.5589,3.55900,8.000
8,109.562,2.90,3.6213,3.62142,8.000
8,109.625,3.28,3.6839,3.68395,8.000
8,109.688,3.69,3.7465,3.74658,8.000
8,109.750,4.14,3.8088,3.80890,8.000
8,109.812,4.63,3.8714,3.87150,8.000
8,109.875,5.15,3.9338,3.93390,8.000
8,109.938,5.69,3.9964,3.99650,8.000
8,110.000,6.27,4.0588,4.05890,8.000
8,110.062,6.88,4.1214,4.12152,8.000
8,110.125,7.50,4.1838,4.18390,8.000
8,110.188,8.17,4.2463,4.24640,8.000
8,110.250,8.85,4.3089,4.30900,8.000
8,110.312,9.58,4.3713,4.37140,8.000
8,110.375,10.32,4.4339,4.43400,8.000
8,110.438,11.13,4.4963,4.49638,8.000
8,110.500,11.95,4.5589,4.55900,8.000
8,110.562,12.95,4.6213,4.62142,8.000
8,110.625,14.03,4.6838,4.68395,8.000
8,110.688,15.14,4.7463,4.74640,8.000
8,110.750,16.31,4.8087,4.80880,8.000
8,110.812,17.61,4.8713,4.87142,8.000
8,110.875,18.97,4.9338,4.93385,8.000
8,110.938,20.38,4.9963,4.99645,8.000
8,111.000,21.84,5.0586,5.05870,8.000
8,111.062,23.39,5.1213,5.12137,8.000
8,111.125,25.01,5.1838,5.18390,8.000
8,111.188,26.73,5.2462,5.24635,8.000
8,111.250,28.50,5.3089,5.30900,8.000
8,111.312,30.40,5.3713,5.37140,8.000
8,111.375,32.37,5.4339,5.43400,8.000
8,111.438,34.45,5.4962,5.49633,8.000
8,111.500,36.68,5.5590,5.55910,8.000
8,111.562,39.04,5.6214,5.62150,8.000
8,111.625,41.58,5.6840,5.68405,8.000
8,111.688,44.30,5.7464,5.74648,8.000
8,111.750,47.28,5.8088,5.80890,8.000
8,111.812,50.52,5.8714,5.87147,8.000
8,111.938,49.64,5.8820,5.88212,8.000
8,112.000,42.74,5.8195,5.81960,8.000
8,112.062,37.58,5.7571,5.75715,8.000
8,112.125,33.41,5.6946,5.69465,8.000
8,112.188,29.89,5.6322,5.63232,8.000
8,112.250,26.85,5.5695,5.56960,8.000
8,112.312,24.15,5.5071,5.50720,8.000
8,112.375,21.78,5.4446,5.44470,8.000
8,112.438,19.68,5.3821,5.38220,8.000
8,112.500,17.80,5.3198,5.31990,8.000
8,112.562,16.11,5.2571,5.25720,8.000
8,112.625,14.61,5.1946,5.19475,8.000
8,112.688,13.31,5.1320,5.13210,8.000
8,112.750,12.13,5.0696,5.06970,8.000
8,112.812,11.02,5.0070,5.00713,8.000
8,112.875,10.14,4.9446,4.94465,8.000
8,112.938,9.33,4.8820,4.88215,8.000
8,113.000,8.58,4.8196,4.81970,8.000
8,113.062,7.91,4.7570,4.75713,8.000
8,113.125,7.25,4.6945,4.69460,8.000
8,113.188,6.64,4.6322,4.63225,8.000
8,113.250,6.09,4.5695,4.56960,8.000
8,113.312,5.59,4.5070,4.50710,8.000
8,113.375,5.11,4.4444,4.44455,8.000
8,113.438,4.66,4.3820,4.38205,8.000
8,113.500,4.28,4.3195,4.31960,8.000
8,113.562,3.90,4.2569,4.25698,8.000
8,113.625,3.58,4.1945,4.19460,8.000
8,113.688,3.28,4.1318,4.13195,8.000
8,113.750,2.99,4.0696,4.06970,8.000
8,113.812,2.73,4.0069,4.00700,8.000
8,113.875,2.47,3.9446,3.94465,8.000
8,113.938,2.24,3.8820,3.88205,8.000
8,114.000,2.01,3.8194,3.81950,8.000
8,114.062,1.79,3.7570,3.75705,8.000
8,114.125,1.58,3.6944,3.69455,8.000
8,114.188,1.39,3.6321,3.63218,8.000
8,114.250,1.21,3.5693,3.56940,8.000
8,114.312,1.06,3.5070,3.50708,8.000
8,114.375,0.91,3.4443,3.44440,8.000
8,114.438,0.77,3.3820,3.38210,8.000
8,114.500,0.63,3.3196,3.31970,8.000
8,114.562,0.51,3.2570,3.25708,8.000
8,114.625,0.42,3.1944,3.19455,8.000
8,114.688,0.33,3.1317,3.13182,8.000
8,114.750,0.26,3.0695,3.06960,8.000
8,114.812,0.19,3.0069,3.00700,8.000
8,114.875,0.13,2.9444,2.94455,8.000
8,114.938,0.09,2.8818,2.88195,8.000
8,115.000,0.06,2.8195,2.81960,8.000
8,115.062,0.04,2.7569,2.75695,8.000
8,115.125,0.02,2.6944,2.69445,8.000
8,115.188,0.01,2.6318,2.63195,8.000
8,115.250,0.01,2.5692,2.56930,8.000
8,115.312,0.00,2.5069,2.50700,8.000
8,115.375,0.00,2.4443,2.44440,8.000
8,115.438,0.00,2.3819,2.38202,8.000
8,115.500,-0.01,2.3193,2.31940,8.000
8,115.562,-0.01,2.2568,2.25690,8.000
8,115.625,-0.02,2.1944,2.19445,8.000
8,115.688,-0.02,2.1318,2.13188,8.000
8,115.750,0.00,2.0693,2.06940,8.000
8,115.812,-0.01,2.0068,2.00688,8.000
8,115.875,-0.01,1.9443,1.94440,8.000
8,115.938,-0.02,1.8817,1.88180,8.000
8,116.000,-0.02,1.8194,1.81950,8.000
8,116.062,-0.01,1.7568,1.75693,8.000
8,116.125,0.00,1.6944,1.69445,8.000
8,116.188,-0.01,1.6319,1.63198,8.000
8,116.250,0.00,1.5693,1.56940,8.000
8,116.312,0.00,1.5069,1.50700,8.000
8,116.375,0.00,1.4444,1.44445,8.000
8,116.438,-0.01,1.3819,1.38198,8.000
8,116.500,0.00,1.3192,1.31930,8.000
8,116.562,-0.01,1.2568,1.25693,8.000
8,116.625,-0.01,1.1943,1.19440,8.000
8,116.688,-0.01,1.1317,1.13180,8.000
8,116.750,-0.01,1.0693,1.06940,8.000
8,116.812,-0.01,1.0067,1.00680,8.000
8,116.875,-0.01,0.9443,0.94440,8.000
8,116.938,-0.01,0.8817,0.88183,8.000
8,117.000,0.00,0.8195,0.81960,8.000
8,117.062,0.00,0.7568,0.75690,8.000
8,117.125,-0.01,0.6942,0.69430,8.000
8,117.188,-0.01,0.6316,0.63170,8.000
8,117.250,0.00,0.5691,0.56920,8.000
8,117.312,-0.01,0.5068,0.50685,8.000
8,117.375,-0.01,0.4442,0.44430,8.000
8,117.438,0.00,0.3818,0.38190,8.000
8,117.500,0.00,0.3192,0.31930,8.000
8,117.562,-0.01,0.2568,0.25685,8.000
8,117.625,0.00,0.1941,0.19420,8.000
8,117.688,0.00,0.1317,0.13180,8.000
8,117.750,-0.01,0.0692,0.06930,8.000
8,117.812,-0.01,0.0066,0.00670,8.000
8,117.938,0.00,-0.0232,-0.02313,8.000
8,118.000,-0.01,-0.0003,-0.00020,8.000
8,118.062,-0.01,-0.0003,-0.00020,8.000
8,118.125,-0.01,-0.0004,-0.00025,8.000
8,118.188,-0.01,-0.0003,-0.00020,8.000
8,118.250,-0.01,-0.0003,-0.00020,8.000
8,118.312,-0.02,-0.0003,-0.00020,8.000
8,118.375,-0.01,-0.0003,-0.00020,8.000
8,118.438,-0.01,-0.0003,-0.00020,8.000
8,118.500,-0.01,-0.0003,-0.00020,8.000
8,118.562,0.00,-0.0003,-0.00020,8.000
8,118.625,0.00,-0.0003,-0.00020,8.000
8,118.688,-0.01,-0.0003,-0.00020,8.000
8,118.750,-0.01,-0.0003,-0.00020,8.000
8,118.812,-0.01,-0.0003,-0.00020,8.000
8,118.875,0.00,-0.0003,-0.00020,8.000
8,118.938,-0.01,-0.0003,-0.00020,8.000
8,119.000,0.00,-0.0003,-0.00020,8.000
8,119.062,-0.01,-0.0003,-0.00020,8.000
8,119.125,-0.01,-0.0003,-0.00020,8.000
8,119.188,-0.01,-0.0003,-0.00020,8.000
8,119.250,-0.01,-0.0003,-0.00020,8.000
8,119.312,-0.01,-0.0003,-0.00020,8.000
8,119.375,0.00,-0.0003,-0.00020,8.000
8,119.438,0.00,-0.0003,-0.00020,8.000
8,119.500,-0.01,-0.0003,-0.00020,8.000
8,119.562,-0.01,-0.0003,-0.00020,8.000
8,119.625,-0.02,-0.0003,-0.00020,8.000
8,119.688,-0.01,-0.0003,-0.00020,8.000
8,119.750,0.00,-0.0003,-0.00020,8.000
8,119.812,-0.01,-0.0003,-0.00020,8.000
8,119.875,-0.01,-0.0003,-0.00020,8.000
8,119.938,0.00,-0.0003,-0.00020,8.000
8,120.000,-0.01,-0.0003,-0.00020,8.000
8,120.062,0.00,-0.0003,-0.00020,8.000
8,120.125,-0.01,-0.0003,-0.00020,8.000
8,120.188,0.00,-0.0003,-0.00020,8.000
8,120.250,-0.01,-0.0003,-0.00020,8.000
8,120.312,-0.01,-0.0003,-0.00020,8.000
8,120.375,-0.01,-0.0003,-0.00020,8.000
8,120.438,-0.01,-0.0003,-0.00020,8.000
8,120.500,0.00,-0.0003,-0.00020,8.000
8,120.562,0.00,-0.0002,-0.00010,8.000
8,120.625,-0.01,-0.0002,-0.00010,8.000
8,120.688,-0.01,-0.0002,-0.00010,8.000
8,120.750,0.00,-0.0002,-0.00010,8.000
8,120.812,0.00,-0.0002,-0.00010,8.000
8,120.875,0.00,-0.0002,-0.00010,8.000
9,121.125,0.00,0.0435,0.04360,9.000
9,121.188,0.00,0.1061,0.10620,9.000
9,121.250,-0.03,0.1684,0.16850,9.000
9,121.312,0.00,0.2310,0.23115,9.000
9,121.375,-0.01,0.2937,0.29375,9.000
9,121.438,-0.01,0.3561,0.35618,9.000
9,121.500,-0.01,0.4188,0.41890,9.000
9,121.562,0.00,0.4811,0.48120,9.000
9,121.625,-0.01,0.5436,0.54375,9.000
9,121.688,0.00,0.6060,0.60608,9.000
9,121.750,0.00,0.6686,0.66870,9.000
9,121.812,-0.01,0.7311,0.73122,9.000
9,121.875,-0.01,0.7938,0.79390,9.000
9,121.938,0.00,0.8562,0.85635,9.000
9,122.000,0.00,0.9186,0.91870,9.000
9,122.062,-0.01,0.9812,0.98130,9.000
9,122.125,0.00,1.0436,1.04375,9.000
9,122.188,0.00,1.1061,1.10622,9.000
9,122.250,0.00,1.1686,1.16870,9.000
9,122.312,0.00,1.2312,1.23135,9.000
9,122.375,0.00,1.2937,1.29380,9.000
9,122.438,0.00,1.3562,1.35625,9.000
9,122.500,0.00,1.4187,1.41880,9.000
9,122.562,0.00,1.4812,1.48127,9.000
9,122.625,0.00,1.5438,1.54390,9.000
9,122.688,0.00,1.6062,1.60630,9.000
9,122.750,0.00,1.6687,1.66880,9.000
9,122.812,-0.01,1.7313,1.73137,9.000
9,122.875,0.00,1.7938,1.79390,9.000
9,122.938,0.00,1.8562,1.85635,9.000
9,123.000,0.00,1.9187,1.91880,9.000
9,123.062,0.00,1.9812,1.98132,9.000
9,123.125,0.00,2.0436,2.04375,9.000
9,123.188,-0.01,2.1063,2.10640,9.000
9,123.250,0.00,2.1686,2.16870,9.000
9,123.312,0.00,2.2313,2.23140,9.000
9,123.375,0.00,2.2937,2.29380,9.000
9,123.438,0.01,2.3563,2.35635,9.000
9,123.500,0.01,2.4189,2.41900,9.000
9,123.562,0.02,2.4813,2.48142,9.000
9,123.625,0.03,2.5438,2.54390,9.000
9,123.688,0.05,2.6061,2.60623,9.000
9,123.750,0.08,2.6688,2.66890,9.000
9,123.812,0.13,2.7311,2.73125,9.000
9,123.875,0.17,2.7938,2.79390,9.000
9,123.938,0.23,2.8563,2.85638,9.000
9,124.000,0.33,2.9189,2.91900,9.000
9,124.062,0.43,2.9814,2.98147,9.000
9,124.125,0.56,3.0438,3.04390,9.000
9,124.188,0.70,3.1064,3.10648,9.000
9,124.250,0.88,3.1686,3.16870,9.000
9,124.312,1.07,3.2313,3.23142,9.000
9,124.375,1.28,3.2938,3.29390,9.000
9,124.438,1.53,3.3564,3.35653,9.000
9,124.500,1.80,3.4188,3.41890,9.000
9,124.562,2.10,3.4813,3.48145,9.000
9,124.625,2.42,3.5438,3.54395,9.000
9,124.688,2.77,3.6063,3.60640,9.000
9,124.750,3.15,3.6689,3.66900,9.000
9,124.812,3.57,3.7313,3.73140,9.000
9,124.875,4.01,3.7938,3.79395,9.000
9,124.938,4.48,3.8563,3.85640,9.000
9,125.000,4.99,3.9190,3.91910,9.000
9,125.062,5.53,3.9813,3.98142,9.000
9,125.125,6.11,4.0437,4.04385,9.000
9,125.188,6.71,4.1063,4.10640,9.000
9,125.250,7.34,4.1687,4.16880,9.000
9,125.312,8.00,4.2312,4.23135,9.000
9,125.375,8.69,4.2937,4.29385,9.000
9,125.438,9.41,4.3563,4.35640,9.000
9,125.500,10.15,4.4187,4.41880,9.000
9,125.562,10.94,4.4813,4.48137,9.000
9,125.625,11.75,4.5438,4.54390,9.000
9,125.688,12.71,4.6063,4.60638,9.000
9,125.750,13.76,4.6689,4.66900,9.000
9,125.812,14.86,4.7313,4.73140,9.000
9,125.875,16.01,4.7938,4.79395,9.000
9,125.938,17.28,4.8563,4.85638,9.000
9,126.000,18.61,4.9190,4.91910,9.000
9,126.062,20.00,4.9812,4.98135,9.000
9,126.125,21.46,5.0437,5.04385,9.000
9,126.188,22.99,5.1062,5.10632,9.000
9,126.250,24.60,5.1687,5.16880,9.000
9,126.312,26.27,5.2313,5.23142,9.000
9,126.375,28.06,5.2938,5.29390,9.000
9,126.438,29.91,5.3564,5.35650,9.000
9,126.500,31.86,5.4187,5.41880,9.000
9,126.562,33.90,5.4814,5.48147,9.000
9,126.625,36.09,5.5438,5.54390,9.000
9,126.688,38.42,5.6064,5.60645,9.000
9,126.750,40.91,5.6691,5.66920,9.000
9,126.812,43.59,5.7313,5.73140,9.000
9,126.875,46.49,5.7938,5.79395,9.000
9,126.938,49.69,5.8562,5.85630,9.000
9,127.062,51.40,5.8970,5.89713,9.000
9,127.125,44.16,5.8346,5.83465,9.000
9,127.188,38.71,5.7720,5.77210,9.000
9,127.250,34.31,5.7097,5.70980,9.000
9,127.312,30.66,5.6471,5.64718,9.000
9,127.375,27.51,5.5847,5.58480,9.000
9,127.438,24.74,5.5222,5.52228,9.000
9,127.500,22.31,5.4596,5.45970,9.000
9,127.562,20.13,5.3972,5.39725,9.000
9,127.625,18.22,5.3347,5.33475,9.000
9,127.688,16.48,5.2722,5.27235,9.000
9,127.750,14.94,5.2096,5.20970,9.000
9,127.812,13.62,5.1472,5.14725,9.000
9,127.875,12.38,5.0845,5.08460,9.000
9,127.938,11.28,5.0220,5.02212,9.000
9,128.000,10.34,4.9596,4.95970,9.000
9,128.062,9.52,4.8970,4.89710,9.000
9,128.125,8.75,4.8346,4.83470,9.000
9,128.188,8.06,4.7720,4.77210,9.000
9,128.250,7.39,4.7095,4.70960,9.000
9,128.312,6.78,4.6470,4.64715,9.000
9,128.375,6.21,4.5846,4.58470,9.000
9,128.438,5.69,4.5220,4.52210,9.000
9,128.500,5.21,4.4595,4.45960,9.000
9,128.562,4.76,4.3970,4.39713,9.000
9,128.625,4.35,4.3344,4.33450,9.000
9,128.688,3.98,4.2720,4.27210,9.000
9,128.750,3.65,4.2093,4.20940,9.000
9,128.812,3.33,4.1470,4.14708,9.000
9,128.875,3.04,4.0844,4.08450,9.000
9,128.938,2.78,4.0220,4.02205,9.000
9,129.000,2.53,3.9595,3.95960,9.000
9,129.062,2.28,3.8969,3.89700,9.000
9,129.125,2.05,3.8345,3.83460,9.000
9,129.188,1.82,3.7719,3.77200,9.000
9,129.250,1.62,3.7096,3.70970,9.000
9,129.312,1.42,3.6469,3.64700,9.000
9,129.375,1.24,3.5845,3.58455,9.000
9,129.438,1.08,3.5220,3.52205,9.000
9,129.500,0.93,3.4594,3.45950,9.000
9,129.562,0.79,3.3970,3.39710,9.000
9,129.625,0.65,3.3345,3.33455,9.000
9,129.688,0.54,3.2720,3.27213,9.000
9,129.750,0.43,3.2093,3.20940,9.000
9,129.812,0.33,3.1469,3.14700,9.000
9,129.875,0.26,3.0843,3.08440,9.000
9,129.938,0.19,3.0220,3.02208,9.000
9,130.000,0.13,2.9594,2.95950,9.000
9,130.062,0.08,2.8968,2.89690,9.000
9,130.125,0.06,2.8344,2.83445,9.000
9,130.188,0.03,2.7718,2.77193,9.000
9,130.250,0.03,2.7094,2.70950,9.000
9,130.312,0.02,2.6467,2.64680,9.000
9,130.375,0.01,2.5842,2.58435,9.000
9,130.438,0.00,2.5217,2.52180,9.000
9,130.500,0.01,2.4594,2.45950,9.000
9,130.562,0.00,2.3969,2.39700,9.000
9,130.625,-0.01,2.3343,2.33440,9.000
9,130.688,-0.01,2.2719,2.27198,9.000
9,130.750,0.01,2.2092,2.20930,9.000
9,130.812,-0.01,2.1469,2.14698,9.000
9,130.875,-0.01,2.0842,2.08435,9.000
9,130.938,-0.01,2.0218,2.02193,9.000
9,131.000,0.00,1.9592,1.95930,9.000
9,131.062,0.00,1.8968,1.89693,9.000
9,131.125,-0.01,1.8344,1.83445,9.000
9,131.188,-0.01,1.7719,1.77195,9.000
9,131.250,-0.01,1.7093,1.70940,9.000
9,131.312,-0.01,1.6467,1.64682,9.000
9,131.375,-0.02,1.5844,1.58445,9.000
9,131.438,-0.01,1.5218,1.52188,9.000
9,131.500,-0.01,1.4594,1.45950,9.000
9,131.562,-0.01,1.3968,1.39692,9.000
9,131.625,-0.01,1.3342,1.33430,9.000
9,131.688,0.00,1.2717,1.27182,9.000
9,131.750,0.00,1.2092,1.20930,9.000
9,131.812,0.00,1.1468,1.14690,9.000
9,131.875,-0.02,1.0842,1.08430,9.000
9,131.938,-0.01,1.0219,1.02198,9.000
9,132.000,0.00,0.9593,0.95940,9.000
9,132.062,-0.02,0.8968,0.89695,9.000
9,132.125,0.00,0.8344,0.83450,9.000
9,132.188,-0.01,0.7719,0.77200,9.000
9,132.250,0.00,0.7093,0.70940,9.000
9,132.312,0.00,0.6466,0.64668,9.000
9,132.375,-0.01,0.5842,0.58430,9.000
9,132.438,0.00,0.5216,0.52175,9.000
9,132.500,0.00,0.4594,0.45950,9.000
9,132.562,-0.01,0.3967,0.39682,9.000
9,132.625,-0.01,0.3343,0.33435,9.000
9,132.688,0.00,0.2718,0.27185,9.000
9,132.750,0.00,0.2091,0.20920,9.000
9,132.812,0.00,0.1468,0.14688,9.000
9,132.875,-0.01,0.0841,0.08420,9.000
9,132.938,-0.01,0.0218,0.02188,9.000
9,133.062,-0.01,-0.0191,-0.01900,9.000
9,133.125,0.00,-0.0003,-0.00020,9.000
9,133.188,0.00,-0.0003,-0.00020,9.000
9,133.250,0.00,-0.0003,-0.00020,9.000
9,133.312,-0.01,-0.0003,-0.00020,9.000
9,133.375,0.00,-0.0003,-0.00020,9.000
9,133.438,0.00,-0.0003,-0.00020,9.000
9,133.500,-0.01,-0.0003,-0.00020,9.000
9,133.562,0.00,-0.0003,-0.00020,9.000
9,133.625,0.00,-0.0003,-0.00020,9.000
9,133.688,0.00,-0.0003,-0.00020,9.000
9,133.750,-0.01,-0.0003,-0.00020,9.000
9,133.812,0.00,-0.0003,-0.00020,9.000
9,133.875,0.00,-0.0003,-0.00020,9.000
9,133.938,0.00,-0.0003,-0.00020,9.000
9,134.000,-0.01,-0.0003,-0.00020,9.000
9,134.062,0.00,-0.0003,-0.00020,9.000
9,134.125,0.00,-0.0003,-0.00020,9.000
9,134.188,0.00,-0.0003,-0.00020,9.000
9,134.250,0.00,-0.0003,-0.00020,9.000
9,134.312,0.00,-0.0003,-0.00020,9.000
9,134.375,0.00,-0.0003,-0.00020,9.000
9,134.438,0.00,-0.0003,-0.00020,9.000
9,134.500,-0.01,-0.0003,-0.00020,9.000
9,134.562,-0.01,-0.0003,-0.00020,9.000
9,134.625,0.00,-0.0003,-0.00020,9.000
9,134.688,0.00,-0.0003,-0.00020,9.000
9,134.750,0.01,-0.0003,-0.00020,9.000
9,134.812,-0.01,-0.0003,-0.00020,9.000
9,134.875,0.00,-0.0003,-0.00020,9.000
9,134.938,-0.01,-0.0003,-0.00020,9.000
9,135.000,-0.01,-0.0003,-0.00020,9.000
9,135.062,-0.01,-0.0003,-0.00020,9.000
9,135.125,-0.01,-0.0003,-0.00020,9.000
9,135.188,-0.01,-0.0003,-0.00020,9.000
9,135.250,-0.01,-0.0003,-0.00020,9.000
9,135.312,-0.01,-0.0003,-0.00020,9.000
9,135.375,0.00,-0.0003,-0.00020,9.000
9,135.438,-0.01,-0.0003,-0.00020,9.000
9,135.500,-0.01,-0.0003,-0.00020,9.000
9,135.562,-0.01,-0.0002,-0.00010,9.000
9,135.625,0.00,-0.0002,-0.00010,9.000
9,135.688,-0.01,-0.0002,-0.00010,9.000
9,135.750,0.00,-0.0002,-0.00010,9.000
9,135.812,-0.01,-0.0002,-0.00010,9.000
9,135.875,-0.01,-0.0002,-0.00010,9.000
9,135.938,0.00,-0.0002,-0.00010,9.000
9,136.000,-0.02,-0.0002,-0.00010,9.000
10,136.312,-0.01,0.0711,0.07122,10.000
10,136.375,-0.01,0.1335,0.13360,10.000
10,136.438,-0.01,0.1960,0.19605,10.000
10,136.500,-0.01,0.2587,0.25880,10.000
10,136.562,-0.01,0.3211,0.32118,10.000
10,136.625,-0.01,0.3837,0.38380,10.000
10,136.688,-0.01,0.4461,0.44620,10.000
10,136.750,0.00,0.5088,0.50890,10.000
10,136.812,-0.01,0.5710,0.57108,10.000
10,136.875,-0.01,0.6335,0.63355,10.000
10,136.938,-0.01,0.6961,0.69618,10.000
10,137.000,-0.01,0.7586,0.75870,10.000
10,137.062,-0.01,0.8213,0.82140,10.000
10,137.125,-0.01,0.8836,0.88375,10.000
10,137.188,-0.01,0.9463,0.94638,10.000
10,137.250,-0.01,1.0087,1.00880,10.000
10,137.312,-0.01,1.0712,1.07135,10.000
10,137.375,-0.01,1.1336,1.13370,10.000
10,137.438,-0.01,1.1962,1.19625,10.000
10,137.500,0.00,1.2587,1.25880,10.000
10,137.562,-0.01,1.3212,1.32125,10.000
10,137.625,0.00,1.3837,1.38380,10.000
10,137.688,-0.02,1.4462,1.44630,10.000
10,137.750,0.00,1.5087,1.50880,10.000
10,137.812,-0.01,1.5712,1.57125,10.000
10,137.875,0.00,1.6338,1.63390,10.000
10,137.938,-0.01,1.6962,1.69635,10.000
10,138.000,-0.01,1.7587,1.75880,10.000
10,138.062,-0.01,1.8213,1.82143,10.000
10,138.125,-0.01,1.8837,1.88380,10.000
10,138.188,-0.01,1.9463,1.94638,10.000
10,138.250,-0.01,2.0086,2.00870,10.000
10,138.312,-0.01,2.0713,2.07138,10.000
10,138.375,-0.01,2.1337,2.13380,10.000
10,138.438,-0.01,2.1963,2.19640,10.000
10,138.500,-0.01,2.2588,2.25890,10.000
10,138.562,0.01,2.3213,2.32138,10.000
10,138.625,0.00,2.3839,2.38395,10.000
10,138.688,0.02,2.4462,2.44635,10.000
10,138.750,0.02,2.5089,2.50900,10.000
10,138.812,0.04,2.5710,2.57115,10.000
10,138.875,0.07,2.6337,2.63380,10.000
10,138.938,0.10,2.6962,2.69628,10.000
10,139.000,0.13,2.7587,2.75880,10.000
10,139.062,0.19,2.8212,2.82130,10.000
10,139.125,0.26,2.8838,2.88385,10.000
10,139.188,0.36,2.9464,2.94648,10.000
10,139.250,0.47,3.0086,3.00870,10.000
10,139.312,0.60,3.0713,3.07140,10.000
10,139.375,0.76,3.1336,3.13375,10.000
10,139.438,0.95,3.1963,3.19640,10.000
10,139.500,1.15,3.2589,3.25900,10.000
10,139.562,1.37,3.3214,3.32153,10.000
10,139.625,1.63,3.3838,3.38395,10.000
10,139.688,1.91,3.4462,3.44633,10.000
10,139.750,2.21,3.5089,3.50900,10.000
10,139.812,2.55,3.5712,3.57135,10.000
10,139.875,2.91,3.6338,3.63395,10.000
10,139.938,3.31,3.6964,3.69648,10.000
10,140.000,3.74,3.7589,3.75900,10.000
10,140.062,4.17,3.8214,3.82148,10.000
10,140.125,4.67,3.8838,3.88395,10.000
10,140.188,5.18,3.9464,3.94650,10.000
10,140.250,5.74,4.0088,4.00890,10.000
10,140.312,6.32,4.0714,4.07147,10.000
10,140.375,6.93,4.1338,4.13390,10.000
10,140.438,7.56,4.1963,4.19642,10.000
10,140.500,8.24,4.2587,4.25880,10.000
10,140.562,8.92,4.3213,4.32138,10.000
10,140.625,9.65,4.3838,4.38385,10.000
10,140.688,10.41,4.4463,4.44640,10.000
10,140.750,11.20,4.5089,4.50900,10.000
10,140.812,12.04,4.5712,4.57132,10.000
10,140.875,13.05,4.6340,4.63405,10.000
10,140.938,14.13,4.6963,4.69638,10.000
10,141.000,15.25,4.7588,4.75890,10.000
10,141.062,16.44,4.8213,4.82140,10.000
10,141.125,17.73,4.8838,4.88390,10.000
10,141.188,19.08,4.9463,4.94640,10.000
10,141.250,20.50,5.0087,5.00880,10.000
10,141.312,21.97,5.0712,5.07132,10.000
10,141.375,23.53,5.1337,5.13380,10.000
10,141.438,25.16,5.1964,5.19650,10.000
10,141.500,26.88,5.2588,5.25890,10.000
10,141.562,28.68,5.3214,5.32155,10.000
10,141.625,30.57,5.3838,5.38390,10.000
10,141.688,32.53,5.4464,5.44645,10.000
10,141.750,34.62,5.5089,5.50900,10.000
10,141.812,36.85,5.5713,5.57142,10.000
10,141.875,39.23,5.6340,5.63410,10.000
10,141.938,41.81,5.6963,5.69640,10.000
10,142.000,44.56,5.7589,5.75900,10.000
10,142.062,47.54,5.8212,5.82132,10.000
10,142.250,46.04,5.8495,5.84960,10.000
10,142.312,40.06,5.7870,5.78715,10.000
10,142.375,35.40,5.7246,5.72470,10.000
10,142.438,31.59,5.6622,5.66230,10.000
10,142.500,28.30,5.5998,5.59990,10.000
10,142.562,25.44,5.5370,5.53712,10.000
10,142.625,22.91,5.4747,5.47480,10.000
10,142.688,20.68,5.4120,5.41210,10.000
10,142.750,18.70,5.3497,5.34980,10.000
10,142.812,16.91,5.2871,5.28717,10.000
10,142.875,15.31,5.2246,5.22470,10.000
10,142.938,13.93,5.1621,5.16217,10.000
10,143.000,12.67,5.0995,5.09960,10.000
10,143.062,11.53,5.0370,5.03712,10.000
10,143.125,10.56,4.9745,4.97460,10.000
10,143.188,9.72,4.9122,4.91225,10.000
10,143.250,8.94,4.8494,4.84950,10.000
10,143.312,8.21,4.7870,4.78715,10.000
10,143.375,7.54,4.7246,4.72465,10.000
10,143.438,6.91,4.6621,4.66215,10.000
10,143.500,6.33,4.5996,4.59970,10.000
10,143.562,5.79,4.5370,4.53708,10.000
10,143.625,5.31,4.4745,4.47460,10.000
10,143.688,4.85,4.4119,4.41200,10.000
10,143.750,4.44,4.3495,4.34960,10.000
10,143.812,4.05,4.2868,4.28695,10.000
10,143.875,3.71,4.2245,4.22460,10.000
10,143.938,3.39,4.1620,4.16205,10.000
10,144.000,3.10,4.0994,4.09950,10.000
10,144.062,2.82,4.0370,4.03712,10.000
10,144.125,2.56,3.9745,3.97460,10.000
10,144.188,2.32,3.9121,3.91218,10.000
10,144.250,2.08,3.8493,3.84940,10.000
10,144.312,1.86,3.7869,3.78703,10.000
10,144.375,1.64,3.7244,3.72455,10.000
10,144.438,1.45,3.6619,3.66203,10.000
10,144.500,1.27,3.5995,3.59960,10.000
10,144.562,1.10,3.5369,3.53698,10.000
10,144.625,0.95,3.4744,3.47455,10.000
10,144.688,0.80,3.4118,3.41192,10.000
10,144.750,0.67,3.3495,3.34960,10.000
10,144.812,0.56,3.2869,3.28703,10.000
10,144.875,0.45,3.2244,3.22450,10.000
10,144.938,0.35,3.1618,3.16190,10.000
10,145.000,0.28,3.0993,3.09940,10.000
10,145.062,0.20,3.0369,3.03698,10.000
10,145.125,0.14,2.9744,2.97450,10.000
10,145.188,0.09,2.9120,2.91208,10.000
10,145.250,0.05,2.8492,2.84930,10.000
10,145.312,0.03,2.7869,2.78700,10.000
10,145.375,0.02,2.7243,2.72440,10.000
10,145.438,0.01,2.6618,2.66192,10.000
10,145.500,0.00,2.5993,2.59940,10.000
10,145.562,-0.01,2.5368,2.53693,10.000
10,145.625,0.00,2.4744,2.47455,10.000
10,145.688,0.00,2.4119,2.41200,10.000
10,145.750,-0.01,2.3494,2.34950,10.000
10,145.812,0.00,2.2868,2.28685,10.000
10,145.875,-0.01,2.2244,2.22445,10.000
10,145.938,-0.01,2.1619,2.16195,10.000
10,146.000,-0.01,2.0994,2.09950,10.000
10,146.062,0.00,2.0368,2.03692,10.000
10,146.125,0.00,1.9742,1.97430,10.000
10,146.188,0.00,1.9118,1.91195,10.000
10,146.250,0.00,1.8492,1.84930,10.000
10,146.312,-0.01,1.7870,1.78710,10.000
10,146.375,-0.01,1.7243,1.72440,10.000
10,146.438,-0.01,1.6619,1.66198,10.000
10,146.500,0.00,1.5993,1.59940,10.000
10,146.562,0.00,1.5368,1.53695,10.000
10,146.625,-0.01,1.4744,1.47445,10.000
10,146.688,0.00,1.4118,1.41185,10.000
10,146.750,0.00,1.3494,1.34950,10.000
10,146.812,0.00,1.2867,1.28682,10.000
10,146.875,-0.01,1.2244,1.22445,10.000
10,146.938,-0.01,1.1617,1.16178,10.000
10,147.000,-0.01,1.0993,1.09940,10.000
10,147.062,-0.01,1.0366,1.03675,10.000
10,147.125,-0.01,0.9742,0.97430,10.000
10,147.188,-0.01,0.9118,0.91188,10.000
10,147.250,0.00,0.8493,0.84940,10.000
10,147.312,-0.01,0.7870,0.78708,10.000
10,147.375,-0.01,0.7242,0.72430,10.000
10,147.438,-0.01,0.6617,0.66180,10.000
10,147.500,0.00,0.5990,0.59910,10.000
10,147.562,-0.02,0.5368,0.53690,10.000
10,147.625,0.00,0.4743,0.47435,10.000
10,147.688,0.00,0.4117,0.41182,10.000
10,147.750,-0.01,0.3492,0.34930,10.000
10,147.812,0.00,0.2866,0.28672,10.000
10,147.875,0.00,0.2242,0.22435,10.000
10,147.938,-0.01,0.1616,0.16170,10.000
10,148.000,-0.01,0.0992,0.09930,10.000
10,148.062,0.00,0.0367,0.03678,10.000
10,148.188,0.00,-0.0319,-0.03175,10.000
10,148.250,-0.01,-0.0004,-0.00030,10.000
10,148.312,-0.01,-0.0003,-0.00020,10.000
10,148.375,0.00,-0.0003,-0.00020,10.000
10,148.438,-0.01,-0.0003,-0.00020,10.000
10,148.500,0.00,-0.0003,-0.00020,10.000
10,148.562,-0.01,-0.0003,-0.00020,10.000
10,148.625,-0.01,-0.0003,-0.00020,10.000
10,148.688,0.00,-0.0003,-0.00020,10.000
10,148.750,-0.01,-0.0003,-0.00020,10.000
10,148.812,-0.01,-0.0003,-0.00020,10.000
10,148.875,-0.01,-0.0003,-0.00020,10.000
10,148.938,-0.01,-0.0003,-0.00020,10.000
10,149.000,0.00,-0.0003,-0.00020,10.000
10,149.062,0.00,-0.0003,-0.00020,10.000
10,149.125,-0.01,-0.0003,-0.00020,10.000
10,149.188,-0.01,-0.0003,-0.00020,10.000
10,149.250,-0.01,-0.0003,-0.00020,10.000
10,149.312,0.00,-0.0003,-0.00020,10.000
10,149.375,-0.01,-0.0003,-0.00020,10.000
10,149.438,-0.02,-0.0003,-0.00020,10.000
10,149.500,-0.01,-0.0003,-0.00020,10.000
10,149.562,-0.01,-0.0003,-0.00020,10.000
10,149.625,-0.01,-0.0003,-0.00020,10.000
10,149.688,-0.01,-0.0003,-0.00020,10.000
10,149.750,-0.01,-0.0003,-0.00020,10.000
10,149.812,0.00,-0.0003,-0.00020,10.000
10,149.875,-0.01,-0.0003,-0.00020,10.000
10,149.938,-0.01,-0.0003,-0.00020,10.000
10,150.000,0.00,-0.0003,-0.00020,10.000
10,150.062,-0.01,-0.0003,-0.00020,10.000
10,150.125,-0.01,-0.0003,-0.00020,10.000
10,150.188,0.00,-0.0003,-0.00020,10.000
10,150.250,-0.01,-0.0003,-0.00020,10.000
10,150.312,-0.01,-0.0003,-0.00020,10.000
10,150.375,-0.01,-0.0003,-0.00020,10.000
10,150.438,-0.02,-0.0003,-0.00020,10.000
10,150.500,-0.01,-0.0002,-0.00010,10.000
10,150.562,0.00,-0.0002,-0.00010,10.000
10,150.625,-0.02,-0.0002,-0.00010,10.000
10,150.688,0.00,-0.0002,-0.00010,10.000
10,150.750,-0.01,-0.0002,-0.00010,10.000
10,150.812,-0.01,-0.0002,-0.00010,10.000
10,150.875,-0.02,-0.0002,-0.00010,10.000
10,150.938,0.00,-0.0002,-0.00010,10.000
10,151.000,0.00,-0.0002,-0.00010,10.000
10,151.062,-0.01,-0.0002,-0.00010,10.000
10,151.125,0.00,-0.0002,-0.00010,10.000


