
2146.82  2146.32  2147.28 
2146.82  2146.53  2147.28 
2146.82  2146.32  2147.28 
2147.02  2146.32  2147.28 
2146.82  2146.53  2147.28 
2146.82  2146.32  2147.28 
2153.80  2146.32  2147.07 
2146.82  2146.53  2147.28 
2146.82  2146.12  2147.49 
2146.82  2146.53  2147.28 
2146.82  2146.53  2147.28 
2146.82  2146.32  2147.49 
2147.02  2146.32  2147.28 
2146.82  2146.32  2147.28 
2147.02  2146.32  2147.07 
2146.82  2146.32  2147.07 
2146.82  2146.32  2147.28 
2146.82  2146.73  2147.07 
2146.82  2145.70  2147.28 
2146.82  2146.32  2147.28 
2147.02  2146.32  2147.07 
2147.02  2146.12  2147.28 
2146.82  2146.32  2147.07 
2147.02  2146.32  2147.28 
2146.82  2146.12  2147.28 
2147.02  2146.32  2147.07 
2147.02  2146.32  2147.28 
2146.82  2146.32  2147.28 
2146.82  2146.12  2147.07 
2146.82  2146.32  2147.07 
2146.82  2146.32  2147.28 
2146.82  2146.32  2147.28 
2146.82  2146.53  2147.28 
2146.82  2146.32  2147.28 
2146.82  2146.32  2147.07 
2146.82  2146.32  2147.07 
2146.82  2146.32  2147.07 
2146.82  2146.32  2147.07 
2146.82  2146.32  2147.28 
2146.61  2146.32  2147.07 
2146.82  2146.32  2147.28 
2146.82  2146.32  2147.28 
2146.82  2146.12  2147.28 
2147.02  2146.12  2147.28 
2146.61  2146.12  2147.28 
2146.82  2146.12  2147.28 
2146.82  2146.12  2147.28 
2146.82  2146.32  2147.07 
2146.82  2146.12  2147.28 
2153.80  2146.32  2147.28 
2146.82  2146.32  2147.07 
2146.82  2146.32  2147.28 
2146.82  2146.32  2147.28 
2146.82  2146.32  2147.28 
2146.61  2146.12  2147.28 
2147.02  2146.32  2147.07 
2147.02  2146.32  2147.07 
2147.02  2146.32  2147.28 
2147.02  2146.32  2147.49 
2146.82  2146.32  2147.28 
2146.61  2146.32  2147.28 
2146.82  2146.32  2147.49 
2147.02  2146.32  2147.28 
2146.82  2146.32  2147.28 
2147.02  2146.53  2147.28 
2146.82  2146.32  2147.07 
2146.61  2146.32  2147.28 
2146.82  2146.32  2147.28 
2146.82  2146.32  2147.28 
2147.23  2146.32  2147.28 
2146.82  2146.32  2147.49 
2146.82  2146.32  2147.28 
2148.46  2145.29  2147.28 
2147.02  2146.12  2147.28 
2146.82  2146.32  2147.28 
2146.82  2145.91  2147.28 
2147.02  2146.12  2147.28 
2146.82  2146.32  2147.28 
2146.82  2146.12  2147.28 
2146.82  2146.32  2147.28 
2146.61  2146.12  2147.07 
2146.82  2146.12  2147.28 
2146.82  2145.91  2147.28 
2147.02  2146.32  2147.49 
2147.02  2146.12  2147.28 
2147.02  2146.32  2147.49 
2147.02  2146.32  2147.28 
2146.82  2146.32  2147.07 
2147.02  2146.32  2147.28 
2147.02  2146.73  2147.28 
2147.02  2146.32  2147.28 
2147.02  2146.32  2147.28 
2147.44  2146.32  2147.28 
2146.82  2146.32  2147.49 
2147.02  2146.32  2147.28 
2146.82  2146.32  2147.07 
2146.82  2146.12  2147.28 
2147.02  2146.32  2147.28 
2146.82  2146.12  2147.07 
2146.82  2146.32  2147.28 
2146.82  2146.12  2147.28 
2146.82  2146.12  2147.28 
2147.02  2146.12  2147.07 
2147.02  2146.12  2147.28 
2146.82  2146.12  2147.28 
2147.02  2146.12  2147.28 
2147.02  2146.32  2147.28 
2147.02  2146.32  2147.49 
2147.02  2146.32  2147.28 
2146.82  2146.32  2147.28 
2147.02  2146.32  2147.28 
2147.02  2146.32  2147.28 
2146.82  2146.12  2147.07 
2146.82  2146.32  2147.28 
2146.82  2146.32  2147.49 
2153.80  2146.32  2147.28 
2146.82  2146.12  2147.28 
2146.82  2146.12  2147.28 
2146.82  2146.32  2147.28 
2147.02  2146.32  2147.49 
2146.82  2146.53  2147.49 
2146.82  2146.32  2147.28 
2146.82  2146.32  2147.07 
2146.82  2146.32  2147.28 
2146.82  2146.12  2147.28 
2146.82  2146.12  2147.28 
2146.61  2146.12  2147.28 
2146.82  2146.12  2147.28 
2147.02  2146.53  2147.28 
2146.82  2146.12  2147.28 
2146.82  2146.12  2147.49 
2147.02  2146.12  2147.28 
2146.82  2146.12  2147.28 
2147.02  2146.32  2147.28 
2146.82  2146.12  2147.49 
2147.44  2146.32  2147.28 
2147.02  2146.32  2147.28 
2146.82  2146.32  2147.28 
2147.23  2146.12  2147.49 
2146.82  2146.12  2147.28 
2147.02  2146.32  2147.28 
2146.82  2146.12  2147.49 
2146.82  2146.32  2147.49 
2147.02  2146.12  2147.49 
2147.02  2146.32  2147.49 
2147.02  2146.32  2147.49 
2147.02  2146.32  2147.28 
2147.02  2146.32  2147.28 
2146.82  2146.12  2147.49 
2147.02  2146.32  2147.28 
2146.82  2146.53  2147.49 
2146.82  2146.32  2147.28 
2147.02  2145.91  2147.49 
2147.02  2146.53  2147.28 
2146.82  2146.12  2147.49 
2146.82  2146.32  2147.49 
2146.82  2146.32  2147.28 
2146.82  2146.12  2147.28 
2153.19  2146.32  2147.28 
2147.02  2146.32  2147.49 
2146.82  2146.53  2147.49 
2146.82  2146.32  2147.28 
2146.82  2146.32  2147.28 
2147.02  2146.94  2147.28 
2147.02  2146.32  2147.28 
2146.61  2146.32  2147.28 
2147.02  2146.53  2147.49 
2146.82  2146.32  2147.28 
2146.82  2146.32  2147.49 
2146.82  2146.32  2147.28 
2146.82  2146.32  2147.49 
2147.02  2146.32  2147.28 
2146.82  2146.32  2147.28 
2147.02  2146.12  2147.28 
2147.02  2146.32  2147.49 
2146.82  2146.12  2147.49 
2146.61  2146.32  2147.28 
2147.02  2146.32  2147.28 
2146.82  2146.32  2147.49 
2147.02  2146.32  2147.28 
2146.82  2146.12  2147.28 
2147.23  2146.32  2147.49 
2146.82  2146.53  2147.49 
2147.02  2146.53  2147.28 
2147.02  2146.32  2147.28 
2146.82  2146.32  2147.28 
2147.02  2146.12  2147.28 
2146.82  2146.12  2147.28 
2147.02  2146.53  2147.28 
2146.82  2146.32  2147.28 
2147.02  2146.53  2147.28 
2146.82  2146.53  2147.07 
2146.82  2146.32  2147.28 
2147.02  2146.32  2147.49 
2146.82  2146.32  2147.28 
2146.82  2146.32  2147.49 
2147.02  2146.53  2147.49 
2146.82  2146.32  2147.49 
2146.82  2146.32  2147.28 
2146.82  2146.32  2147.28 
2146.82  2146.53  2147.49 
2147.02  2146.53  2147.28 
2147.02  2146.32  2147.28 
2146.82  2146.32  2147.49 
2150.72  2146.32  2147.49 
2147.02  2146.32  2147.28 
2146.82  2146.53  2147.07 
2146.82  2146.53  2147.28 
2147.02  2146.32  2147.28 
2146.82  2146.53  2147.28 
2146.82  2146.32  2147.28 
2147.02  2146.32  2147.49 
2147.02  2146.53  2147.49 
2146.82  2146.32  2147.49 
2146.82  2146.12  2147.28 
2146.82  2146.32  2147.49 
2147.02  2146.32  2147.28 
2146.82  2145.70  2147.28 
2146.82  2146.12  2147.28 
2146.82  2146.32  2147.28 
2146.82  2146.32  2147.28 
2147.02  2146.32  2147.28 
2146.82  2146.32  2147.28 
2146.82  2146.32  2147.49 
2147.23  2146.32  2147.28 
2147.02  2146.32  2147.28 
2147.02  2146.32  2147.28 
2152.98  2146.32  2147.49 
2146.82  2146.32  2147.07 
2146.82  2146.12  2147.28 
2147.02  2146.32  2147.28 
2146.82  2146.32  2147.49 
2147.02  2146.53  2147.49 
2147.02  2146.32  2147.28 
2146.82  2146.32  2147.07 
2147.02  2146.32  2147.28 
2147.02  2146.32  2147.28 
2147.02  2146.32  2147.07 
2147.02  2146.32  2147.28 
2147.02  2146.32  2147.28 
2146.82  2146.32  2147.28 
2146.82  2146.53  2147.28 
2147.02  2146.32  2147.28 
2146.82  2146.32  2147.28 
2147.02  2146.53  2147.49 
2146.82  2146.32  2147.49 
2146.82  2146.32  2147.28 
2147.23  2146.53  2147.28 
2147.02  2146.32  2147.49 
2147.02  2146.12  2147.49 
2147.02  2146.32  2147.49 
2147.02  2146.32  2147.49 
2147.02  2146.12  2147.70 
2147.02  2146.32  2147.28 
2147.02  2146.32  2147.49 
2147.02  2146.32  2147.28 
2147.02  2146.32  2147.28 
2147.02  2146.32  2147.28 
2146.82  2146.32  2148.96 
2147.02  2146.32  2147.28 
2146.82  2146.32  2151.91 
2147.02  2146.32  2147.28 
2146.82  2146.32  2153.59 
2146.82  2146.32  2147.49 
2146.82  2146.32  2154.22 
2147.02  2146.32  2147.49 
2147.02  2146.32  2154.22 
2146.82  2146.53  2147.28 
2146.82  2146.32  2154.43 
2147.02  2146.32  2147.28 
2154.01  2146.32  2154.22 
2147.02  2146.32  2147.28 
2147.02  2146.32  2152.33 
2147.02  2146.32  2147.28 
2147.02  2146.53  2150.01 
2146.82  2146.32  2147.49 
2146.82  2146.32  2148.75 
2146.82  2146.53  2147.28 
2146.82  2146.32  2147.91 
2147.02  2146.12  2147.28 
2146.82  2146.32  2147.28 
2146.82  2146.32  2147.28 
2147.02  2146.32  2147.28 
2147.02  2146.32  2147.28 
2147.02  2146.53  2147.49 
2146.82  2146.32  2147.28 
2147.02  2146.12  2147.28 
2147.02  2146.12  2147.28 
2146.82  2146.32  2147.28 
2147.02  2146.32  2147.28 
2147.44  2146.32  2147.28 
2146.82  2146.32  2147.28 
2147.02  2146.32  2147.07 
2147.02  2146.32  2147.28 
2147.02  2146.12  2147.28 
2147.02  2146.32  2147.49 
2147.02  2146.32  2147.28 
2147.02  2146.32  2147.49 
2147.02  2146.32  2147.28 
2147.02  2146.12  2147.28 
2147.02  2146.32  2147.49 
2146.82  2146.12  2147.28 
2147.02  2146.32  2147.49 
2146.82  2146.12  2147.49 
2147.02  2146.32  2147.49 
2147.02  2146.32  2147.28 
2146.82  2146.32  2147.28 
2147.02  2146.12  2147.49 
2147.23  2146.32  2147.28 
2147.02  2146.32  2147.28 
2147.02  2146.32  2147.49 
2147.02  2146.32  2147.28 
2147.02  2146.32  2147.28 
2147.02  2146.32  2147.49 
2147.02  2146.32  2147.28 
2147.02  2146.32  2147.28 
2154.01  2146.32  2147.28 
2147.02  2146.32  2147.28 
2147.02  2146.32  2147.28 
2147.02  2146.32  2147.49 
2147.02  2146.32  2147.28 
2147.02  2146.32  2147.28 
2146.82  2146.32  2147.49 
2147.02  2146.32  2147.28 
2147.02  2146.32  2147.49 
2146.82  2146.32  2147.28 
2147.02  2146.12  2147.28 
2147.02  2146.12  2147.28 
2146.82  2146.32  2147.49 
2147.02  2146.32  2147.28 
2147.02  2146.32  2147.28 
2146.82  2146.32  2147.49 
2147.02  2146.12  2147.49 
2147.02  2146.32  2147.49 
2147.02  2146.32  2147.49 
2146.82  2146.12  2147.28 
2147.02  2146.32  2147.28 
2147.02  2146.32  2147.28 
2146.82  2146.32  2147.49 
2154.01  2146.12  2147.28 
2147.02  2146.32  2147.28 
2146.82  2146.32  2147.28 
2147.02  2146.32  2147.28 
2147.02  2146.32  2147.49 
2146.82  2146.12  2147.28 
2147.02  2146.32  2147.49 
2147.23  2146.32  2147.28 
2147.02  2146.32  2147.49 
2147.02  2146.12  2147.49 
2147.02  2146.32  2147.28 
2146.82  2146.32  2147.28 
2147.02  2146.32  2147.28 
2147.02  2146.32  2147.49 
2147.02  2146.12  2147.49 
2147.02  2146.12  2147.49 
2147.23  2146.12  2147.49 
2147.02  2146.32  2147.28 
2147.23  2146.32  2147.49 
2147.23  2146.12  2147.49 
2147.23  2146.12  2147.28 
2146.82  2146.32  2147.28 
2147.02  2146.32  2147.49 
2152.57  2146.12  2147.49 
2147.02  2146.32  2147.70 
2147.02  2146.32  2147.49 
2147.23  2146.12  2147.49 
2147.02  2146.32  2147.49 
2147.02  2146.32  2147.28 
2147.23  2146.32  2147.49 
2147.02  2146.32  2147.28 
2147.02  2146.12  2147.49 
2147.02  2146.32  2147.28 
2146.82  2146.32  2147.49 
2147.02  2146.12  2147.49 
2147.02  2146.32  2147.49 
2147.02  2146.12  2147.28 
2147.23  2146.12  2147.49 
2146.82  2146.12  2147.28 
2147.02  2146.32  2147.49 
2146.82  2146.32  2147.49 
2147.02  2146.32  2147.28 
2147.02  2146.32  2147.28 
2147.02  2146.12  2147.49 
2147.23  2146.32  2147.49 
2146.82  2146.32  2147.49 
2147.23  2146.32  2147.49 
2147.23  2146.32  2147.49 
2147.02  2146.32  2147.49 
2154.01  2146.32  2147.49 
2147.02  2146.12  2147.28 
2146.82  2146.53  2147.28 
2147.02  2146.12  2147.49 
2147.02  2146.12  2147.28 
2147.23  2146.32  2147.49 
2147.02  2146.12  2147.28 
2147.02  2146.32  2147.49 
2147.23  2146.12  2147.49 
2147.02  2146.12  2147.49 
2147.02  2146.32  2147.49 
2147.02  2146.32  2147.49 
2147.02  2146.32  2147.49 
2147.02  2146.12  2147.49 
2147.02  2146.94  2147.49 
2147.02  2146.12  2147.49 
2147.02  2146.32  2147.49 
2147.02  2146.32  2147.49 
2147.02  2146.32  2147.49 
2147.02  2146.32  2147.28 
2147.23  2146.32  2147.28 
2147.02  2146.32  2147.49 
2146.82  2146.32  2147.49 
2147.64  2146.32  2147.49 
2147.23  2146.32  2147.49 
2147.23  2146.32  2147.49 
2147.02  2146.32  2147.49 
2147.02  2146.32  2147.49 
2147.02  2146.32  2147.49 
2147.23  2146.12  2147.28 
2147.02  2146.32  2147.49 
2147.02  2146.32  2147.28 
2147.02  2146.32  2147.28 
2147.02  2146.32  2147.28 
2147.02  2145.70  2147.28 
2147.02  2146.32  2147.28 
2147.02  2146.53  2147.28 
2147.02  2146.32  2147.28 
2146.82  2146.32  2147.49 
2146.82  2146.32  2147.49 
2147.02  2146.12  2147.28 
2147.02  2146.12  2147.49 
2147.23  2146.12  2147.49 
2147.02  2146.32  2147.49 
2147.02  2146.32  2147.49 
2147.02  2146.12  2147.49 
2153.60  2146.32  2147.49 
2147.02  2146.32  2147.28 
2147.02  2146.32  2147.28 
2147.02  2146.12  2147.49 
2147.02  2146.12  2147.28 
2147.02  2146.32  2147.28 
2147.02  2146.12  2147.28 
2147.02  2146.32  2147.28 
2147.02  2146.32  2147.49 
2147.02  2146.32  2147.28 
2147.02  2146.32  2147.28 
2147.02  2146.32  2147.28 
2147.02  2146.32  2147.28 
2147.02  2146.12  2147.49 
2146.82  2146.32  2147.49 
2147.02  2146.32  2147.49 
2147.02  2146.32  2147.28 
2146.82  2146.12  2147.49 
2147.23  2146.32  2147.49 
2146.82  2146.12  2147.49 
2146.82  2146.32  2147.28 
2147.02  2146.12  2147.49 
2147.02  2146.12  2147.49 
2147.44  2146.32  2147.49 
2147.23  2146.32  2147.49 
2147.02  2146.12  2147.28 
2147.02  2146.12  2147.49 
2147.23  2146.32  2147.28 
2147.02  2146.12  2147.28 
2147.02  2146.12  2147.28 
2146.82  2146.12  2147.49 
2147.02  2146.32  2147.49 
2147.02  2146.32  2147.49 
2147.23  2146.12  2147.28 
2147.02  2146.32  2147.49 
2147.02  2146.12  2147.49 
2147.23  2146.12  2147.49 
2147.02  2146.32  2147.49 
2147.02  2146.32  2147.49 
2147.02  2146.12  2147.49 
2147.23  2146.32  2147.49 
