
2146.82  2146.53  2147.28 
2147.02  2146.32  2147.49 
2147.02  2146.32  2147.28 
2146.82  2146.32  2147.49 
2147.02  2146.53  2147.28 
2147.02  2146.53  2147.49 
2147.02  2146.32  2147.28 
2146.82  2146.32  2147.28 
2147.02  2146.32  2147.28 
2147.23  2146.12  2147.28 
2147.44  2146.32  2147.28 
2147.02  2146.32  2147.49 
2146.82  2146.32  2147.28 
2147.02  2146.32  2147.49 
2147.02  2146.32  2147.28 
2147.02  2146.32  2147.49 
2147.02  2146.32  2147.28 
2147.02  2146.32  2147.28 
2147.02  2146.53  2147.49 
2147.02  2146.32  2147.28 
2146.82  2146.53  2147.28 
2147.02  2146.32  2147.70 
2147.02  2146.32  2147.28 
2146.82  2146.12  2147.28 
2147.02  2146.32  2147.28 
2147.02  2146.32  2147.28 
2146.82  2146.32  2147.49 
2147.02  2146.32  2147.28 
2147.02  2146.53  2147.28 
2147.02  2146.32  2147.28 
2147.02  2146.53  2147.28 
2146.82  2146.32  2147.28 
2146.82  2146.32  2147.49 
2154.21  2146.32  2147.28 
2147.02  2146.32  2147.49 
2147.02  2146.53  2147.28 
2147.02  2146.53  2147.49 
2147.02  2146.53  2147.49 
2146.82  2146.32  2147.49 
2147.02  2146.32  2147.28 
2147.02  2146.32  2147.49 
2147.02  2146.53  2147.28 
2146.82  2146.32  2147.28 
2147.02  2146.32  2147.28 
2146.82  2146.32  2147.28 
2147.02  2146.53  2147.28 
2146.82  2146.53  2147.49 
2146.82  2146.32  2147.28 
2146.82  2146.32  2147.07 
2146.82  2146.32  2147.49 
2147.02  2146.32  2147.28 
2146.82  2146.53  2147.49 
2147.23  2146.73  2147.28 
2147.44  2146.53  2147.28 
2147.02  2146.32  2147.28 
2147.02  2146.32  2147.28 
2152.98  2146.32  2147.28 
2147.02  2146.32  2147.28 
2147.02  2146.32  2147.49 
2147.02  2146.32  2147.49 
2147.02  2146.53  2147.28 
2147.02  2146.32  2147.28 
2147.23  2146.32  2147.28 
2147.02  2146.32  2147.28 
2146.82  2146.53  2147.49 
2147.02  2146.32  2147.49 
2147.02  2146.32  2147.07 
2147.02  2146.53  2147.28 
2147.02  2146.32  2147.28 
2147.02  2146.32  2147.28 
2147.02  2146.32  2147.49 
2147.02  2146.32  2147.28 
2147.02  2146.53  2147.28 
2147.02  2146.32  2147.28 
2146.82  2146.53  2147.49 
2147.02  2146.32  2147.28 
2146.82  2146.32  2147.49 
2147.02  2146.53  2147.28 
2147.02  2146.32  2147.28 
2151.54  2146.32  2147.28 
2146.82  2146.53  2147.28 
2147.02  2146.32  2147.28 
2147.02  2146.32  2147.49 
2147.02  2146.32  2147.49 
2147.02  2146.53  2147.70 
2146.82  2146.53  2147.28 
2147.02  2146.32  2147.28 
2146.82  2146.32  2147.28 
2146.82  2146.53  2147.28 
2147.02  2146.53  2147.28 
2147.02  2146.53  2147.28 
2146.82  2146.32  2147.28 
2146.82  2146.53  2147.49 
2146.82  2146.53  2147.28 
2147.02  2146.32  2147.28 
2147.02  2146.73  2147.49 
2147.02  2146.53  2147.49 
2147.02  2146.32  2147.28 
2147.02  2146.53  2147.49 
2146.82  2146.53  2147.28 
2147.02  2146.32  2147.49 
2147.02  2146.53  2147.49 
2154.01  2146.53  2147.28 
2147.02  2146.53  2147.28 
2147.02  2146.32  2147.28 
2146.82  2146.53  2147.49 
2147.02  2146.53  2147.28 
2146.82  2146.32  2147.49 
2147.23  2146.32  2147.28 
2147.02  2146.32  2147.28 
2146.82  2146.32  2147.49 
2146.82  2146.32  2147.28 
2146.82  2146.32  2147.28 
2147.23  2146.53  2147.49 
2147.02  2146.53  2147.28 
2147.02  2146.53  2147.28 
2147.02  2146.53  2147.28 
2147.02  2146.53  2147.28 
2146.82  2146.53  2147.49 
2147.02  2146.53  2147.28 
2146.82  2146.53  2147.28 
2147.02  2146.53  2147.49 
2147.02  2146.53  2147.70 
2147.02  2146.53  2147.28 
2147.02  2146.53  2147.28 
2152.57  2146.73  2147.07 
2146.82  2146.53  2147.28 
2147.02  2146.53  2147.49 
2146.82  2146.53  2147.28 
2146.82  2146.53  2147.49 
2147.02  2146.53  2147.28 
2147.02  2146.53  2147.07 
2147.02  2146.32  2147.28 
2146.82  2146.53  2147.49 
2147.02  2146.73  2147.28 
2147.02  2146.53  2147.28 
2147.02  2146.53  2147.28 
2147.02  2146.73  2147.28 
2147.02  2146.53  2147.28 
2146.82  2146.53  2147.28 
2146.82  2146.53  2147.49 
2147.02  2146.53  2147.28 
2146.82  2146.32  2147.28 
2147.02  2146.53  2147.28 
2146.82  2146.53  2147.49 
2147.23  2146.53  2147.49 
2147.02  2146.32  2147.49 
2146.82  2146.53  2147.28 
2147.44  2146.32  2147.28 
2147.02  2146.53  2147.28 
2147.02  2146.53  2147.28 
2154.01  2146.32  2147.28 
2146.82  2146.53  2147.49 
2147.02  2146.53  2147.28 
2147.02  2146.73  2147.28 
2146.82  2146.53  2147.28 
2146.82  2146.53  2147.49 
2146.82  2146.53  2147.49 
2147.02  2146.53  2147.49 
2146.82  2146.32  2147.49 
2147.02  2146.32  2147.28 
2146.82  2146.53  2147.28 
2147.02  2146.53  2147.49 
2147.02  2146.73  2147.28 
2147.02  2146.53  2147.49 
2147.02  2146.53  2147.70 
2146.82  2146.32  2147.28 
2146.82  2146.32  2147.28 
2146.82  2146.53  2147.49 
2147.02  2146.53  2147.49 
2147.02  2146.73  2147.28 
2146.82  2146.53  2147.49 
2147.02  2146.32  2147.28 
2146.82  2146.53  2147.49 
2153.80  2146.53  2147.49 
2147.02  2146.32  2147.49 
2147.02  2146.53  2147.28 
2147.02  2146.53  2147.49 
2146.82  2146.32  2147.28 
2147.02  2146.53  2147.49 
2146.82  2146.53  2147.28 
2147.02  2146.53  2149.59 
2147.02  2146.32  2147.28 
2146.82  2146.53  2152.12 
2147.02  2146.32  2147.49 
2147.02  2146.53  2153.38 
2147.02  2146.32  2147.28 
2147.02  2146.53  2153.80 
2147.02  2146.32  2147.49 
2146.82  2146.53  2154.22 
2147.02  2146.32  2147.28 
2146.82  2146.53  2154.43 
2147.23  2146.53  2147.28 
2147.02  2146.32  2154.43 
2147.23  2146.53  2147.49 
2146.82  2146.53  2154.22 
2147.02  2146.53  2147.28 
2147.85  2146.53  2154.43 
2147.02  2146.53  2147.28 
2146.82  2146.53  2151.07 
2147.02  2146.73  2147.49 
2147.02  2146.53  2149.38 
2147.02  2146.73  2147.28 
2147.02  2146.53  2147.70 
2147.02  2146.32  2147.28 
2147.02  2146.53  2147.28 
2147.02  2146.53  2147.28 
2147.02  2146.32  2147.28 
2147.02  2146.53  2147.49 
2146.82  2146.53  2147.49 
2147.02  2146.53  2147.28 
2147.02  2146.53  2147.28 
2147.02  2146.53  2147.49 
2146.82  2146.32  2147.28 
2147.02  2146.53  2147.28 
2147.02  2146.32  2147.28 
2146.82  2146.53  2147.49 
2154.01  2146.32  2147.49 
2146.82  2146.53  2147.28 
2147.02  2146.53  2147.28 
2147.02  2146.53  2147.28 
2146.82  2146.32  2147.28 
2147.02  2146.32  2147.49 
2147.02  2146.32  2147.49 
2147.02  2146.53  2147.28 
2147.02  2146.53  2147.28 
2146.82  2146.32  2147.28 
2147.02  2146.53  2147.49 
2147.02  2146.32  2147.28 
2147.02  2146.32  2147.49 
2147.02  2146.53  2147.28 
2146.82  2146.32  2147.28 
2147.02  2146.53  2147.28 
2147.02  2146.53  2147.28 
2146.82  2146.53  2147.28 
2147.02  2146.32  2147.28 
2147.02  2146.53  2147.49 
2147.02  2146.32  2147.49 
2146.82  2146.32  2147.28 
2147.02  2146.32  2147.28 
2154.01  2146.32  2147.28 
2147.02  2146.53  2147.28 
2147.02  2146.32  2147.49 
2146.82  2146.32  2147.28 
2146.82  2146.32  2147.49 
2146.82  2146.32  2147.28 
2147.02  2146.32  2147.28 
2147.02  2146.32  2147.28 
2146.82  2146.32  2147.28 
2147.02  2146.32  2147.28 
2146.82  2146.32  2147.28 
2147.02  2146.32  2147.28 
2146.82  2146.32  2147.49 
2147.02  2146.32  2147.49 
2147.02  2146.53  2147.28 
2147.23  2146.32  2147.28 
2147.02  2146.32  2147.28 
2146.82  2146.53  2147.28 
2147.02  2146.53  2147.28 
2147.02  2146.32  2147.28 
2146.82  2146.32  2147.49 
2146.82  2146.32  2147.28 
2147.02  2146.53  2147.49 
2147.23  2146.32  2147.49 
2147.02  2146.53  2147.49 
2147.02  2146.53  2147.28 
2147.64  2146.53  2147.28 
2147.02  2146.32  2147.28 
2147.02  2146.53  2147.49 
2147.02  2146.53  2147.28 
2147.02  2146.53  2147.28 
2147.02  2146.53  2147.28 
2147.02  2146.53  2147.28 
2147.02  2146.32  2147.28 
2147.02  2146.32  2147.49 
2147.02  2146.32  2147.28 
2147.02  2146.32  2147.49 
2147.02  2146.32  2147.28 
2147.02  2146.53  2147.49 
2147.02  2146.53  2147.49 
2147.02  2146.32  2147.28 
2147.02  2146.32  2147.28 
2146.82  2146.53  2147.28 
2147.02  2146.53  2147.28 
2146.82  2146.53  2147.49 
2146.82  2146.32  2147.49 
2146.82  2146.53  2147.49 
2147.02  2146.32  2147.28 
2146.82  2146.53  2147.49 
2153.60  2146.32  2147.28 
2147.23  2146.32  2147.28 
2147.02  2146.32  2147.28 
2147.02  2146.32  2147.49 
2147.02  2146.32  2147.28 
2147.02  2146.53  2147.49 
2146.82  2146.32  2147.49 
2147.02  2146.32  2147.28 
2147.02  2146.53  2147.28 
2146.82  2146.53  2147.49 
2147.02  2146.53  2147.07 
2147.02  2146.53  2147.49 
2147.02  2146.32  2147.49 
2147.02  2146.32  2147.07 
2147.02  2146.32  2147.28 
2147.02  2146.32  2147.28 
2147.02  2146.53  2147.49 
2146.82  2146.32  2147.28 
2146.82  2146.32  2147.49 
2147.02  2146.32  2147.28 
2147.02  2146.32  2147.28 
2147.02  2146.32  2147.28 
2147.02  2146.32  2147.28 
2147.23  2146.32  2147.28 
2147.02  2146.32  2147.49 
2146.82  2146.32  2147.28 
2150.52  2146.32  2147.28 
2147.02  2146.32  2147.28 
2147.02  2146.32  2147.07 
2147.02  2146.12  2147.28 
2147.02  2146.12  2147.28 
2146.82  2146.32  2147.49 
2147.02  2146.32  2147.28 
2146.82  2146.53  2147.28 
2147.02  2146.32  2147.28 
2146.82  2146.32  2147.49 
2146.82  2146.32  2147.28 
2147.02  2146.53  2147.28 
2146.82  2146.32  2147.49 
2147.02  2146.53  2147.49 
2147.02  2145.70  2147.28 
2147.02  2146.32  2147.28 
2147.02  2146.53  2147.28 
2147.02  2146.32  2147.28 
2146.82  2146.32  2147.28 
2147.02  2146.12  2147.28 
2146.82  2146.32  2147.28 
2147.02  2146.32  2147.49 
2147.02  2146.12  2147.49 
2153.60  2146.32  2147.49 
2147.02  2146.53  2147.28 
2147.02  2146.32  2147.28 
2147.02  2146.32  2147.28 
2146.82  2146.32  2147.28 
2146.82  2146.32  2147.07 
2146.82  2146.32  2147.28 
2146.82  2146.32  2147.49 
2147.02  2146.12  2147.28 
2147.23  2146.32  2147.49 
2146.82  2146.32  2147.28 
2147.02  2146.32  2147.28 
2147.02  2146.12  2147.49 
2147.02  2146.12  2147.28 
2147.02  2146.12  2147.28 
2147.23  2146.12  2147.49 
2147.02  2146.32  2147.49 
2147.02  2146.12  2147.28 
2147.02  2146.32  2147.28 
2146.82  2146.32  2147.28 
2147.02  2146.32  2147.49 
2147.02  2146.32  2147.28 
2146.82  2146.32  2147.28 
2147.44  2146.12  2147.28 
2147.02  2146.12  2147.28 
2146.82  2146.32  2147.28 
2151.75  2146.32  2147.49 
2146.82  2146.12  2147.28 
2147.02  2146.32  2147.07 
2147.02  2146.32  2147.28 
2147.02  2146.32  2147.28 
2147.02  2146.32  2147.49 
2146.82  2146.32  2147.28 
2147.02  2146.32  2147.28 
2147.02  2146.32  2147.28 
2146.82  2146.32  2147.28 
2147.02  2146.32  2147.49 
2147.02  2146.32  2147.28 
2146.82  2146.32  2147.49 
2147.02  2146.32  2147.28 
2146.82  2146.12  2147.49 
2147.02  2146.12  2147.28 
2146.82  2146.32  2147.49 
2146.82  2146.12  2147.28 
2147.02  2146.32  2147.28 
2147.23  2146.32  2147.28 
2147.23  2146.32  2147.07 
2147.02  2146.32  2147.49 
2146.82  2146.32  2147.07 
2154.01  2146.32  2147.28 
2147.02  2146.53  2147.49 
2147.02  2146.32  2147.49 
2147.02  2146.32  2147.28 
2147.02  2146.53  2147.28 
2146.82  2146.32  2147.28 
2147.02  2146.32  2147.28 
2147.02  2146.53  2147.07 
2147.23  2146.32  2147.28 
2147.02  2146.32  2147.28 
2147.02  2146.32  2147.28 
2147.02  2146.12  2147.28 
2147.02  2146.32  2147.28 
2146.82  2146.32  2147.49 
2147.02  2146.32  2147.28 
2146.82  2146.32  2147.28 
2147.02  2146.53  2147.28 
2146.82  2146.32  2147.28 
2147.02  2146.32  2147.28 
2147.02  2146.32  2147.28 
2147.44  2146.32  2147.28 
2147.02  2146.32  2147.49 
2146.82  2146.32  2147.28 
2147.02  2146.32  2147.49 
2147.02  2146.32  2147.28 
2147.02  2146.32  2147.28 
2147.02  2146.32  2147.49 
2147.02  2146.32  2147.49 
2147.02  2146.32  2147.28 
2147.02  2146.53  2147.28 
2147.02  2146.32  2147.49 
2147.02  2146.53  2147.28 
2147.02  2146.32  2147.28 
2147.02  2146.32  2147.28 
2147.02  2146.32  2147.28 
2146.82  2146.32  2147.49 
2147.23  2145.91  2147.49 
2147.02  2146.32  2147.28 
2147.02  2146.32  2147.28 
2147.02  2146.32  2147.49 
2147.02  2146.32  2147.28 
2147.02  2146.32  2147.28 
2147.02  2146.32  2147.28 
2154.21  2146.53  2147.49 
2147.02  2146.32  2147.49 
2147.02  2146.32  2147.49 
2147.02  2146.32  2147.49 
2147.02  2146.32  2147.49 
2147.02  2146.32  2147.49 
2147.02  2146.53  2147.28 
2146.82  2146.32  2147.49 
2147.02  2146.32  2147.28 
2147.02  2146.32  2147.28 
2147.02  2146.32  2147.49 
2147.02  2146.32  2147.28 
2147.23  2146.32  2147.28 
2147.02  2146.32  2147.28 
2147.02  2146.53  2147.28 
2146.82  2146.12  2147.28 
2147.02  2146.32  2147.49 
2147.02  2146.32  2147.49 
2147.02  2146.32  2147.49 
2146.82  2146.32  2147.49 
2147.02  2146.32  2147.28 
2147.02  2146.32  2147.28 
2147.02  2146.53  2147.49 
2154.01  2146.32  2147.28 
2146.82  2146.12  2147.49 
2147.02  2146.32  2147.49 
2147.02  2146.32  2147.49 
2147.02  2146.32  2147.49 
2147.02  2146.32  2147.28 
2147.23  2146.12  2147.28 
2147.02  2146.32  2147.49 
2147.23  2146.32  2147.28 
2146.82  2146.12  2147.49 
2146.82  2146.53  2147.49 
2147.02  2146.53  2147.49 
2147.02  2146.32  2147.49 
2147.02  2146.32  2147.49 
2147.02  2146.32  2147.49 
2147.02  2146.12  2147.49 
2147.02  2146.32  2147.49 
2147.02  2146.32  2147.28 
2147.02  2146.32  2147.49 
2147.02  2146.12  2147.49 
