""
"Test Method","Radhen_Load_Cntrl_Cmprsn_250N_12-7.msm"
"Sample I. D.","Sample1.mss"
"Specimen Number","10"

"TheCycle_Output ()","_Time (s)","_Load (N)","_Extension (mm)","RealTimeDepth (mm)","CycleNumber ()"

1,0.250,0.00,0.0373,0.03730,1.000
1,0.300,0.00,0.0874,0.08740,1.000
1,0.350,0.00,0.1375,0.13750,1.000
1,0.400,0.00,0.1875,0.18750,1.000
1,0.450,0.00,0.2374,0.23740,1.000
1,0.500,0.00,0.2876,0.28760,1.000
1,0.550,0.00,0.3377,0.33770,1.000
1,0.600,0.00,0.3877,0.38770,1.000
1,0.650,0.00,0.4376,0.43760,1.000
1,0.700,0.00,0.4874,0.48740,1.000
1,0.750,0.00,0.5377,0.53770,1.000
1,0.800,0.00,0.5876,0.58760,1.000
1,0.850,0.00,0.6375,0.63750,1.000
1,0.900,0.00,0.6877,0.68770,1.000
1,0.950,0.00,0.7376,0.73760,1.000
1,1.000,0.00,0.7877,0.78770,1.000
1,1.050,0.00,0.8375,0.83750,1.000
1,1.100,0.00,0.8876,0.88760,1.000
1,1.150,0.00,0.9376,0.93760,1.000
1,1.200,0.00,0.9877,0.98770,1.000
1,1.250,0.00,1.0375,1.03750,1.000
1,1.300,0.00,1.0876,1.08760,1.000
1,1.350,0.00,1.1376,1.13760,1.000
1,1.400,0.00,1.1878,1.18780,1.000
1,1.450,0.00,1.2376,1.23760,1.000
1,1.500,0.00,1.2876,1.28760,1.000
1,1.550,0.00,1.3378,1.33780,1.000
1,1.600,0.01,1.3877,1.38770,1.000
1,1.650,0.00,1.4376,1.43760,1.000
1,1.700,0.00,1.4876,1.48760,1.000
1,1.750,0.00,1.5377,1.53770,1.000
1,1.800,0.00,1.5877,1.58770,1.000
1,1.850,0.00,1.6376,1.63760,1.000
1,1.900,0.00,1.6876,1.68760,1.000
1,1.950,0.00,1.7376,1.73760,1.000
1,2.000,0.00,1.7879,1.78790,1.000
1,2.050,0.00,1.8376,1.83760,1.000
1,2.100,0.00,1.8876,1.88760,1.000
1,2.150,0.00,1.9376,1.93760,1.000
1,2.200,0.00,1.9878,1.98780,1.000
1,2.250,0.00,2.0377,2.03770,1.000
1,2.300,0.00,2.0877,2.08770,1.000
1,2.350,0.00,2.1378,2.13780,1.000
1,2.400,0.00,2.1879,2.18790,1.000
1,2.450,0.00,2.2377,2.23770,1.000
1,2.500,0.00,2.2876,2.28760,1.000
1,2.550,0.00,2.3376,2.33760,1.000
1,2.600,0.00,2.3877,2.38770,1.000
1,2.650,0.00,2.4378,2.43780,1.000
1,2.700,0.00,2.4877,2.48770,1.000
1,2.750,0.00,2.5378,2.53780,1.000
1,2.800,0.00,2.5878,2.58780,1.000
1,2.850,0.00,2.6379,2.63790,1.000
1,2.900,0.00,2.6877,2.68770,1.000
1,2.950,0.00,2.7378,2.73780,1.000
1,3.000,0.00,2.7879,2.78790,1.000
1,3.050,0.00,2.8377,2.83770,1.000
1,3.100,0.00,2.8877,2.88770,1.000
1,3.150,0.00,2.9378,2.93780,1.000
1,3.200,0.00,2.9878,2.98780,1.000
1,3.250,0.00,3.0378,3.03780,1.000
1,3.300,0.00,3.0876,3.08760,1.000
1,3.350,0.00,3.1377,3.13770,1.000
1,3.400,0.00,3.1878,3.18780,1.000
1,3.450,0.01,3.2378,3.23780,1.000
1,3.500,0.00,3.2877,3.28770,1.000
1,3.550,0.00,3.3379,3.33790,1.000
1,3.600,0.00,3.3878,3.38780,1.000
1,3.650,0.00,3.4379,3.43790,1.000
1,3.700,0.00,3.4877,3.48770,1.000
1,3.750,0.00,3.5378,3.53780,1.000
1,3.800,0.00,3.5879,3.58790,1.000
1,3.850,0.00,3.6378,3.63780,1.000
1,3.900,0.00,3.6877,3.68770,1.000
1,3.950,0.00,3.7377,3.73770,1.000
1,4.000,0.00,3.7877,3.78770,1.000
1,4.050,0.00,3.8378,3.83780,1.000
1,4.100,0.00,3.8877,3.88770,1.000
1,4.150,0.00,3.9378,3.93780,1.000
1,4.200,0.00,3.9879,3.98790,1.000
1,4.250,0.00,4.0379,4.03790,1.000
1,4.300,0.00,4.0877,4.08770,1.000
1,4.350,0.00,4.1378,4.13780,1.000
1,4.400,0.00,4.1879,4.18790,1.000
1,4.450,0.00,4.2380,4.23800,1.000
1,4.500,0.00,4.2877,4.28770,1.000
1,4.550,0.00,4.3377,4.33770,1.000
1,4.600,0.00,4.3879,4.38790,1.000
1,4.650,0.00,4.4378,4.43780,1.000
1,4.700,0.00,4.4877,4.48770,1.000
1,4.750,0.00,4.5378,4.53780,1.000
1,4.800,0.01,4.5879,4.58790,1.000
1,4.850,0.05,4.6378,4.63780,1.000
1,4.900,0.07,4.6877,4.68770,1.000
1,4.950,0.14,4.7378,4.73780,1.000
1,5.000,0.21,4.7879,4.78790,1.000
1,5.050,0.27,4.8378,4.83780,1.000
1,5.100,0.35,4.8877,4.88770,1.000
1,5.150,0.47,4.9378,4.93780,1.000
1,5.200,0.62,4.9878,4.98780,1.000
1,5.250,0.79,5.0379,5.03790,1.000
1,5.300,0.97,5.0876,5.08760,1.000
1,5.350,1.19,5.1377,5.13770,1.000
1,5.400,1.42,5.1878,5.18780,1.000
1,5.450,1.68,5.2380,5.23800,1.000
1,5.500,1.97,5.2878,5.28780,1.000
1,5.550,2.27,5.3379,5.33790,1.000
1,5.600,2.61,5.3879,5.38790,1.000
1,5.650,2.97,5.4379,5.43790,1.000
1,5.700,3.35,5.4877,5.48770,1.000
1,5.750,3.76,5.5380,5.53800,1.000
1,5.800,4.21,5.5879,5.58790,1.000
1,5.850,4.68,5.6380,5.63800,1.000
1,5.900,5.18,5.6878,5.68780,1.000
1,5.950,5.71,5.7378,5.73780,1.000
1,6.000,6.16,5.7877,5.78770,1.000
1,6.050,6.78,5.8379,5.83790,1.000
1,6.100,7.45,5.8877,5.88770,1.000
1,6.150,8.18,5.9377,5.93770,1.000
1,6.200,8.93,5.9878,5.98780,1.000
1,6.250,9.74,6.0380,6.03800,1.000
1,6.300,10.61,6.0879,6.08790,1.000
1,6.350,11.51,6.1379,6.13790,1.000
1,6.400,12.46,6.1879,6.18790,1.000
1,6.450,13.49,6.2380,6.23800,1.000
1,6.500,14.58,6.2879,6.28790,1.000
1,6.550,15.74,6.3378,6.33780,1.000
1,6.600,16.96,6.3879,6.38790,1.000
1,6.650,18.27,6.4381,6.43810,1.000
1,6.700,19.64,6.4878,6.48780,1.000
1,6.750,21.12,6.5378,6.53780,1.000
1,6.800,22.69,6.5878,6.58780,1.000
1,6.850,24.39,6.6378,6.63780,1.000
1,6.900,26.22,6.6877,6.68770,1.000
1,6.950,28.10,6.7378,6.73780,1.000
1,7.000,30.04,6.7879,6.78790,1.000
1,7.100,31.56,6.8257,6.82570,1.000
1,7.150,27.16,6.7765,6.77650,1.000
1,7.200,23.43,6.7265,6.72650,1.000
1,7.250,20.51,6.6766,6.67660,1.000
1,7.300,18.08,6.6267,6.62670,1.000
1,7.350,16.01,6.5764,6.57640,1.000
1,7.400,14.24,6.5267,6.52670,1.000
1,7.450,12.67,6.4766,6.47660,1.000
1,7.500,11.32,6.4267,6.42670,1.000
1,7.550,10.11,6.3766,6.37660,1.000
1,7.600,9.02,6.3265,6.32650,1.000
1,7.650,8.07,6.2767,6.27670,1.000
1,7.700,7.25,6.2267,6.22670,1.000
1,7.750,6.52,6.1765,6.17650,1.000
1,7.800,5.86,6.1266,6.12660,1.000
1,7.850,5.26,6.0767,6.07670,1.000
1,7.900,4.71,6.0267,6.02670,1.000
1,7.950,4.22,5.9765,5.97650,1.000
1,8.000,3.79,5.9265,5.92650,1.000
1,8.050,3.41,5.8766,5.87660,1.000
1,8.100,3.07,5.8266,5.82660,1.000
1,8.150,2.77,5.7763,5.77630,1.000
1,8.200,2.49,5.7264,5.72640,1.000
1,8.250,2.23,5.6766,5.67660,1.000
1,8.300,1.96,5.6267,5.62670,1.000
1,8.350,1.71,5.5765,5.57650,1.000
1,8.400,1.49,5.5266,5.52660,1.000
1,8.450,1.28,5.4765,5.47650,1.000
1,8.500,1.10,5.4267,5.42670,1.000
1,8.550,0.92,5.3765,5.37650,1.000
1,8.600,0.78,5.3266,5.32660,1.000
1,8.650,0.64,5.2767,5.27670,1.000
1,8.700,0.52,5.2267,5.22670,1.000
1,8.750,0.42,5.1765,5.17650,1.000
1,8.800,0.33,5.1264,5.12640,1.000
1,8.850,0.25,5.0765,5.07650,1.000
1,8.900,0.18,5.0266,5.02660,1.000
1,8.950,0.13,4.9764,4.97640,1.000
1,9.000,0.10,4.9264,4.92640,1.000
1,9.050,0.06,4.8766,4.87660,1.000
1,9.100,0.02,4.8266,4.82660,1.000
1,9.150,0.01,4.7764,4.77640,1.000
1,9.200,0.00,4.7263,4.72630,1.000
1,9.250,0.00,4.6765,4.67650,1.000
1,9.300,0.00,4.6265,4.62650,1.000
1,9.350,0.00,4.5764,4.57640,1.000
1,9.400,0.00,4.5264,4.52640,1.000
1,9.450,0.00,4.4764,4.47640,1.000
1,9.500,0.00,4.4265,4.42650,1.000
1,9.550,0.00,4.3763,4.37630,1.000
1,9.600,0.00,4.3264,4.32640,1.000
1,9.650,0.00,4.2764,4.27640,1.000
1,9.700,0.00,4.2265,4.22650,1.000
1,9.750,0.00,4.1764,4.17640,1.000
1,9.800,0.00,4.1264,4.12640,1.000
1,9.850,0.00,4.0764,4.07640,1.000
1,9.900,0.00,4.0264,4.02640,1.000
1,9.950,0.00,3.9765,3.97650,1.000
1,10.000,0.00,3.9264,3.92640,1.000
1,10.050,0.00,3.8764,3.87640,1.000
1,10.100,0.00,3.8264,3.82640,1.000
1,10.150,0.00,3.7762,3.77620,1.000
1,10.200,0.00,3.7263,3.72630,1.000
1,10.250,0.00,3.6763,3.67630,1.000
1,10.300,0.01,3.6265,3.62650,1.000
1,10.350,0.00,3.5764,3.57640,1.000
1,10.400,0.00,3.5264,3.52640,1.000
1,10.450,0.00,3.4763,3.47630,1.000
1,10.500,0.00,3.4265,3.42650,1.000
1,10.550,0.00,3.3764,3.37640,1.000
1,10.600,0.00,3.3264,3.32640,1.000
1,10.650,0.00,3.2765,3.27650,1.000
1,10.700,0.00,3.2265,3.22650,1.000
1,10.750,0.00,3.1763,3.17630,1.000
1,10.800,0.00,3.1262,3.12620,1.000
1,10.850,0.00,3.0763,3.07630,1.000
1,10.900,0.00,3.0264,3.02640,1.000
1,10.950,0.00,2.9762,2.97620,1.000
1,11.000,0.00,2.9262,2.92620,1.000
1,11.050,0.00,2.8764,2.87640,1.000
1,11.100,0.00,2.8264,2.82640,1.000
1,11.150,0.01,2.7763,2.77630,1.000
1,11.200,0.00,2.7263,2.72630,1.000
1,11.250,0.00,2.6764,2.67640,1.000
1,11.300,0.00,2.6265,2.62650,1.000
1,11.350,0.00,2.5763,2.57630,1.000
1,11.400,0.00,2.5262,2.52620,1.000
1,11.450,0.00,2.4763,2.47630,1.000
1,11.500,0.00,2.4264,2.42640,1.000
1,11.550,0.00,2.3764,2.37640,1.000
1,11.600,0.00,2.3262,2.32620,1.000
1,11.650,0.00,2.2763,2.27630,1.000
1,11.700,0.00,2.2263,2.22630,1.000
1,11.750,0.00,2.1764,2.17640,1.000
1,11.800,0.00,2.1263,2.12630,1.000
1,11.850,0.00,2.0765,2.07650,1.000
1,11.900,0.00,2.0264,2.02640,1.000
1,11.950,0.00,1.9764,1.97640,1.000
1,12.000,0.00,1.9261,1.92610,1.000
1,12.050,0.00,1.8763,1.87630,1.000
1,12.100,0.00,1.8263,1.82630,1.000
1,12.150,0.00,1.7763,1.77630,1.000
1,12.200,0.00,1.7262,1.72620,1.000
1,12.250,0.00,1.6763,1.67630,1.000
1,12.300,0.00,1.6264,1.62640,1.000
1,12.350,0.00,1.5763,1.57630,1.000
1,12.400,0.00,1.5262,1.52620,1.000
1,12.450,0.00,1.4761,1.47610,1.000
1,12.500,0.00,1.4262,1.42620,1.000
1,12.550,0.00,1.3763,1.37630,1.000
1,12.600,0.00,1.3262,1.32620,1.000
1,12.650,0.00,1.2762,1.27620,1.000
1,12.700,0.00,1.2264,1.22640,1.000
1,12.750,0.00,1.1762,1.17620,1.000
1,12.800,0.00,1.1261,1.12610,1.000
1,12.850,0.00,1.0763,1.07630,1.000
1,12.900,0.00,1.0263,1.02630,1.000
1,12.950,0.00,0.9762,0.97620,1.000
1,13.000,0.00,0.9261,0.92610,1.000
1,13.050,0.00,0.8762,0.87620,1.000
1,13.100,0.00,0.8262,0.82620,1.000
1,13.150,0.00,0.7762,0.77620,1.000
1,13.200,0.00,0.7261,0.72610,1.000
1,13.250,0.00,0.6762,0.67620,1.000
1,13.300,0.00,0.6264,0.62640,1.000
1,13.350,0.00,0.5763,0.57630,1.000
1,13.400,0.00,0.5261,0.52610,1.000
1,13.450,-0.01,0.4762,0.47620,1.000
1,13.500,0.00,0.4263,0.42630,1.000
1,13.550,0.00,0.3764,0.37640,1.000
1,13.600,0.00,0.3261,0.32610,1.000
1,13.650,0.00,0.2762,0.27620,1.000
1,13.700,0.00,0.2261,0.22610,1.000
1,13.750,0.00,0.1762,0.17620,1.000
1,13.800,0.00,0.1260,0.12600,1.000
1,13.850,0.00,0.0760,0.07600,1.000
1,13.900,0.00,0.0262,0.02620,1.000
1,14.000,0.00,-0.0418,-0.04180,1.000
1,14.050,0.00,-0.0064,-0.00640,1.000
1,14.100,0.00,-0.0004,-0.00040,1.000
1,14.150,-0.01,-0.0004,-0.00040,1.000
1,14.200,0.00,-0.0004,-0.00040,1.000
1,14.250,0.00,-0.0004,-0.00040,1.000
1,14.300,0.00,-0.0004,-0.00040,1.000
1,14.350,0.00,-0.0004,-0.00040,1.000
1,14.400,0.00,-0.0004,-0.00040,1.000
1,14.450,0.00,-0.0004,-0.00040,1.000
1,14.500,0.00,-0.0004,-0.00040,1.000
1,14.550,0.00,-0.0004,-0.00040,1.000
1,14.600,0.00,-0.0004,-0.00040,1.000
1,14.650,0.00,-0.0004,-0.00040,1.000
1,14.700,0.00,-0.0004,-0.00040,1.000
1,14.750,0.00,-0.0004,-0.00040,1.000
1,14.800,0.00,-0.0004,-0.00040,1.000
1,14.850,0.00,-0.0004,-0.00040,1.000
1,14.900,0.00,-0.0004,-0.00040,1.000
1,14.950,0.00,-0.0004,-0.00040,1.000
1,15.000,0.00,-0.0004,-0.00040,1.000
1,15.050,0.00,-0.0004,-0.00040,1.000
1,15.100,0.00,-0.0004,-0.00040,1.000
1,15.150,0.00,-0.0004,-0.00040,1.000
1,15.200,0.00,-0.0004,-0.00040,1.000
1,15.250,0.00,-0.0004,-0.00040,1.000
1,15.300,-0.01,-0.0004,-0.00040,1.000
1,15.350,0.00,-0.0004,-0.00040,1.000
1,15.400,0.00,-0.0004,-0.00040,1.000
1,15.450,0.00,-0.0004,-0.00040,1.000
1,15.500,0.00,-0.0004,-0.00040,1.000
1,15.550,0.00,-0.0004,-0.00040,1.000
1,15.600,0.00,-0.0004,-0.00040,1.000
1,15.650,0.00,-0.0003,-0.00030,1.000
1,15.700,0.00,-0.0003,-0.00030,1.000
1,15.750,0.00,-0.0003,-0.00030,1.000
1,15.800,0.00,-0.0003,-0.00030,1.000
1,15.850,0.00,-0.0003,-0.00030,1.000
1,15.900,0.00,-0.0003,-0.00030,1.000
1,15.950,0.00,-0.0003,-0.00030,1.000
1,16.000,0.00,-0.0003,-0.00030,1.000
1,16.050,0.00,-0.0003,-0.00030,1.000
1,16.100,0.00,-0.0003,-0.00030,1.000
1,16.150,-0.01,-0.0003,-0.00030,1.000
1,16.200,0.00,-0.0003,-0.00030,1.000
1,16.250,0.00,-0.0003,-0.00030,1.000
1,16.300,0.00,-0.0003,-0.00030,1.000
1,16.350,0.00,-0.0003,-0.00030,1.000
1,16.400,0.00,-0.0003,-0.00030,1.000
1,16.450,0.00,-0.0003,-0.00030,1.000
1,16.500,0.00,-0.0003,-0.00030,1.000
1,16.550,0.00,-0.0003,-0.00030,1.000
1,16.600,0.00,-0.0003,-0.00030,1.000
1,16.650,0.00,-0.0003,-0.00030,1.000
1,16.700,0.00,-0.0003,-0.00030,1.000
1,16.750,0.00,-0.0003,-0.00030,1.000
1,16.800,0.00,-0.0003,-0.00030,1.000
1,16.850,0.00,-0.0003,-0.00030,1.000
1,16.900,0.00,-0.0003,-0.00030,1.000
1,16.950,0.00,-0.0003,-0.00030,1.000
1,17.050,0.00,-0.0003,-0.00030,1.000
1,17.100,0.00,-0.0003,-0.00030,1.000
1,17.150,0.00,-0.0003,-0.00030,1.000
1,17.200,0.00,-0.0003,-0.00030,1.000
1,17.250,0.00,-0.0003,-0.00030,1.000
1,17.300,0.00,-0.0003,-0.00030,1.000
1,17.350,0.00,-0.0003,-0.00030,1.000
1,17.400,0.00,-0.0002,-0.00020,1.000
1,17.450,0.00,-0.0002,-0.00020,1.000
1,17.500,0.00,-0.0002,-0.00020,1.000
1,17.550,0.00,-0.0002,-0.00020,1.000
1,17.600,0.00,-0.0002,-0.00020,1.000
1,17.650,0.00,-0.0002,-0.00020,1.000
1,17.700,0.00,-0.0002,-0.00020,1.000
1,17.750,0.00,-0.0002,-0.00020,1.000
1,17.800,0.00,-0.0002,-0.00020,1.000
1,17.850,0.00,-0.0002,-0.00020,1.000
1,17.900,0.00,-0.0002,-0.00020,1.000
1,17.950,0.00,-0.0002,-0.00020,1.000
1,18.000,0.00,-0.0002,-0.00020,1.000
2,18.200,0.00,0.0300,0.03010,2.000
2,18.250,0.00,0.0794,0.07950,2.000
2,18.300,0.00,0.1295,0.12960,2.000
2,18.350,-0.01,0.1796,0.17970,2.000
2,18.400,0.00,0.2296,0.22970,2.000
2,18.450,0.00,0.2796,0.27970,2.000
2,18.500,0.00,0.3297,0.32980,2.000
2,18.550,0.00,0.3797,0.37980,2.000
2,18.600,0.00,0.4297,0.42980,2.000
2,18.650,0.00,0.4796,0.47970,2.000
2,18.700,-0.01,0.5297,0.52980,2.000
2,18.750,0.00,0.5797,0.57980,2.000
2,18.800,0.00,0.6299,0.63000,2.000
2,18.850,0.00,0.6796,0.67970,2.000
2,18.900,0.00,0.7297,0.72980,2.000
2,18.950,0.00,0.7796,0.77970,2.000
2,19.000,0.00,0.8297,0.82980,2.000
2,19.050,-0.01,0.8796,0.87970,2.000
2,19.100,-0.01,0.9297,0.92980,2.000
2,19.150,0.00,0.9797,0.97980,2.000
2,19.200,0.00,1.0298,1.02990,2.000
2,19.250,-0.01,1.0796,1.07970,2.000
2,19.300,0.00,1.1296,1.12970,2.000
2,19.350,0.00,1.1797,1.17980,2.000
2,19.400,-0.01,1.2299,1.23000,2.000
2,19.450,0.00,1.2797,1.27980,2.000
2,19.500,0.00,1.3298,1.32990,2.000
2,19.550,0.00,1.3797,1.37980,2.000
2,19.600,-0.01,1.4297,1.42980,2.000
2,19.650,0.00,1.4795,1.47960,2.000
2,19.700,0.00,1.5296,1.52970,2.000
2,19.750,0.00,1.5798,1.57990,2.000
2,19.800,0.00,1.6298,1.62990,2.000
2,19.850,-0.01,1.6797,1.67980,2.000
2,19.900,0.00,1.7297,1.72980,2.000
2,19.950,0.00,1.7797,1.77980,2.000
2,20.000,0.00,1.8298,1.82990,2.000
2,20.050,0.00,1.8797,1.87980,2.000
2,20.100,-0.01,1.9296,1.92970,2.000
2,20.150,0.00,1.9797,1.97980,2.000
2,20.200,-0.01,2.0299,2.03000,2.000
2,20.250,0.00,2.0799,2.08000,2.000
2,20.300,0.00,2.1298,2.12990,2.000
2,20.350,0.00,2.1799,2.18000,2.000
2,20.400,0.00,2.2299,2.23000,2.000
2,20.450,0.00,2.2798,2.27990,2.000
2,20.500,0.00,2.3296,2.32970,2.000
2,20.550,0.00,2.3797,2.37980,2.000
2,20.600,0.00,2.4299,2.43000,2.000
2,20.650,0.00,2.4798,2.47990,2.000
2,20.700,0.00,2.5297,2.52980,2.000
2,20.750,-0.01,2.5799,2.58000,2.000
2,20.800,0.00,2.6298,2.62990,2.000
2,20.850,0.00,2.6799,2.68000,2.000
2,20.900,-0.01,2.7298,2.72990,2.000
2,20.950,-0.01,2.7798,2.77990,2.000
2,21.000,0.00,2.8298,2.82990,2.000
2,21.050,-0.01,2.8797,2.87980,2.000
2,21.100,0.00,2.9297,2.92980,2.000
2,21.150,-0.01,2.9798,2.97990,2.000
2,21.200,-0.01,3.0299,3.03000,2.000
2,21.250,0.00,3.0798,3.07990,2.000
2,21.300,0.00,3.1296,3.12970,2.000
2,21.350,-0.01,3.1798,3.17990,2.000
2,21.400,-0.01,3.2299,3.23000,2.000
2,21.450,-0.01,3.2799,3.28000,2.000
2,21.500,-0.01,3.3298,3.32990,2.000
2,21.550,-0.01,3.3798,3.37990,2.000
2,21.600,0.00,3.4299,3.43000,2.000
2,21.650,-0.01,3.4800,3.48010,2.000
2,21.700,0.00,3.5297,3.52980,2.000
2,21.750,-0.01,3.5799,3.58000,2.000
2,21.800,0.00,3.6299,3.63000,2.000
2,21.850,-0.01,3.6799,3.68000,2.000
2,21.900,-0.01,3.7297,3.72980,2.000
2,21.950,0.00,3.7798,3.77990,2.000
2,22.000,0.00,3.8299,3.83000,2.000
2,22.050,0.00,3.8798,3.87990,2.000
2,22.100,0.00,3.9298,3.92990,2.000
2,22.150,-0.01,3.9799,3.98000,2.000
2,22.200,0.00,4.0298,4.02990,2.000
2,22.250,0.00,4.0799,4.08000,2.000
2,22.300,-0.01,4.1298,4.12990,2.000
2,22.350,0.00,4.1798,4.17990,2.000
2,22.400,0.00,4.2300,4.23010,2.000
2,22.450,0.00,4.2800,4.28010,2.000
2,22.500,0.00,4.3297,4.32980,2.000
2,22.550,0.00,4.3798,4.37990,2.000
2,22.600,0.00,4.4299,4.43000,2.000
2,22.650,0.00,4.4800,4.48010,2.000
2,22.700,0.00,4.5299,4.53000,2.000
2,22.750,-0.01,4.5799,4.58000,2.000
2,22.800,-0.01,4.6299,4.63000,2.000
2,22.850,0.02,4.6799,4.68000,2.000
2,22.900,0.05,4.7296,4.72970,2.000
2,22.950,0.10,4.7799,4.78000,2.000
2,23.000,0.16,4.8299,4.83000,2.000
2,23.050,0.24,4.8800,4.88010,2.000
2,23.100,0.27,4.9298,4.92990,2.000
2,23.150,0.37,4.9799,4.98000,2.000
2,23.200,0.50,5.0299,5.03000,2.000
2,23.250,0.66,5.0799,5.08000,2.000
2,23.300,0.84,5.1297,5.12980,2.000
2,23.350,1.05,5.1798,5.17990,2.000
2,23.400,1.27,5.2300,5.23010,2.000
2,23.450,1.53,5.2800,5.28010,2.000
2,23.500,1.81,5.3299,5.33000,2.000
2,23.550,2.12,5.3799,5.38000,2.000
2,23.600,2.45,5.4299,5.43000,2.000
2,23.650,2.81,5.4800,5.48010,2.000
2,23.700,3.20,5.5298,5.52990,2.000
2,23.750,3.62,5.5799,5.58000,2.000
2,23.800,4.06,5.6299,5.63000,2.000
2,23.850,4.55,5.6800,5.68010,2.000
2,23.900,5.07,5.7297,5.72980,2.000
2,23.950,5.62,5.7797,5.77980,2.000
2,24.000,6.20,5.8297,5.82980,2.000
2,24.050,6.84,5.8799,5.88000,2.000
2,24.100,7.51,5.9297,5.92980,2.000
2,24.150,8.22,5.9798,5.97990,2.000
2,24.200,8.96,6.0299,6.03000,2.000
2,24.250,9.76,6.0801,6.08020,2.000
2,24.300,10.37,6.1298,6.12990,2.000
2,24.350,10.97,6.1798,6.17990,2.000
2,24.400,11.94,6.2299,6.23000,2.000
2,24.450,13.01,6.2799,6.28000,2.000
2,24.500,14.13,6.3299,6.33000,2.000
2,24.550,15.29,6.3799,6.38000,2.000
2,24.600,16.50,6.4300,6.43010,2.000
2,24.650,17.80,6.4799,6.48000,2.000
2,24.700,19.18,6.5298,6.52990,2.000
2,24.750,20.65,6.5797,6.57980,2.000
2,24.800,22.22,6.6299,6.63000,2.000
2,24.850,23.95,6.6800,6.68010,2.000
2,24.900,25.84,6.7298,6.72990,2.000
2,24.950,27.94,6.7797,6.77980,2.000
2,25.000,30.27,6.8300,6.83010,2.000
2,25.100,32.24,6.8677,6.86780,2.000
2,25.150,27.70,6.8186,6.81870,2.000
2,25.200,23.85,6.7685,6.76860,2.000
2,25.250,20.83,6.7186,6.71870,2.000
2,25.300,18.35,6.6687,6.66880,2.000
2,25.350,16.24,6.6185,6.61860,2.000
2,25.400,14.42,6.5686,6.56870,2.000
2,25.450,12.82,6.5186,6.51870,2.000
2,25.500,11.44,6.4688,6.46890,2.000
2,25.550,10.19,6.4186,6.41870,2.000
2,25.600,9.11,6.3687,6.36880,2.000
2,25.650,8.18,6.3187,6.31880,2.000
2,25.700,7.35,6.2687,6.26880,2.000
2,25.750,6.58,6.2185,6.21860,2.000
2,25.800,5.88,6.1686,6.16870,2.000
2,25.850,5.25,6.1186,6.11870,2.000
2,25.900,4.70,6.0686,6.06870,2.000
2,25.950,4.21,6.0185,6.01860,2.000
2,26.000,3.84,5.9685,5.96860,2.000
2,26.050,3.48,5.9186,5.91870,2.000
2,26.100,3.15,5.8685,5.86860,2.000
2,26.150,2.84,5.8184,5.81850,2.000
2,26.200,2.56,5.7684,5.76850,2.000
2,26.250,2.31,5.7185,5.71860,2.000
2,26.300,1.96,5.6687,5.66880,2.000
2,26.350,1.73,5.6185,5.61860,2.000
2,26.400,1.51,5.5686,5.56870,2.000
2,26.450,1.31,5.5186,5.51870,2.000
2,26.500,1.12,5.4687,5.46880,2.000
2,26.550,0.96,5.4185,5.41860,2.000
2,26.600,0.81,5.3686,5.36870,2.000
2,26.650,0.68,5.3187,5.31880,2.000
2,26.700,0.56,5.2687,5.26880,2.000
2,26.750,0.45,5.2186,5.21870,2.000
2,26.800,0.35,5.1685,5.16860,2.000
2,26.850,0.27,5.1184,5.11850,2.000
2,26.900,0.20,5.0684,5.06850,2.000
2,26.950,0.14,5.0184,5.01850,2.000
2,27.000,0.09,4.9684,4.96850,2.000
2,27.050,0.05,4.9186,4.91870,2.000
2,27.100,0.02,4.8685,4.86860,2.000
2,27.150,0.04,4.8185,4.81860,2.000
2,27.200,0.00,4.7683,4.76840,2.000
2,27.250,-0.01,4.7185,4.71860,2.000
2,27.300,0.00,4.6685,4.66860,2.000
2,27.350,-0.01,4.6185,4.61860,2.000
2,27.400,0.00,4.5684,4.56850,2.000
2,27.450,-0.01,4.5186,4.51870,2.000
2,27.500,0.00,4.4686,4.46870,2.000
2,27.550,0.00,4.4183,4.41840,2.000
2,27.600,0.00,4.3683,4.36840,2.000
2,27.650,0.00,4.3185,4.31860,2.000
2,27.700,0.00,4.2686,4.26870,2.000
2,27.750,0.00,4.2184,4.21850,2.000
2,27.800,-0.01,4.1684,4.16850,2.000
2,27.850,0.00,4.1185,4.11860,2.000
2,27.900,-0.01,4.0686,4.06870,2.000
2,27.950,0.00,4.0184,4.01850,2.000
2,28.000,0.00,3.9684,3.96850,2.000
2,28.050,0.00,3.9184,3.91850,2.000
2,28.100,-0.01,3.8684,3.86850,2.000
2,28.150,-0.01,3.8182,3.81830,2.000
2,28.200,0.00,3.7683,3.76840,2.000
2,28.250,0.00,3.7184,3.71850,2.000
2,28.300,0.00,3.6684,3.66850,2.000
2,28.350,-0.01,3.6182,3.61830,2.000
2,28.400,-0.01,3.5683,3.56840,2.000
2,28.450,0.00,3.5184,3.51850,2.000
2,28.500,0.00,3.4684,3.46850,2.000
2,28.550,0.00,3.4184,3.41850,2.000
2,28.600,0.00,3.3683,3.36840,2.000
2,28.650,0.00,3.3186,3.31870,2.000
2,28.700,0.00,3.2684,3.26850,2.000
2,28.750,0.00,3.2183,3.21840,2.000
2,28.800,-0.01,3.1683,3.16840,2.000
2,28.850,0.00,3.1183,3.11840,2.000
2,28.900,0.00,3.0683,3.06840,2.000
2,28.950,0.00,3.0184,3.01850,2.000
2,29.000,0.00,2.9683,2.96840,2.000
2,29.050,-0.01,2.9183,2.91840,2.000
2,29.100,0.00,2.8683,2.86840,2.000
2,29.150,0.00,2.8183,2.81840,2.000
2,29.200,0.00,2.7681,2.76820,2.000
2,29.250,0.00,2.7183,2.71840,2.000
2,29.300,0.00,2.6685,2.66860,2.000
2,29.350,0.00,2.6184,2.61850,2.000
2,29.400,0.00,2.5683,2.56840,2.000
2,29.450,0.00,2.5183,2.51840,2.000
2,29.500,0.00,2.4683,2.46840,2.000
2,29.550,0.00,2.4183,2.41840,2.000
2,29.600,-0.01,2.3681,2.36820,2.000
2,29.650,0.00,2.3183,2.31840,2.000
2,29.700,0.00,2.2683,2.26840,2.000
2,29.750,0.00,2.2183,2.21840,2.000
2,29.800,-0.01,2.1682,2.16830,2.000
2,29.850,0.00,2.1184,2.11850,2.000
2,29.900,0.00,2.0685,2.06860,2.000
2,29.950,0.00,2.0185,2.01860,2.000
2,30.000,0.00,1.9682,1.96830,2.000
2,30.050,0.00,1.9183,1.91840,2.000
2,30.100,0.00,1.8684,1.86850,2.000
2,30.150,0.00,1.8183,1.81840,2.000
2,30.200,0.00,1.7682,1.76830,2.000
2,30.250,0.00,1.7183,1.71840,2.000
2,30.300,-0.01,1.6683,1.66840,2.000
2,30.350,0.00,1.6183,1.61840,2.000
2,30.400,0.00,1.5682,1.56830,2.000
2,30.450,0.00,1.5183,1.51840,2.000
2,30.500,0.00,1.4683,1.46840,2.000
2,30.550,0.00,1.4184,1.41850,2.000
2,30.600,0.00,1.3681,1.36820,2.000
2,30.650,-0.01,1.3182,1.31830,2.000
2,30.700,0.00,1.2683,1.26840,2.000
2,30.750,0.00,1.2183,1.21840,2.000
2,30.800,-0.01,1.1682,1.16830,2.000
2,30.850,0.00,1.1183,1.11840,2.000
2,30.900,0.00,1.0682,1.06830,2.000
2,30.950,0.00,1.0183,1.01840,2.000
2,31.000,0.00,0.9681,0.96820,2.000
2,31.050,0.00,0.9182,0.91830,2.000
2,31.100,-0.01,0.8682,0.86830,2.000
2,31.150,0.00,0.8183,0.81840,2.000
2,31.200,0.00,0.7681,0.76820,2.000
2,31.250,0.00,0.7182,0.71830,2.000
2,31.300,0.00,0.6684,0.66850,2.000
2,31.350,0.00,0.6184,0.61850,2.000
2,31.400,0.00,0.5681,0.56820,2.000
2,31.450,0.00,0.5181,0.51820,2.000
2,31.500,0.00,0.4682,0.46830,2.000
2,31.550,0.00,0.4184,0.41850,2.000
2,31.600,0.00,0.3682,0.36830,2.000
2,31.650,0.00,0.3181,0.31820,2.000
2,31.700,0.00,0.2683,0.26840,2.000
2,31.750,-0.01,0.2182,0.21830,2.000
2,31.800,0.00,0.1680,0.16810,2.000
2,31.850,0.00,0.1181,0.11820,2.000
2,31.900,-0.01,0.0682,0.06830,2.000
2,31.950,0.00,0.0183,0.01840,2.000
2,32.050,0.00,-0.0361,-0.03600,2.000
2,32.100,-0.01,-0.0011,-0.00100,2.000
2,32.150,-0.01,-0.0004,-0.00030,2.000
2,32.200,0.00,-0.0004,-0.00030,2.000
2,32.250,0.00,-0.0004,-0.00030,2.000
2,32.300,0.00,-0.0004,-0.00030,2.000
2,32.350,0.00,-0.0004,-0.00030,2.000
2,32.400,-0.01,-0.0004,-0.00030,2.000
2,32.450,0.00,-0.0004,-0.00030,2.000
2,32.500,0.00,-0.0004,-0.00030,2.000
2,32.550,0.00,-0.0004,-0.00030,2.000
2,32.600,0.00,-0.0004,-0.00030,2.000
2,32.650,0.00,-0.0004,-0.00030,2.000
2,32.700,0.00,-0.0004,-0.00030,2.000
2,32.750,0.00,-0.0004,-0.00030,2.000
2,32.800,0.00,-0.0004,-0.00030,2.000
2,32.850,-0.01,-0.0004,-0.00030,2.000
2,32.900,0.00,-0.0004,-0.00030,2.000
2,32.950,0.00,-0.0004,-0.00030,2.000
2,33.000,0.00,-0.0004,-0.00030,2.000
2,33.050,0.00,-0.0004,-0.00030,2.000
2,33.100,0.00,-0.0004,-0.00030,2.000
2,33.150,0.00,-0.0004,-0.00030,2.000
2,33.200,0.00,-0.0004,-0.00030,2.000
2,33.250,0.00,-0.0004,-0.00030,2.000
2,33.300,0.00,-0.0004,-0.00030,2.000
2,33.350,0.00,-0.0004,-0.00030,2.000
2,33.400,0.00,-0.0004,-0.00030,2.000
2,33.450,0.00,-0.0003,-0.00020,2.000
2,33.500,-0.01,-0.0003,-0.00020,2.000
2,33.550,0.00,-0.0003,-0.00020,2.000
2,33.600,0.00,-0.0003,-0.00020,2.000
2,33.650,0.00,-0.0003,-0.00020,2.000
2,33.700,-0.01,-0.0003,-0.00020,2.000
2,33.750,-0.01,-0.0003,-0.00020,2.000
2,33.800,0.00,-0.0003,-0.00020,2.000
2,33.850,0.00,-0.0003,-0.00020,2.000
2,33.900,0.00,-0.0003,-0.00020,2.000
2,33.950,0.00,-0.0003,-0.00020,2.000
2,34.000,-0.01,-0.0003,-0.00020,2.000
2,34.050,0.00,-0.0003,-0.00020,2.000
2,34.100,-0.01,-0.0003,-0.00020,2.000
2,34.150,0.00,-0.0003,-0.00020,2.000
2,34.200,0.00,-0.0003,-0.00020,2.000
2,34.250,-0.01,-0.0003,-0.00020,2.000
2,34.300,0.00,-0.0003,-0.00020,2.000
2,34.350,0.00,-0.0003,-0.00020,2.000
2,34.400,0.00,-0.0003,-0.00020,2.000
2,34.450,-0.01,-0.0003,-0.00020,2.000
2,34.500,0.00,-0.0003,-0.00020,2.000
2,34.550,0.00,-0.0003,-0.00020,2.000
2,34.600,0.00,-0.0003,-0.00020,2.000
2,34.650,0.00,-0.0003,-0.00020,2.000
2,34.700,0.00,-0.0003,-0.00020,2.000
2,34.750,0.00,-0.0003,-0.00020,2.000
2,34.800,0.00,-0.0003,-0.00020,2.000
2,34.850,0.00,-0.0003,-0.00020,2.000
2,34.900,0.00,-0.0003,-0.00020,2.000
2,34.950,0.00,-0.0003,-0.00020,2.000
2,35.000,0.00,-0.0003,-0.00020,2.000
2,35.100,0.00,-0.0003,-0.00020,2.000
2,35.150,0.00,-0.0003,-0.00020,2.000
2,35.200,0.00,-0.0003,-0.00020,2.000
2,35.250,0.00,-0.0002,-0.00010,2.000
2,35.300,0.00,-0.0002,-0.00010,2.000
2,35.350,-0.01,-0.0002,-0.00010,2.000
2,35.400,0.00,-0.0002,-0.00010,2.000
2,35.450,0.00,-0.0002,-0.00010,2.000
2,35.500,0.00,-0.0002,-0.00010,2.000
2,35.550,-0.01,-0.0002,-0.00010,2.000
2,35.600,0.00,-0.0002,-0.00010,2.000
2,35.650,0.00,-0.0002,-0.00010,2.000
2,35.700,0.00,-0.0002,-0.00010,2.000
2,35.750,0.00,-0.0002,-0.00010,2.000
2,35.800,0.00,-0.0002,-0.00010,2.000
2,35.850,0.00,-0.0002,-0.00010,2.000
2,35.900,0.00,-0.0002,-0.00010,2.000
2,35.950,0.00,-0.0002,-0.00010,2.000
2,36.000,0.00,-0.0002,-0.00010,2.000
2,36.050,0.00,-0.0002,-0.00010,2.000
3,36.200,0.00,-0.0001,0.00000,3.000
3,36.250,0.00,0.0279,0.02800,3.000
3,36.300,0.00,0.0775,0.07760,3.000
3,36.350,0.00,0.1274,0.12750,3.000
3,36.400,0.00,0.1776,0.17770,3.000
3,36.450,0.00,0.2276,0.22770,3.000
3,36.500,0.00,0.2776,0.27770,3.000
3,36.550,0.00,0.3277,0.32780,3.000
3,36.600,0.01,0.3778,0.37790,3.000
3,36.650,0.00,0.4278,0.42790,3.000
3,36.700,0.01,0.4777,0.47780,3.000
3,36.750,0.00,0.5277,0.52780,3.000
3,36.800,0.00,0.5777,0.57780,3.000
3,36.850,0.00,0.6279,0.62800,3.000
3,36.900,0.00,0.6777,0.67780,3.000
3,36.950,0.00,0.7276,0.72770,3.000
3,37.000,0.00,0.7777,0.77780,3.000
3,37.050,0.00,0.8277,0.82780,3.000
3,37.100,0.01,0.8776,0.87770,3.000
3,37.150,0.00,0.9276,0.92770,3.000
3,37.200,0.00,0.9777,0.97780,3.000
3,37.250,0.00,1.0279,1.02800,3.000
3,37.300,0.00,1.0776,1.07770,3.000
3,37.350,0.01,1.1277,1.12780,3.000
3,37.400,0.00,1.1776,1.17770,3.000
3,37.450,0.00,1.2279,1.22800,3.000
3,37.500,0.01,1.2777,1.27780,3.000
3,37.550,0.00,1.3278,1.32790,3.000
3,37.600,0.00,1.3776,1.37770,3.000
3,37.650,0.00,1.4278,1.42790,3.000
3,37.700,0.00,1.4777,1.47780,3.000
3,37.750,0.00,1.5276,1.52770,3.000
3,37.800,0.00,1.5778,1.57790,3.000
3,37.850,0.00,1.6277,1.62780,3.000
3,37.900,0.00,1.6777,1.67780,3.000
3,37.950,0.00,1.7276,1.72770,3.000
3,38.000,0.00,1.7778,1.77790,3.000
3,38.050,0.00,1.8277,1.82780,3.000
3,38.100,0.00,1.8778,1.87790,3.000
3,38.150,0.00,1.9276,1.92770,3.000
3,38.200,0.00,1.9778,1.97790,3.000
3,38.250,0.00,2.0279,2.02800,3.000
3,38.300,0.00,2.0778,2.07790,3.000
3,38.350,0.00,2.1277,2.12780,3.000
3,38.400,0.00,2.1777,2.17780,3.000
3,38.450,0.00,2.2277,2.22780,3.000
3,38.500,0.00,2.2778,2.27790,3.000
3,38.550,0.01,2.3276,2.32770,3.000
3,38.600,0.00,2.3777,2.37780,3.000
3,38.650,0.00,2.4278,2.42790,3.000
3,38.700,0.00,2.4779,2.47800,3.000
3,38.750,0.01,2.5277,2.52780,3.000
3,38.800,0.00,2.5779,2.57800,3.000
3,38.850,0.00,2.6279,2.62800,3.000
3,38.900,0.00,2.6779,2.67800,3.000
3,38.950,0.00,2.7278,2.72790,3.000
3,39.000,0.00,2.7777,2.77780,3.000
3,39.050,0.00,2.8278,2.82790,3.000
3,39.100,0.00,2.8778,2.87790,3.000
3,39.150,0.00,2.9276,2.92770,3.000
3,39.200,0.00,2.9779,2.97800,3.000
3,39.250,0.00,3.0277,3.02780,3.000
3,39.300,0.00,3.0779,3.07800,3.000
3,39.350,0.00,3.1276,3.12770,3.000
3,39.400,0.00,3.1779,3.17800,3.000
3,39.450,0.00,3.2278,3.22790,3.000
3,39.500,0.00,3.2780,3.27810,3.000
3,39.550,0.00,3.3278,3.32790,3.000
3,39.600,0.00,3.3778,3.37790,3.000
3,39.650,0.00,3.4280,3.42810,3.000
3,39.700,0.00,3.4779,3.47800,3.000
3,39.750,0.00,3.5277,3.52780,3.000
3,39.800,0.00,3.5778,3.57790,3.000
3,39.850,0.00,3.6278,3.62790,3.000
3,39.900,0.00,3.6780,3.67810,3.000
3,39.950,0.00,3.7278,3.72790,3.000
3,40.000,0.00,3.7776,3.77770,3.000
3,40.050,0.00,3.8278,3.82790,3.000
3,40.100,0.00,3.8779,3.87800,3.000
3,40.150,0.00,3.9278,3.92790,3.000
3,40.200,0.00,3.9778,3.97790,3.000
3,40.250,0.00,4.0278,4.02790,3.000
3,40.300,0.00,4.0780,4.07810,3.000
3,40.350,0.00,4.1278,4.12790,3.000
3,40.400,0.00,4.1778,4.17790,3.000
3,40.450,0.00,4.2279,4.22800,3.000
3,40.500,0.00,4.2779,4.27800,3.000
3,40.550,0.00,4.3278,4.32790,3.000
3,40.600,0.00,4.3777,4.37780,3.000
3,40.650,0.00,4.4279,4.42800,3.000
3,40.700,0.00,4.4780,4.47810,3.000
3,40.750,0.00,4.5279,4.52800,3.000
3,40.800,0.00,4.5779,4.57800,3.000
3,40.850,0.00,4.6279,4.62800,3.000
3,40.900,0.01,4.6779,4.67800,3.000
3,40.950,0.05,4.7277,4.72780,3.000
3,41.000,0.09,4.7777,4.77780,3.000
3,41.050,0.15,4.8279,4.82800,3.000
3,41.100,0.23,4.8779,4.87800,3.000
3,41.150,0.29,4.9278,4.92790,3.000
3,41.200,0.36,4.9777,4.97780,3.000
3,41.250,0.49,5.0279,5.02800,3.000
3,41.300,0.64,5.0779,5.07800,3.000
3,41.350,0.81,5.1278,5.12790,3.000
3,41.400,1.01,5.1778,5.17790,3.000
3,41.450,1.24,5.2279,5.22800,3.000
3,41.500,1.49,5.2780,5.27810,3.000
3,41.550,1.76,5.3280,5.32810,3.000
3,41.600,2.07,5.3779,5.37800,3.000
3,41.650,2.39,5.4279,5.42800,3.000
3,41.700,2.74,5.4780,5.47810,3.000
3,41.750,3.13,5.5278,5.52790,3.000
3,41.800,3.54,5.5779,5.57800,3.000
3,41.850,3.98,5.6278,5.62790,3.000
3,41.900,4.46,5.6780,5.67810,3.000
3,41.950,4.98,5.7279,5.72800,3.000
3,42.000,5.53,5.7778,5.77790,3.000
3,42.050,6.11,5.8278,5.82790,3.000
3,42.100,6.73,5.8779,5.87800,3.000
3,42.150,7.40,5.9278,5.92790,3.000
3,42.200,8.09,5.9777,5.97780,3.000
3,42.250,8.83,6.0279,6.02800,3.000
3,42.300,9.62,6.0780,6.07810,3.000
3,42.350,10.45,6.1278,6.12790,3.000
3,42.400,10.90,6.1778,6.17790,3.000
3,42.450,11.74,6.2279,6.22800,3.000
3,42.500,12.78,6.2779,6.27800,3.000
3,42.550,13.89,6.3279,6.32800,3.000
3,42.600,15.03,6.3778,6.37790,3.000
3,42.650,16.24,6.4280,6.42810,3.000
3,42.700,17.52,6.4780,6.47810,3.000
3,42.750,18.87,6.5278,6.52790,3.000
3,42.800,20.31,6.5778,6.57790,3.000
3,42.850,21.86,6.6279,6.62800,3.000
3,42.900,23.53,6.6781,6.67820,3.000
3,42.950,25.37,6.7278,6.72790,3.000
3,43.000,27.41,6.7778,6.77790,3.000
3,43.050,29.67,6.8279,6.82800,3.000
3,43.150,32.77,6.8822,6.88230,3.000
3,43.200,28.58,6.8365,6.83660,3.000
3,43.250,24.57,6.7865,6.78660,3.000
3,43.300,21.41,6.7366,6.73670,3.000
3,43.350,18.81,6.6867,6.68680,3.000
3,43.400,16.64,6.6367,6.63680,3.000
3,43.450,14.77,6.5866,6.58670,3.000
3,43.500,13.13,6.5365,6.53660,3.000
3,43.550,11.70,6.4867,6.48680,3.000
3,43.600,10.44,6.4368,6.43690,3.000
3,43.650,9.33,6.3868,6.38690,3.000
3,43.700,8.37,6.3365,6.33660,3.000
3,43.750,7.50,6.2866,6.28670,3.000
3,43.800,6.70,6.2367,6.23680,3.000
3,43.850,5.98,6.1866,6.18670,3.000
3,43.900,5.36,6.1366,6.13670,3.000
3,43.950,4.80,6.0867,6.08680,3.000
3,44.000,4.30,6.0367,6.03680,3.000
3,44.050,3.89,5.9866,5.98670,3.000
3,44.100,3.56,5.9365,5.93660,3.000
3,44.150,3.21,5.8865,5.88660,3.000
3,44.200,2.89,5.8367,5.83680,3.000
3,44.250,2.61,5.7865,5.78660,3.000
3,44.300,2.36,5.7363,5.73640,3.000
3,44.350,2.12,5.6865,5.68660,3.000
3,44.400,1.82,5.6366,5.63670,3.000
3,44.450,1.59,5.5866,5.58670,3.000
3,44.500,1.38,5.5365,5.53660,3.000
3,44.550,1.19,5.4865,5.48660,3.000
3,44.600,1.01,5.4367,5.43680,3.000
3,44.650,0.86,5.3866,5.38670,3.000
3,44.700,0.72,5.3365,5.33660,3.000
3,44.750,0.60,5.2867,5.28680,3.000
3,44.800,0.48,5.2366,5.23670,3.000
3,44.850,0.38,5.1865,5.18660,3.000
3,44.900,0.29,5.1363,5.13640,3.000
3,44.950,0.22,5.0864,5.08650,3.000
3,45.000,0.16,5.0364,5.03650,3.000
3,45.050,0.10,4.9865,4.98660,3.000
3,45.100,0.07,4.9364,4.93650,3.000
3,45.150,0.03,4.8864,4.88650,3.000
3,45.200,0.01,4.8365,4.83660,3.000
3,45.250,0.02,4.7865,4.78660,3.000
3,45.300,0.00,4.7363,4.73640,3.000
3,45.350,0.00,4.6864,4.68650,3.000
3,45.400,0.00,4.6366,4.63670,3.000
3,45.450,0.00,4.5866,4.58670,3.000
3,45.500,0.00,4.5364,4.53650,3.000
3,45.550,0.00,4.4864,4.48650,3.000
3,45.600,0.00,4.4365,4.43660,3.000
3,45.650,0.01,4.3864,4.38650,3.000
3,45.700,0.00,4.3363,4.33640,3.000
3,45.750,0.00,4.2864,4.28650,3.000
3,45.800,0.00,4.2365,4.23660,3.000
3,45.850,0.01,4.1865,4.18660,3.000
3,45.900,0.00,4.1364,4.13650,3.000
3,45.950,0.01,4.0863,4.08640,3.000
3,46.000,0.00,4.0365,4.03660,3.000
3,46.050,0.01,3.9865,3.98660,3.000
3,46.100,0.00,3.9363,3.93640,3.000
3,46.150,0.00,3.8864,3.88650,3.000
3,46.200,0.00,3.8364,3.83650,3.000
3,46.250,0.00,3.7865,3.78660,3.000
3,46.300,0.00,3.7362,3.73630,3.000
3,46.350,0.00,3.6863,3.68640,3.000
3,46.400,0.00,3.6363,3.63640,3.000
3,46.450,0.00,3.5864,3.58650,3.000
3,46.500,0.00,3.5363,3.53640,3.000
3,46.550,0.00,3.4862,3.48630,3.000
3,46.600,0.00,3.4365,3.43660,3.000
3,46.650,0.01,3.3865,3.38660,3.000
3,46.700,0.00,3.3363,3.33640,3.000
3,46.750,0.00,3.2864,3.28650,3.000
3,46.800,0.00,3.2364,3.23650,3.000
3,46.850,0.01,3.1865,3.18660,3.000
3,46.900,0.01,3.1362,3.13630,3.000
3,46.950,0.00,3.0863,3.08640,3.000
3,47.000,0.01,3.0364,3.03650,3.000
3,47.050,0.00,2.9864,2.98650,3.000
3,47.100,0.00,2.9362,2.93630,3.000
3,47.150,0.00,2.8862,2.88630,3.000
3,47.200,0.00,2.8364,2.83650,3.000
3,47.250,0.00,2.7864,2.78650,3.000
3,47.300,0.00,2.7364,2.73650,3.000
3,47.350,0.00,2.6863,2.68640,3.000
3,47.400,0.01,2.6364,2.63650,3.000
3,47.450,0.00,2.5864,2.58650,3.000
3,47.500,0.00,2.5363,2.53640,3.000
3,47.550,0.00,2.4863,2.48640,3.000
3,47.600,0.00,2.4363,2.43640,3.000
3,47.650,0.00,2.3864,2.38650,3.000
3,47.700,0.00,2.3363,2.33640,3.000
3,47.750,0.00,2.2863,2.28640,3.000
3,47.800,0.00,2.2364,2.23650,3.000
3,47.850,0.00,2.1864,2.18650,3.000
3,47.900,0.00,2.1364,2.13650,3.000
3,47.950,0.00,2.0864,2.08650,3.000
3,48.000,0.00,2.0365,2.03660,3.000
3,48.050,0.01,1.9864,1.98650,3.000
3,48.100,0.00,1.9363,1.93640,3.000
3,48.150,0.00,1.8862,1.88630,3.000
3,48.200,0.00,1.8363,1.83640,3.000
3,48.250,0.01,1.7864,1.78650,3.000
3,48.300,0.00,1.7363,1.73640,3.000
3,48.350,0.00,1.6862,1.68630,3.000
3,48.400,0.00,1.6363,1.63640,3.000
3,48.450,0.00,1.5863,1.58640,3.000
3,48.500,0.00,1.5362,1.53630,3.000
3,48.550,0.00,1.4861,1.48620,3.000
3,48.600,0.00,1.4362,1.43630,3.000
3,48.650,0.00,1.3862,1.38630,3.000
3,48.700,0.00,1.3363,1.33640,3.000
3,48.750,0.01,1.2861,1.28620,3.000
3,48.800,0.00,1.2363,1.23640,3.000
3,48.850,0.00,1.1863,1.18640,3.000
3,48.900,0.00,1.1362,1.13630,3.000
3,48.950,0.00,1.0861,1.08620,3.000
3,49.000,0.00,1.0363,1.03640,3.000
3,49.050,0.00,0.9862,0.98630,3.000
3,49.100,0.00,0.9362,0.93630,3.000
3,49.150,0.00,0.8861,0.88620,3.000
3,49.200,0.00,0.8361,0.83620,3.000
3,49.250,0.00,0.7863,0.78640,3.000
3,49.300,0.00,0.7363,0.73640,3.000
3,49.350,0.00,0.6863,0.68640,3.000
3,49.400,0.00,0.6362,0.63630,3.000
3,49.450,-0.01,0.5863,0.58640,3.000
3,49.500,0.00,0.5362,0.53630,3.000
3,49.550,0.00,0.4860,0.48610,3.000
3,49.600,0.00,0.4362,0.43630,3.000
3,49.650,0.00,0.3863,0.38640,3.000
3,49.700,0.00,0.3363,0.33640,3.000
3,49.750,0.00,0.2861,0.28620,3.000
3,49.800,0.00,0.2361,0.23620,3.000
3,49.850,0.00,0.1862,0.18630,3.000
3,49.900,0.00,0.1362,0.13630,3.000
3,49.950,0.00,0.0860,0.08610,3.000
3,50.000,0.00,0.0361,0.03620,3.000
3,50.100,0.00,-0.0434,-0.04330,3.000
3,50.150,0.00,-0.0121,-0.01200,3.000
3,50.200,0.00,-0.0004,-0.00030,3.000
3,50.250,0.00,-0.0004,-0.00030,3.000
3,50.300,0.00,-0.0004,-0.00030,3.000
3,50.350,0.00,-0.0004,-0.00030,3.000
3,50.400,0.00,-0.0004,-0.00030,3.000
3,50.450,0.00,-0.0004,-0.00030,3.000
3,50.500,0.00,-0.0004,-0.00030,3.000
3,50.550,0.00,-0.0004,-0.00030,3.000
3,50.600,0.00,-0.0004,-0.00030,3.000
3,50.650,0.00,-0.0004,-0.00030,3.000
3,50.700,0.00,-0.0004,-0.00030,3.000
3,50.750,0.00,-0.0004,-0.00030,3.000
3,50.800,0.00,-0.0004,-0.00030,3.000
3,50.850,0.00,-0.0004,-0.00030,3.000
3,50.900,0.00,-0.0004,-0.00030,3.000
3,50.950,0.00,-0.0004,-0.00030,3.000
3,51.000,0.00,-0.0004,-0.00030,3.000
3,51.050,0.00,-0.0004,-0.00030,3.000
3,51.100,0.00,-0.0004,-0.00030,3.000
3,51.150,0.00,-0.0004,-0.00030,3.000
3,51.200,0.00,-0.0004,-0.00030,3.000
3,51.250,0.00,-0.0004,-0.00030,3.000
3,51.300,0.00,-0.0004,-0.00030,3.000
3,51.350,0.00,-0.0004,-0.00030,3.000
3,51.400,0.00,-0.0004,-0.00030,3.000
3,51.450,0.01,-0.0004,-0.00030,3.000
3,51.500,0.00,-0.0004,-0.00030,3.000
3,51.550,0.00,-0.0004,-0.00030,3.000
3,51.600,0.00,-0.0003,-0.00020,3.000
3,51.650,0.00,-0.0003,-0.00020,3.000
3,51.700,0.00,-0.0003,-0.00020,3.000
3,51.750,0.00,-0.0003,-0.00020,3.000
3,51.800,0.00,-0.0003,-0.00020,3.000
3,51.850,0.00,-0.0003,-0.00020,3.000
3,51.900,0.00,-0.0003,-0.00020,3.000
3,51.950,0.00,-0.0003,-0.00020,3.000
3,52.000,0.00,-0.0003,-0.00020,3.000
3,52.050,0.00,-0.0003,-0.00020,3.000
3,52.100,0.00,-0.0003,-0.00020,3.000
3,52.150,0.00,-0.0003,-0.00020,3.000
3,52.200,0.00,-0.0003,-0.00020,3.000
3,52.250,0.00,-0.0003,-0.00020,3.000
3,52.300,0.00,-0.0003,-0.00020,3.000
3,52.350,0.00,-0.0003,-0.00020,3.000
3,52.400,0.00,-0.0003,-0.00020,3.000
3,52.450,0.00,-0.0003,-0.00020,3.000
3,52.500,0.01,-0.0003,-0.00020,3.000
3,52.550,0.00,-0.0003,-0.00020,3.000
3,52.600,0.00,-0.0003,-0.00020,3.000
3,52.650,0.00,-0.0003,-0.00020,3.000
3,52.700,0.00,-0.0003,-0.00020,3.000
3,52.750,0.00,-0.0003,-0.00020,3.000
3,52.800,0.00,-0.0003,-0.00020,3.000
3,52.850,0.00,-0.0003,-0.00020,3.000
3,52.900,0.00,-0.0003,-0.00020,3.000
3,52.950,0.00,-0.0003,-0.00020,3.000
3,53.000,0.00,-0.0003,-0.00020,3.000
3,53.050,0.00,-0.0003,-0.00020,3.000
3,53.100,0.00,-0.0003,-0.00020,3.000
3,53.200,0.00,-0.0003,-0.00020,3.000
3,53.250,0.00,-0.0003,-0.00020,3.000
3,53.300,0.00,-0.0003,-0.00020,3.000
3,53.350,0.00,-0.0002,-0.00010,3.000
3,53.400,0.00,-0.0002,-0.00010,3.000
3,53.450,0.00,-0.0002,-0.00010,3.000
3,53.500,0.00,-0.0002,-0.00010,3.000
3,53.550,0.01,-0.0002,-0.00010,3.000
3,53.600,0.00,-0.0002,-0.00010,3.000
3,53.650,0.00,-0.0002,-0.00010,3.000
3,53.700,0.00,-0.0002,-0.00010,3.000
3,53.750,0.00,-0.0002,-0.00010,3.000
3,53.800,0.01,-0.0002,-0.00010,3.000
3,53.850,0.00,-0.0002,-0.00010,3.000
3,53.900,0.00,-0.0002,-0.00010,3.000
3,53.950,0.00,-0.0002,-0.00010,3.000
3,54.000,0.00,-0.0002,-0.00010,3.000
3,54.050,0.00,-0.0002,-0.00010,3.000
3,54.100,0.00,-0.0002,-0.00010,3.000
4,54.350,0.00,0.0299,0.03000,4.000
4,54.400,0.01,0.0795,0.07960,4.000
4,54.450,0.01,0.1294,0.12950,4.000
4,54.500,0.00,0.1796,0.17970,4.000
4,54.550,0.00,0.2298,0.22990,4.000
4,54.600,0.00,0.2796,0.27970,4.000
4,54.650,0.01,0.3296,0.32970,4.000
4,54.700,0.00,0.3798,0.37990,4.000
4,54.750,0.01,0.4298,0.42990,4.000
4,54.800,0.01,0.4796,0.47970,4.000
4,54.850,0.00,0.5296,0.52970,4.000
4,54.900,0.00,0.5797,0.57980,4.000
4,54.950,0.00,0.6299,0.63000,4.000
4,55.000,0.01,0.6796,0.67970,4.000
4,55.050,0.00,0.7296,0.72970,4.000
4,55.100,0.00,0.7796,0.77970,4.000
4,55.150,0.00,0.8298,0.82990,4.000
4,55.200,0.01,0.8796,0.87970,4.000
4,55.250,0.01,0.9296,0.92970,4.000
4,55.300,0.00,0.9797,0.97980,4.000
4,55.350,0.01,1.0298,1.02990,4.000
4,55.400,0.00,1.0796,1.07970,4.000
4,55.450,0.00,1.1296,1.12970,4.000
4,55.500,0.01,1.1796,1.17970,4.000
4,55.550,0.01,1.2300,1.23010,4.000
4,55.600,0.01,1.2797,1.27980,4.000
4,55.650,0.00,1.3297,1.32980,4.000
4,55.700,0.01,1.3796,1.37970,4.000
4,55.750,0.01,1.4296,1.42970,4.000
4,55.800,0.00,1.4796,1.47970,4.000
4,55.850,0.01,1.5296,1.52970,4.000
4,55.900,0.01,1.5797,1.57980,4.000
4,55.950,0.01,1.6297,1.62980,4.000
4,56.000,0.01,1.6797,1.67980,4.000
4,56.050,0.01,1.7296,1.72970,4.000
4,56.100,0.01,1.7797,1.77980,4.000
4,56.150,0.01,1.8298,1.82990,4.000
4,56.200,0.01,1.8798,1.87990,4.000
4,56.250,0.01,1.9296,1.92970,4.000
4,56.300,0.00,1.9797,1.97980,4.000
4,56.350,0.01,2.0299,2.03000,4.000
4,56.400,0.00,2.0798,2.07990,4.000
4,56.450,0.00,2.1297,2.12980,4.000
4,56.500,0.01,2.1799,2.18000,4.000
4,56.550,0.00,2.2298,2.22990,4.000
4,56.600,0.01,2.2798,2.27990,4.000
4,56.650,0.00,2.3297,2.32980,4.000
4,56.700,0.01,2.3798,2.37990,4.000
4,56.750,0.00,2.4297,2.42980,4.000
4,56.800,0.01,2.4799,2.48000,4.000
4,56.850,0.01,2.5297,2.52980,4.000
4,56.900,0.01,2.5798,2.57990,4.000
4,56.950,0.00,2.6300,2.63010,4.000
4,57.000,0.01,2.6800,2.68010,4.000
4,57.050,0.00,2.7298,2.72990,4.000
4,57.100,0.01,2.7798,2.77990,4.000
4,57.150,0.01,2.8298,2.82990,4.000
4,57.200,0.01,2.8799,2.88000,4.000
4,57.250,0.01,2.9297,2.92980,4.000
4,57.300,0.00,2.9798,2.97990,4.000
4,57.350,0.01,3.0299,3.03000,4.000
4,57.400,0.01,3.0798,3.07990,4.000
4,57.450,0.00,3.1296,3.12970,4.000
4,57.500,0.00,3.1797,3.17980,4.000
4,57.550,0.01,3.2299,3.23000,4.000
4,57.600,0.01,3.2799,3.28000,4.000
4,57.650,0.01,3.3298,3.32990,4.000
4,57.700,0.00,3.3798,3.37990,4.000
4,57.750,0.00,3.4300,3.43010,4.000
4,57.800,0.01,3.4799,3.48000,4.000
4,57.850,0.01,3.5297,3.52980,4.000
4,57.900,0.01,3.5797,3.57980,4.000
4,57.950,0.01,3.6299,3.63000,4.000
4,58.000,0.00,3.6799,3.68000,4.000
4,58.050,0.00,3.7298,3.72990,4.000
4,58.100,0.00,3.7798,3.77990,4.000
4,58.150,0.01,3.8299,3.83000,4.000
4,58.200,0.00,3.8799,3.88000,4.000
4,58.250,0.00,3.9297,3.92980,4.000
4,58.300,0.01,3.9799,3.98000,4.000
4,58.350,0.01,4.0298,4.02990,4.000
4,58.400,0.01,4.0800,4.08010,4.000
4,58.450,0.01,4.1299,4.13000,4.000
4,58.500,0.01,4.1799,4.18000,4.000
4,58.550,0.01,4.2299,4.23000,4.000
4,58.600,0.01,4.2800,4.28010,4.000
4,58.650,0.01,4.3298,4.32990,4.000
4,58.700,0.01,4.3798,4.37990,4.000
4,58.750,0.00,4.4299,4.43000,4.000
4,58.800,0.01,4.4799,4.48000,4.000
4,58.850,0.01,4.5299,4.53000,4.000
4,58.900,0.01,4.5798,4.57990,4.000
4,58.950,0.01,4.6299,4.63000,4.000
4,59.000,0.01,4.6800,4.68010,4.000
4,59.050,0.05,4.7297,4.72980,4.000
4,59.100,0.08,4.7798,4.77990,4.000
4,59.150,0.15,4.8298,4.82990,4.000
4,59.200,0.21,4.8800,4.88010,4.000
4,59.250,0.29,4.9298,4.92990,4.000
4,59.300,0.38,4.9798,4.97990,4.000
4,59.350,0.50,5.0298,5.02990,4.000
4,59.400,0.63,5.0799,5.08000,4.000
4,59.450,0.79,5.1297,5.12980,4.000
4,59.500,0.96,5.1798,5.17990,4.000
4,59.550,1.15,5.2299,5.23000,4.000
4,59.600,1.39,5.2800,5.28010,4.000
4,59.650,1.64,5.3299,5.33000,4.000
4,59.700,1.93,5.3798,5.37990,4.000
4,59.750,2.25,5.4300,5.43010,4.000
4,59.800,2.59,5.4800,5.48010,4.000
4,59.850,2.96,5.5299,5.53000,4.000
4,59.900,3.37,5.5798,5.57990,4.000
4,59.950,3.81,5.6299,5.63000,4.000
4,60.000,4.28,5.6799,5.68000,4.000
4,60.050,4.76,5.7298,5.72990,4.000
4,60.100,5.29,5.7798,5.77990,4.000
4,60.150,5.86,5.8298,5.82990,4.000
4,60.200,6.48,5.8799,5.88000,4.000
4,60.250,7.14,5.9298,5.92990,4.000
4,60.300,7.84,5.9798,5.97990,4.000
4,60.350,8.58,6.0298,6.02990,4.000
4,60.400,9.37,6.0801,6.08020,4.000
4,60.450,10.20,6.1298,6.12990,4.000
4,60.500,11.09,6.1798,6.17990,4.000
4,60.550,12.02,6.2299,6.23000,4.000
4,60.600,13.02,6.2799,6.28000,4.000
4,60.650,14.08,6.3299,6.33000,4.000
4,60.700,15.19,6.3799,6.38000,4.000
4,60.750,16.37,6.4300,6.43010,4.000
4,60.800,17.62,6.4800,6.48010,4.000
4,60.850,18.96,6.5299,6.53000,4.000
4,60.900,20.40,6.5797,6.57980,4.000
4,60.950,21.94,6.6298,6.62990,4.000
4,61.000,23.62,6.6799,6.68000,4.000
4,61.050,25.48,6.7298,6.72990,4.000
4,61.100,27.51,6.7798,6.77990,4.000
4,61.150,29.76,6.8298,6.82990,4.000
4,61.250,30.92,6.8529,6.85300,4.000
4,61.300,26.33,6.8025,6.80260,4.000
4,61.350,22.83,6.7527,6.75280,4.000
4,61.400,19.98,6.7025,6.70260,4.000
4,61.450,17.62,6.6526,6.65270,4.000
4,61.500,15.59,6.6026,6.60270,4.000
4,61.550,13.85,6.5527,6.55280,4.000
4,61.600,12.33,6.5025,6.50260,4.000
4,61.650,10.98,6.4527,6.45280,4.000
4,61.700,9.78,6.4027,6.40280,4.000
4,61.750,8.74,6.3527,6.35280,4.000
4,61.800,7.83,6.3025,6.30260,4.000
4,61.850,7.03,6.2525,6.25260,4.000
4,61.900,6.29,6.2027,6.20280,4.000
4,61.950,5.63,6.1527,6.15280,4.000
4,62.000,5.04,6.1026,6.10270,4.000
4,62.050,4.52,6.0526,6.05270,4.000
4,62.100,4.05,6.0026,6.00270,4.000
4,62.150,3.64,5.9526,5.95270,4.000
4,62.200,3.31,5.9024,5.90250,4.000
4,62.250,3.00,5.8525,5.85260,4.000
4,62.300,2.69,5.8025,5.80260,4.000
4,62.350,2.43,5.7525,5.75260,4.000
4,62.400,2.19,5.7025,5.70260,4.000
4,62.450,1.97,5.6524,5.65250,4.000
4,62.500,1.73,5.6027,5.60280,4.000
4,62.550,1.50,5.5526,5.55270,4.000
4,62.600,1.31,5.5025,5.50260,4.000
4,62.650,1.11,5.4524,5.45250,4.000
4,62.700,0.94,5.4026,5.40270,4.000
4,62.750,0.79,5.3527,5.35280,4.000
4,62.800,0.66,5.3026,5.30270,4.000
4,62.850,0.54,5.2526,5.25270,4.000
4,62.900,0.43,5.2026,5.20270,4.000
4,62.950,0.34,5.1526,5.15270,4.000
4,63.000,0.26,5.1024,5.10250,4.000
4,63.050,0.19,5.0524,5.05250,4.000
4,63.100,0.13,5.0024,5.00250,4.000
4,63.150,0.08,4.9526,4.95270,4.000
4,63.200,0.05,4.9024,4.90250,4.000
4,63.250,0.02,4.8523,4.85240,4.000
4,63.300,0.01,4.8025,4.80260,4.000
4,63.350,0.00,4.7525,4.75260,4.000
4,63.400,0.00,4.7023,4.70240,4.000
4,63.450,0.00,4.6523,4.65240,4.000
4,63.500,0.00,4.6025,4.60260,4.000
4,63.550,0.01,4.5525,4.55260,4.000
4,63.600,0.00,4.5024,4.50250,4.000
4,63.650,0.00,4.4523,4.45240,4.000
4,63.700,0.01,4.4024,4.40250,4.000
4,63.750,0.01,4.3525,4.35260,4.000
4,63.800,0.01,4.3025,4.30260,4.000
4,63.850,0.00,4.2523,4.25240,4.000
4,63.900,0.01,4.2026,4.20270,4.000
4,63.950,0.00,4.1525,4.15260,4.000
4,64.000,0.01,4.1024,4.10250,4.000
4,64.050,0.01,4.0524,4.05250,4.000
4,64.100,0.01,4.0026,4.00270,4.000
4,64.150,0.01,3.9525,3.95260,4.000
4,64.200,0.00,3.9025,3.90260,4.000
4,64.250,0.00,3.8523,3.85240,4.000
4,64.300,0.01,3.8024,3.80250,4.000
4,64.350,0.00,3.7524,3.75250,4.000
4,64.400,0.01,3.7023,3.70240,4.000
4,64.450,0.01,3.6523,3.65240,4.000
4,64.500,0.00,3.6023,3.60240,4.000
4,64.550,0.01,3.5524,3.55250,4.000
4,64.600,0.00,3.5023,3.50240,4.000
4,64.650,0.01,3.4523,3.45240,4.000
4,64.700,0.00,3.4024,3.40250,4.000
4,64.750,0.01,3.3526,3.35270,4.000
4,64.800,0.01,3.3024,3.30250,4.000
4,64.850,0.00,3.2522,3.25230,4.000
4,64.900,0.00,3.2024,3.20250,4.000
4,64.950,0.01,3.1523,3.15240,4.000
4,65.000,0.01,3.1022,3.10230,4.000
4,65.050,0.01,3.0522,3.05230,4.000
4,65.100,0.00,3.0024,3.00250,4.000
4,65.150,0.01,2.9524,2.95250,4.000
4,65.200,0.00,2.9023,2.90240,4.000
4,65.250,0.00,2.8522,2.85230,4.000
4,65.300,0.00,2.8023,2.80240,4.000
4,65.350,0.00,2.7525,2.75260,4.000
4,65.400,0.01,2.7023,2.70240,4.000
4,65.450,0.01,2.6523,2.65240,4.000
4,65.500,0.00,2.6024,2.60250,4.000
4,65.550,0.01,2.5525,2.55260,4.000
4,65.600,0.00,2.5024,2.50250,4.000
4,65.650,0.01,2.4522,2.45230,4.000
4,65.700,0.01,2.4024,2.40250,4.000
4,65.750,0.01,2.3524,2.35250,4.000
4,65.800,0.01,2.3022,2.30230,4.000
4,65.850,0.01,2.2522,2.25230,4.000
4,65.900,0.01,2.2023,2.20240,4.000
4,65.950,0.01,2.1525,2.15260,4.000
4,66.000,0.01,2.1025,2.10260,4.000
4,66.050,0.00,2.0523,2.05240,4.000
4,66.100,0.00,2.0023,2.00240,4.000
4,66.150,0.01,1.9523,1.95240,4.000
4,66.200,0.00,1.9022,1.90230,4.000
4,66.250,0.01,1.8522,1.85230,4.000
4,66.300,0.00,1.8023,1.80240,4.000
4,66.350,0.01,1.7524,1.75250,4.000
4,66.400,0.01,1.7023,1.70240,4.000
4,66.450,0.01,1.6522,1.65230,4.000
4,66.500,0.01,1.6022,1.60230,4.000
4,66.550,0.00,1.5523,1.55240,4.000
4,66.600,0.01,1.5023,1.50240,4.000
4,66.650,0.01,1.4521,1.45220,4.000
4,66.700,0.01,1.4022,1.40230,4.000
4,66.750,0.00,1.3523,1.35240,4.000
4,66.800,0.00,1.3023,1.30240,4.000
4,66.850,0.01,1.2522,1.25230,4.000
4,66.900,0.01,1.2022,1.20230,4.000
4,66.950,0.01,1.1524,1.15250,4.000
4,67.000,0.00,1.1023,1.10240,4.000
4,67.050,0.00,1.0522,1.05230,4.000
4,67.100,0.01,1.0021,1.00220,4.000
4,67.150,0.01,0.9522,0.95230,4.000
4,67.200,0.01,0.9023,0.90240,4.000
4,67.250,0.01,0.8521,0.85220,4.000
4,67.300,0.01,0.8021,0.80220,4.000
4,67.350,0.01,0.7523,0.75240,4.000
4,67.400,0.01,0.7024,0.70250,4.000
4,67.450,0.01,0.6522,0.65230,4.000
4,67.500,0.00,0.6021,0.60220,4.000
4,67.550,0.01,0.5521,0.55220,4.000
4,67.600,0.00,0.5023,0.50240,4.000
4,67.650,0.01,0.4521,0.45220,4.000
4,67.700,0.01,0.4021,0.40220,4.000
4,67.750,0.00,0.3523,0.35240,4.000
4,67.800,0.00,0.3022,0.30230,4.000
4,67.850,0.00,0.2522,0.25230,4.000
4,67.900,0.01,0.2021,0.20220,4.000
4,67.950,0.00,0.1522,0.15230,4.000
4,68.000,0.01,0.1022,0.10230,4.000
4,68.050,0.00,0.0521,0.05220,4.000
4,68.100,0.00,0.0021,0.00220,4.000
4,68.200,0.00,-0.0357,-0.03560,4.000
4,68.250,0.00,-0.0005,-0.00040,4.000
4,68.300,0.01,-0.0004,-0.00030,4.000
4,68.350,0.00,-0.0004,-0.00030,4.000
4,68.400,0.00,-0.0004,-0.00030,4.000
4,68.450,0.00,-0.0004,-0.00030,4.000
4,68.500,0.01,-0.0004,-0.00030,4.000
4,68.550,0.00,-0.0004,-0.00030,4.000
4,68.600,0.00,-0.0004,-0.00030,4.000
4,68.650,0.01,-0.0004,-0.00030,4.000
4,68.700,0.01,-0.0004,-0.00030,4.000
4,68.750,0.01,-0.0004,-0.00030,4.000
4,68.800,0.00,-0.0004,-0.00030,4.000
4,68.850,0.00,-0.0004,-0.00030,4.000
4,68.900,0.00,-0.0004,-0.00030,4.000
4,68.950,0.01,-0.0004,-0.00030,4.000
4,69.000,0.01,-0.0004,-0.00030,4.000
4,69.050,0.01,-0.0004,-0.00030,4.000
4,69.100,0.01,-0.0004,-0.00030,4.000
4,69.150,0.00,-0.0004,-0.00030,4.000
4,69.200,0.00,-0.0004,-0.00030,4.000
4,69.250,0.01,-0.0004,-0.00030,4.000
4,69.300,0.01,-0.0004,-0.00030,4.000
4,69.350,0.01,-0.0004,-0.00030,4.000
4,69.400,0.01,-0.0004,-0.00030,4.000
4,69.450,0.00,-0.0004,-0.00030,4.000
4,69.500,0.01,-0.0004,-0.00030,4.000
4,69.550,0.01,-0.0004,-0.00030,4.000
4,69.600,0.00,-0.0004,-0.00030,4.000
4,69.650,0.01,-0.0003,-0.00020,4.000
4,69.700,0.01,-0.0003,-0.00020,4.000
4,69.750,0.00,-0.0003,-0.00020,4.000
4,69.800,0.00,-0.0003,-0.00020,4.000
4,69.850,0.01,-0.0003,-0.00020,4.000
4,69.900,0.00,-0.0003,-0.00020,4.000
4,69.950,0.00,-0.0003,-0.00020,4.000
4,70.000,0.01,-0.0003,-0.00020,4.000
4,70.050,0.00,-0.0003,-0.00020,4.000
4,70.100,0.01,-0.0003,-0.00020,4.000
4,70.150,0.01,-0.0003,-0.00020,4.000
4,70.200,0.01,-0.0003,-0.00020,4.000
4,70.250,0.01,-0.0003,-0.00020,4.000
4,70.300,0.00,-0.0003,-0.00020,4.000
4,70.350,0.00,-0.0003,-0.00020,4.000
4,70.400,0.01,-0.0003,-0.00020,4.000
4,70.450,0.01,-0.0003,-0.00020,4.000
4,70.500,0.01,-0.0003,-0.00020,4.000
4,70.550,0.01,-0.0003,-0.00020,4.000
4,70.600,0.01,-0.0003,-0.00020,4.000
4,70.650,0.01,-0.0003,-0.00020,4.000
4,70.700,0.00,-0.0003,-0.00020,4.000
4,70.750,0.00,-0.0003,-0.00020,4.000
4,70.800,0.01,-0.0003,-0.00020,4.000
4,70.850,0.01,-0.0003,-0.00020,4.000
4,70.900,0.00,-0.0003,-0.00020,4.000
4,70.950,0.01,-0.0003,-0.00020,4.000
4,71.000,0.01,-0.0003,-0.00020,4.000
4,71.050,0.00,-0.0003,-0.00020,4.000
4,71.100,0.00,-0.0003,-0.00020,4.000
4,71.150,0.01,-0.0003,-0.00020,4.000
4,71.250,0.01,-0.0003,-0.00020,4.000
4,71.300,0.01,-0.0003,-0.00020,4.000
4,71.350,0.01,-0.0003,-0.00020,4.000
4,71.400,0.00,-0.0002,-0.00010,4.000
4,71.450,0.01,-0.0002,-0.00010,4.000
4,71.500,0.01,-0.0002,-0.00010,4.000
4,71.550,0.01,-0.0002,-0.00010,4.000
4,71.600,0.00,-0.0002,-0.00010,4.000
4,71.650,0.00,-0.0002,-0.00010,4.000
4,71.700,0.01,-0.0002,-0.00010,4.000
4,71.750,0.01,-0.0002,-0.00010,4.000
4,71.800,0.00,-0.0002,-0.00010,4.000
4,71.850,0.00,-0.0002,-0.00010,4.000
4,71.900,0.01,-0.0002,-0.00010,4.000
4,71.950,0.01,-0.0002,-0.00010,4.000
4,72.000,0.01,-0.0002,-0.00010,4.000
4,72.050,0.00,-0.0002,-0.00010,4.000
4,72.100,0.01,-0.0002,-0.00010,4.000
4,72.150,0.01,-0.0002,-0.00010,4.000
5,72.400,0.00,0.0595,0.05960,5.000
5,72.450,0.00,0.1095,0.10960,5.000
5,72.500,-0.01,0.1595,0.15960,5.000
5,72.550,-0.01,0.2095,0.20960,5.000
5,72.600,0.00,0.2597,0.25980,5.000
5,72.650,0.00,0.3097,0.30980,5.000
5,72.700,0.00,0.3597,0.35980,5.000
5,72.750,0.00,0.4096,0.40970,5.000
5,72.800,0.00,0.4597,0.45980,5.000
5,72.850,0.00,0.5097,0.50980,5.000
5,72.900,-0.01,0.5596,0.55970,5.000
5,72.950,-0.01,0.6097,0.60980,5.000
5,73.000,0.00,0.6599,0.66000,5.000
5,73.050,0.00,0.7098,0.70990,5.000
5,73.100,0.00,0.7597,0.75980,5.000
5,73.150,0.00,0.8095,0.80960,5.000
5,73.200,0.00,0.8597,0.85980,5.000
5,73.250,-0.01,0.9098,0.90990,5.000
5,73.300,0.00,0.9598,0.95990,5.000
5,73.350,0.00,1.0096,1.00970,5.000
5,73.400,-0.01,1.0597,1.05980,5.000
5,73.450,0.00,1.1098,1.10990,5.000
5,73.500,0.00,1.1597,1.15980,5.000
5,73.550,-0.01,1.2097,1.20980,5.000
5,73.600,-0.01,1.2597,1.25980,5.000
5,73.650,0.00,1.3098,1.30990,5.000
5,73.700,0.00,1.3597,1.35980,5.000
5,73.750,0.00,1.4095,1.40960,5.000
5,73.800,-0.01,1.4596,1.45970,5.000
5,73.850,-0.01,1.5098,1.50990,5.000
5,73.900,0.00,1.5597,1.55980,5.000
5,73.950,-0.01,1.6096,1.60970,5.000
5,74.000,-0.01,1.6597,1.65980,5.000
5,74.050,0.00,1.7098,1.70990,5.000
5,74.100,0.00,1.7598,1.75990,5.000
5,74.150,-0.01,1.8097,1.80980,5.000
5,74.200,0.00,1.8596,1.85970,5.000
5,74.250,0.00,1.9098,1.90990,5.000
5,74.300,0.00,1.9598,1.95990,5.000
5,74.350,-0.01,2.0097,2.00980,5.000
5,74.400,0.00,2.0598,2.05990,5.000
5,74.450,0.00,2.1099,2.11000,5.000
5,74.500,-0.01,2.1599,2.16000,5.000
5,74.550,0.00,2.2096,2.20970,5.000
5,74.600,0.00,2.2597,2.25980,5.000
5,74.650,-0.01,2.3098,2.30990,5.000
5,74.700,0.00,2.3599,2.36000,5.000
5,74.750,0.00,2.4097,2.40980,5.000
5,74.800,0.00,2.4597,2.45980,5.000
5,74.850,0.00,2.5099,2.51000,5.000
5,74.900,0.00,2.5599,2.56000,5.000
5,74.950,-0.01,2.6097,2.60980,5.000
5,75.000,0.00,2.6598,2.65990,5.000
5,75.050,-0.01,2.7100,2.71010,5.000
5,75.100,-0.01,2.7598,2.75990,5.000
5,75.150,0.00,2.8097,2.80980,5.000
5,75.200,0.00,2.8597,2.85980,5.000
5,75.250,0.00,2.9098,2.90990,5.000
5,75.300,0.00,2.9599,2.96000,5.000
5,75.350,0.00,3.0097,3.00980,5.000
5,75.400,0.00,3.0597,3.05980,5.000
5,75.450,-0.01,3.1099,3.11000,5.000
5,75.500,0.00,3.1598,3.15990,5.000
5,75.550,0.00,3.2098,3.20990,5.000
5,75.600,0.00,3.2597,3.25980,5.000
5,75.650,0.00,3.3100,3.31010,5.000
5,75.700,0.00,3.3600,3.36010,5.000
5,75.750,0.00,3.4098,3.40990,5.000
5,75.800,0.00,3.4598,3.45990,5.000
5,75.850,0.00,3.5099,3.51000,5.000
5,75.900,0.00,3.5599,3.56000,5.000
5,75.950,0.00,3.6097,3.60980,5.000
5,76.000,0.00,3.6597,3.65980,5.000
5,76.050,0.00,3.7098,3.70990,5.000
5,76.100,0.00,3.7599,3.76000,5.000
5,76.150,-0.01,3.8097,3.80980,5.000
5,76.200,0.00,3.8597,3.85980,5.000
5,76.250,0.00,3.9098,3.90990,5.000
5,76.300,0.00,3.9599,3.96000,5.000
5,76.350,-0.01,4.0098,4.00990,5.000
5,76.400,0.00,4.0598,4.05990,5.000
5,76.450,0.00,4.1099,4.11000,5.000
5,76.500,0.00,4.1600,4.16010,5.000
5,76.550,0.00,4.2099,4.21000,5.000
5,76.600,0.00,4.2598,4.25990,5.000
5,76.650,0.00,4.3098,4.30990,5.000
5,76.700,-0.01,4.3599,4.36000,5.000
5,76.750,-0.01,4.4098,4.40990,5.000
5,76.800,0.00,4.4599,4.46000,5.000
5,76.850,-0.01,4.5099,4.51000,5.000
5,76.900,-0.01,4.5600,4.56010,5.000
5,76.950,0.00,4.6099,4.61000,5.000
5,77.000,0.00,4.6598,4.65990,5.000
5,77.050,0.02,4.7099,4.71000,5.000
5,77.100,0.06,4.7599,4.76000,5.000
5,77.150,0.11,4.8098,4.80990,5.000
5,77.200,0.17,4.8598,4.85990,5.000
5,77.250,0.26,4.9099,4.91000,5.000
5,77.300,0.35,4.9599,4.96000,5.000
5,77.350,0.44,5.0098,5.00990,5.000
5,77.400,0.57,5.0597,5.05980,5.000
5,77.450,0.71,5.1098,5.10990,5.000
5,77.500,0.87,5.1599,5.16000,5.000
5,77.550,1.04,5.2098,5.20990,5.000
5,77.600,1.24,5.2598,5.25990,5.000
5,77.650,1.48,5.3100,5.31010,5.000
5,77.700,1.76,5.3600,5.36010,5.000
5,77.750,2.06,5.4100,5.41010,5.000
5,77.800,2.38,5.4597,5.45980,5.000
5,77.850,2.73,5.5100,5.51010,5.000
5,77.900,3.11,5.5600,5.56010,5.000
5,77.950,3.53,5.6100,5.61010,5.000
5,78.000,3.98,5.6597,5.65980,5.000
5,78.050,4.47,5.7098,5.70990,5.000
5,78.100,4.99,5.7599,5.76000,5.000
5,78.150,5.55,5.8099,5.81000,5.000
5,78.200,6.16,5.8596,5.85970,5.000
5,78.250,6.79,5.9099,5.91000,5.000
5,78.300,7.47,5.9599,5.96000,5.000
5,78.350,8.19,6.0099,6.01000,5.000
5,78.400,8.95,6.0598,6.05990,5.000
5,78.450,9.76,6.1100,6.11010,5.000
5,78.500,10.62,6.1600,6.16010,5.000
5,78.550,11.54,6.2099,6.21000,5.000
5,78.600,12.50,6.2599,6.26000,5.000
5,78.650,13.53,6.3099,6.31000,5.000
5,78.700,14.61,6.3599,6.36000,5.000
5,78.750,15.76,6.4100,6.41010,5.000
5,78.800,16.99,6.4598,6.45990,5.000
5,78.850,18.27,6.5099,6.51000,5.000
5,78.900,19.65,6.5600,6.56010,5.000
5,78.950,21.14,6.6100,6.61010,5.000
5,79.000,22.76,6.6597,6.65980,5.000
5,79.050,24.52,6.7099,6.71000,5.000
5,79.100,26.44,6.7599,6.76000,5.000
5,79.150,28.58,6.8099,6.81000,5.000
5,79.200,30.98,6.8597,6.85980,5.000
5,79.250,32.98,6.8894,6.88950,5.000
5,79.300,30.49,6.8580,6.85810,5.000
5,79.350,25.90,6.8087,6.80880,5.000
5,79.400,22.44,6.7587,6.75880,5.000
5,79.450,19.70,6.7086,6.70870,5.000
5,79.500,17.38,6.6585,6.65860,5.000
5,79.550,15.39,6.6087,6.60880,5.000
5,79.600,13.66,6.5586,6.55870,5.000
5,79.650,12.17,6.5087,6.50880,5.000
5,79.700,10.85,6.4585,6.45860,5.000
5,79.750,9.66,6.4088,6.40890,5.000
5,79.800,8.63,6.3587,6.35880,5.000
5,79.850,7.72,6.3086,6.30870,5.000
5,79.900,6.92,6.2584,6.25850,5.000
5,79.950,6.21,6.2086,6.20870,5.000
5,80.000,5.55,6.1586,6.15870,5.000
5,80.050,4.98,6.1087,6.10880,5.000
5,80.100,4.47,6.0585,6.05860,5.000
5,80.150,4.00,6.0086,6.00870,5.000
5,80.200,3.61,5.9586,5.95870,5.000
5,80.250,3.29,5.9085,5.90860,5.000
5,80.300,2.98,5.8585,5.85860,5.000
5,80.350,2.68,5.8084,5.80850,5.000
5,80.400,2.43,5.7586,5.75870,5.000
5,80.450,2.19,5.7085,5.70860,5.000
5,80.500,1.96,5.6584,5.65850,5.000
5,80.550,1.72,5.6086,5.60870,5.000
5,80.600,1.49,5.5587,5.55880,5.000
5,80.650,1.28,5.5086,5.50870,5.000
5,80.700,1.09,5.4583,5.45840,5.000
5,80.750,0.92,5.4086,5.40870,5.000
5,80.800,0.78,5.3587,5.35880,5.000
5,80.850,0.64,5.3086,5.30870,5.000
5,80.900,0.52,5.2585,5.25860,5.000
5,80.950,0.41,5.2085,5.20860,5.000
5,81.000,0.32,5.1585,5.15860,5.000
5,81.050,0.24,5.1085,5.10860,5.000
5,81.100,0.18,5.0583,5.05840,5.000
5,81.150,0.11,5.0085,5.00860,5.000
5,81.200,0.07,4.9584,4.95850,5.000
5,81.250,0.04,4.9084,4.90850,5.000
5,81.300,0.02,4.8582,4.85830,5.000
5,81.350,0.01,4.8084,4.80850,5.000
5,81.400,0.00,4.7584,4.75850,5.000
5,81.450,-0.01,4.7086,4.70870,5.000
5,81.500,0.00,4.6583,4.65840,5.000
5,81.550,0.00,4.6085,4.60860,5.000
5,81.600,-0.01,4.5586,4.55870,5.000
5,81.650,0.00,4.5084,4.50850,5.000
5,81.700,-0.01,4.4583,4.45840,5.000
5,81.750,0.00,4.4083,4.40840,5.000
5,81.800,0.00,4.3585,4.35860,5.000
5,81.850,-0.01,4.3084,4.30850,5.000
5,81.900,0.00,4.2583,4.25840,5.000
5,81.950,0.00,4.2084,4.20850,5.000
5,82.000,0.00,4.1585,4.15860,5.000
5,82.050,0.00,4.1085,4.10860,5.000
5,82.100,-0.01,4.0582,4.05830,5.000
5,82.150,0.00,4.0085,4.00860,5.000
5,82.200,0.00,3.9586,3.95870,5.000
5,82.250,0.00,3.9084,3.90850,5.000
5,82.300,0.00,3.8582,3.85830,5.000
5,82.350,0.00,3.8083,3.80840,5.000
5,82.400,0.00,3.7584,3.75850,5.000
5,82.450,-0.01,3.7084,3.70850,5.000
5,82.500,0.00,3.6583,3.65840,5.000
5,82.550,0.00,3.6083,3.60840,5.000
5,82.600,0.00,3.5584,3.55850,5.000
5,82.650,0.00,3.5085,3.50860,5.000
5,82.700,0.00,3.4582,3.45830,5.000
5,82.750,0.00,3.4084,3.40850,5.000
5,82.800,-0.01,3.3584,3.35850,5.000
5,82.850,0.00,3.3085,3.30860,5.000
5,82.900,0.00,3.2582,3.25830,5.000
5,82.950,0.00,3.2082,3.20830,5.000
5,83.000,0.00,3.1584,3.15850,5.000
5,83.050,0.00,3.1083,3.10840,5.000
5,83.100,0.00,3.0582,3.05830,5.000
5,83.150,-0.01,3.0082,3.00830,5.000
5,83.200,0.00,2.9585,2.95860,5.000
5,83.250,0.00,2.9083,2.90840,5.000
5,83.300,0.00,2.8582,2.85830,5.000
5,83.350,0.00,2.8083,2.80840,5.000
5,83.400,0.00,2.7584,2.75850,5.000
5,83.450,0.00,2.7085,2.70860,5.000
5,83.500,-0.01,2.6583,2.65840,5.000
5,83.550,-0.01,2.6084,2.60850,5.000
5,83.600,0.00,2.5584,2.55850,5.000
5,83.650,0.00,2.5084,2.50850,5.000
5,83.700,0.00,2.4582,2.45830,5.000
5,83.750,0.00,2.4083,2.40840,5.000
5,83.800,0.00,2.3583,2.35840,5.000
5,83.850,0.00,2.3083,2.30840,5.000
5,83.900,-0.01,2.2582,2.25830,5.000
5,83.950,-0.01,2.2082,2.20830,5.000
5,84.000,0.00,2.1585,2.15860,5.000
5,84.050,-0.01,2.1085,2.10860,5.000
5,84.100,0.00,2.0583,2.05840,5.000
5,84.150,0.00,2.0083,2.00840,5.000
5,84.200,0.00,1.9584,1.95850,5.000
5,84.250,-0.01,1.9083,1.90840,5.000
5,84.300,-0.01,1.8583,1.85840,5.000
5,84.350,0.00,1.8082,1.80830,5.000
5,84.400,0.00,1.7584,1.75850,5.000
5,84.450,0.00,1.7083,1.70840,5.000
5,84.500,0.00,1.6583,1.65840,5.000
5,84.550,-0.01,1.6081,1.60820,5.000
5,84.600,0.00,1.5583,1.55840,5.000
5,84.650,-0.01,1.5083,1.50840,5.000
5,84.700,-0.01,1.4582,1.45830,5.000
5,84.750,0.00,1.4081,1.40820,5.000
5,84.800,0.00,1.3582,1.35830,5.000
5,84.850,0.00,1.3083,1.30840,5.000
5,84.900,0.00,1.2582,1.25830,5.000
5,84.950,-0.01,1.2082,1.20830,5.000
5,85.000,-0.01,1.1582,1.15830,5.000
5,85.050,0.00,1.1083,1.10840,5.000
5,85.100,-0.01,1.0582,1.05830,5.000
5,85.150,-0.01,1.0082,1.00830,5.000
5,85.200,-0.01,0.9582,0.95830,5.000
5,85.250,0.00,0.9084,0.90850,5.000
5,85.300,0.00,0.8581,0.85820,5.000
5,85.350,0.00,0.8081,0.80820,5.000
5,85.400,0.00,0.7581,0.75820,5.000
5,85.450,0.00,0.7083,0.70840,5.000
5,85.500,0.00,0.6582,0.65830,5.000
5,85.550,0.00,0.6081,0.60820,5.000
5,85.600,0.00,0.5582,0.55830,5.000
5,85.650,-0.01,0.5083,0.50840,5.000
5,85.700,-0.01,0.4582,0.45830,5.000
5,85.750,-0.01,0.4082,0.40830,5.000
5,85.800,0.00,0.3582,0.35830,5.000
5,85.850,0.00,0.3082,0.30830,5.000
5,85.900,-0.01,0.2581,0.25820,5.000
5,85.950,0.00,0.2081,0.20820,5.000
5,86.000,-0.01,0.1581,0.15820,5.000
5,86.050,0.00,0.1082,0.10830,5.000
5,86.100,0.00,0.0581,0.05820,5.000
5,86.150,-0.01,0.0080,0.00810,5.000
5,86.250,0.00,-0.0297,-0.02960,5.000
5,86.300,0.00,-0.0001,0.00000,5.000
5,86.350,0.00,-0.0004,-0.00030,5.000
5,86.400,0.00,-0.0004,-0.00030,5.000
5,86.450,0.00,-0.0004,-0.00030,5.000
5,86.500,0.00,-0.0004,-0.00030,5.000
5,86.550,0.00,-0.0004,-0.00030,5.000
5,86.600,0.00,-0.0004,-0.00030,5.000
5,86.650,-0.01,-0.0004,-0.00030,5.000
5,86.700,0.00,-0.0004,-0.00030,5.000
5,86.750,-0.01,-0.0004,-0.00030,5.000
5,86.800,0.00,-0.0004,-0.00030,5.000
5,86.850,0.00,-0.0004,-0.00030,5.000
5,86.900,0.00,-0.0004,-0.00030,5.000
5,86.950,0.00,-0.0004,-0.00030,5.000
5,87.000,0.00,-0.0004,-0.00030,5.000
5,87.050,0.00,-0.0004,-0.00030,5.000
5,87.100,0.00,-0.0004,-0.00030,5.000
5,87.150,0.00,-0.0004,-0.00030,5.000
5,87.200,-0.01,-0.0004,-0.00030,5.000
5,87.250,-0.01,-0.0004,-0.00030,5.000
5,87.300,0.00,-0.0004,-0.00030,5.000
5,87.350,0.00,-0.0003,-0.00020,5.000
5,87.400,0.00,-0.0003,-0.00020,5.000
5,87.450,0.00,-0.0003,-0.00020,5.000
5,87.500,0.00,-0.0003,-0.00020,5.000
5,87.550,0.00,-0.0003,-0.00020,5.000
5,87.600,0.00,-0.0003,-0.00020,5.000
5,87.650,-0.01,-0.0003,-0.00020,5.000
5,87.700,0.00,-0.0003,-0.00020,5.000
5,87.750,-0.01,-0.0003,-0.00020,5.000
5,87.800,-0.01,-0.0003,-0.00020,5.000
5,87.850,0.00,-0.0003,-0.00020,5.000
5,87.900,0.00,-0.0003,-0.00020,5.000
5,87.950,0.00,-0.0003,-0.00020,5.000
5,88.000,-0.01,-0.0003,-0.00020,5.000
5,88.050,0.00,-0.0003,-0.00020,5.000
5,88.100,0.00,-0.0003,-0.00020,5.000
5,88.150,-0.01,-0.0003,-0.00020,5.000
5,88.200,-0.01,-0.0003,-0.00020,5.000
5,88.250,0.00,-0.0003,-0.00020,5.000
5,88.300,0.00,-0.0003,-0.00020,5.000
5,88.350,-0.01,-0.0003,-0.00020,5.000
5,88.400,0.00,-0.0003,-0.00020,5.000
5,88.450,0.00,-0.0003,-0.00020,5.000
5,88.500,0.00,-0.0003,-0.00020,5.000
5,88.550,-0.01,-0.0003,-0.00020,5.000
5,88.600,0.00,-0.0003,-0.00020,5.000
5,88.650,-0.01,-0.0003,-0.00020,5.000
5,88.700,0.00,-0.0003,-0.00020,5.000
5,88.750,0.00,-0.0003,-0.00020,5.000
5,88.800,-0.01,-0.0003,-0.00020,5.000
5,88.850,0.00,-0.0003,-0.00020,5.000
5,88.900,-0.01,-0.0003,-0.00020,5.000
5,88.950,0.00,-0.0003,-0.00020,5.000
5,89.000,0.00,-0.0003,-0.00020,5.000
5,89.050,0.00,-0.0003,-0.00020,5.000
5,89.100,0.00,-0.0003,-0.00020,5.000
5,89.150,0.00,-0.0003,-0.00020,5.000
5,89.200,0.00,-0.0002,-0.00010,5.000
5,89.300,0.00,-0.0002,-0.00010,5.000
5,89.350,0.00,-0.0002,-0.00010,5.000
5,89.400,0.00,-0.0002,-0.00010,5.000
5,89.450,0.00,-0.0002,-0.00010,5.000
5,89.500,0.00,-0.0002,-0.00010,5.000
5,89.550,0.00,-0.0002,-0.00010,5.000
5,89.600,-0.01,-0.0002,-0.00010,5.000
5,89.650,0.00,-0.0002,-0.00010,5.000
5,89.700,-0.01,-0.0002,-0.00010,5.000
5,89.750,0.00,-0.0002,-0.00010,5.000
5,89.800,0.00,-0.0002,-0.00010,5.000
5,89.850,0.00,-0.0002,-0.00010,5.000
5,89.900,0.00,-0.0002,-0.00010,5.000
5,89.950,0.00,-0.0002,-0.00010,5.000
5,90.000,0.00,-0.0002,-0.00010,5.000
5,90.050,0.00,-0.0002,-0.00010,5.000
5,90.100,0.00,-0.0002,-0.00010,5.000
5,90.150,0.00,-0.0002,-0.00010,5.000
5,90.200,0.00,-0.0002,-0.00010,5.000


