""
"Test Method","Radhen_Load_Cntrl_Cmprsn_250N_12-7.msm"
"Sample I. D.","Sample1.mss"
"Specimen Number","4"

"TheCycle_Output ()","_Time (s)","_Load (N)","_Extension (mm)","RealTimeDepth (mm)","CycleNumber ()"

1,0.250,0.00,0.0157,0.01570,1.000
1,0.300,0.00,0.0658,0.06580,1.000
1,0.350,-0.01,0.1156,0.11560,1.000
1,0.400,-0.01,0.1656,0.16560,1.000
1,0.450,0.00,0.2157,0.21570,1.000
1,0.500,0.00,0.2659,0.26590,1.000
1,0.550,-0.01,0.3158,0.31580,1.000
1,0.600,0.00,0.3658,0.36580,1.000
1,0.650,-0.01,0.4158,0.41580,1.000
1,0.700,-0.01,0.4659,0.46590,1.000
1,0.750,-0.01,0.5158,0.51580,1.000
1,0.800,0.00,0.5658,0.56580,1.000
1,0.850,0.00,0.6158,0.61580,1.000
1,0.900,0.00,0.6660,0.66600,1.000
1,0.950,0.00,0.7158,0.71580,1.000
1,1.000,-0.01,0.7656,0.76560,1.000
1,1.050,0.00,0.8157,0.81570,1.000
1,1.100,0.00,0.8658,0.86580,1.000
1,1.150,0.00,0.9157,0.91570,1.000
1,1.200,-0.01,0.9656,0.96560,1.000
1,1.250,0.00,1.0158,1.01580,1.000
1,1.300,-0.01,1.0659,1.06590,1.000
1,1.350,-0.01,1.1158,1.11580,1.000
1,1.400,0.00,1.1657,1.16570,1.000
1,1.450,0.00,1.2159,1.21590,1.000
1,1.500,-0.01,1.2659,1.26590,1.000
1,1.550,0.00,1.3159,1.31590,1.000
1,1.600,-0.01,1.3657,1.36570,1.000
1,1.650,0.00,1.4157,1.41570,1.000
1,1.700,0.00,1.4658,1.46580,1.000
1,1.750,0.00,1.5158,1.51580,1.000
1,1.800,0.00,1.5657,1.56570,1.000
1,1.850,-0.01,1.6158,1.61580,1.000
1,1.900,-0.01,1.6658,1.66580,1.000
1,1.950,0.00,1.7159,1.71590,1.000
1,2.000,0.00,1.7656,1.76560,1.000
1,2.050,-0.01,1.8158,1.81580,1.000
1,2.100,0.00,1.8659,1.86590,1.000
1,2.150,0.00,1.9159,1.91590,1.000
1,2.200,0.00,1.9658,1.96580,1.000
1,2.250,0.00,2.0157,2.01570,1.000
1,2.300,0.00,2.0660,2.06600,1.000
1,2.350,-0.01,2.1160,2.11600,1.000
1,2.400,-0.01,2.1658,2.16580,1.000
1,2.450,0.00,2.2157,2.21570,1.000
1,2.500,-0.01,2.2659,2.26590,1.000
1,2.550,0.00,2.3160,2.31600,1.000
1,2.600,-0.01,2.3657,2.36570,1.000
1,2.650,-0.01,2.4159,2.41590,1.000
1,2.700,-0.01,2.4658,2.46580,1.000
1,2.750,-0.01,2.5160,2.51600,1.000
1,2.800,-0.01,2.5658,2.56580,1.000
1,2.850,0.00,2.6159,2.61590,1.000
1,2.900,-0.01,2.6659,2.66590,1.000
1,2.950,-0.01,2.7160,2.71600,1.000
1,3.000,0.00,2.7659,2.76590,1.000
1,3.050,0.00,2.8158,2.81580,1.000
1,3.100,0.00,2.8658,2.86580,1.000
1,3.150,-0.01,2.9159,2.91590,1.000
1,3.200,-0.01,2.9658,2.96580,1.000
1,3.250,0.00,3.0158,3.01580,1.000
1,3.300,-0.01,3.0658,3.06580,1.000
1,3.350,0.00,3.1159,3.11590,1.000
1,3.400,-0.01,3.1657,3.16570,1.000
1,3.450,0.00,3.2158,3.21580,1.000
1,3.500,-0.01,3.2659,3.26590,1.000
1,3.550,-0.01,3.3161,3.31610,1.000
1,3.600,-0.01,3.3659,3.36590,1.000
1,3.650,-0.01,3.4158,3.41580,1.000
1,3.700,-0.01,3.4659,3.46590,1.000
1,3.750,-0.01,3.5160,3.51600,1.000
1,3.800,-0.01,3.5658,3.56580,1.000
1,3.850,0.00,3.6158,3.61580,1.000
1,3.900,-0.01,3.6659,3.66590,1.000
1,3.950,-0.01,3.7159,3.71590,1.000
1,4.000,0.00,3.7658,3.76580,1.000
1,4.050,-0.01,3.8158,3.81580,1.000
1,4.100,-0.01,3.8660,3.86600,1.000
1,4.150,-0.01,3.9161,3.91610,1.000
1,4.200,0.00,3.9658,3.96580,1.000
1,4.250,-0.01,4.0159,4.01590,1.000
1,4.300,0.00,4.0660,4.06600,1.000
1,4.350,-0.01,4.1161,4.11610,1.000
1,4.400,-0.01,4.1659,4.16590,1.000
1,4.450,-0.01,4.2159,4.21590,1.000
1,4.500,-0.01,4.2660,4.26600,1.000
1,4.550,-0.01,4.3160,4.31600,1.000
1,4.600,0.00,4.3658,4.36580,1.000
1,4.650,0.02,4.4158,4.41580,1.000
1,4.700,0.07,4.4660,4.46600,1.000
1,4.750,0.08,4.5161,4.51610,1.000
1,4.800,0.11,4.5660,4.56600,1.000
1,4.850,0.20,4.6158,4.61580,1.000
1,4.900,0.31,4.6660,4.66600,1.000
1,4.950,0.43,4.7160,4.71600,1.000
1,5.000,0.57,4.7659,4.76590,1.000
1,5.050,0.74,4.8159,4.81590,1.000
1,5.100,0.94,4.8660,4.86600,1.000
1,5.150,1.16,4.9160,4.91600,1.000
1,5.200,1.42,4.9658,4.96580,1.000
1,5.250,1.70,5.0158,5.01580,1.000
1,5.300,2.02,5.0659,5.06590,1.000
1,5.350,2.35,5.1160,5.11600,1.000
1,5.400,2.72,5.1658,5.16580,1.000
1,5.450,3.12,5.2159,5.21590,1.000
1,5.500,3.55,5.2659,5.26590,1.000
1,5.550,4.02,5.3160,5.31600,1.000
1,5.600,4.53,5.3659,5.36590,1.000
1,5.650,5.08,5.4159,5.41590,1.000
1,5.700,5.67,5.4660,5.46600,1.000
1,5.750,6.30,5.5161,5.51610,1.000
1,5.800,6.98,5.5659,5.56590,1.000
1,5.850,7.71,5.6159,5.61590,1.000
1,5.900,8.48,5.6660,5.66600,1.000
1,5.950,9.30,5.7160,5.71600,1.000
1,6.000,10.19,5.7659,5.76590,1.000
1,6.050,11.13,5.8158,5.81580,1.000
1,6.100,12.13,5.8658,5.86580,1.000
1,6.150,13.20,5.9160,5.91600,1.000
1,6.200,14.33,5.9659,5.96590,1.000
1,6.250,15.54,6.0159,6.01590,1.000
1,6.300,16.80,6.0660,6.06600,1.000
1,6.350,18.16,6.1161,6.11610,1.000
1,6.400,19.61,6.1660,6.16600,1.000
1,6.450,21.14,6.2159,6.21590,1.000
1,6.500,22.74,6.2659,6.26590,1.000
1,6.550,24.45,6.3160,6.31600,1.000
1,6.600,26.25,6.3660,6.36600,1.000
1,6.650,28.13,6.4159,6.41590,1.000
1,6.700,30.06,6.4660,6.46600,1.000
1,6.800,30.56,6.4945,6.49450,1.000
1,6.850,26.42,6.4448,6.44480,1.000
1,6.900,23.06,6.3949,6.39490,1.000
1,6.950,20.27,6.3447,6.34470,1.000
1,7.000,17.89,6.2945,6.29450,1.000
1,7.050,15.84,6.2448,6.24480,1.000
1,7.100,14.04,6.1948,6.19480,1.000
1,7.150,12.47,6.1447,6.14470,1.000
1,7.200,11.07,6.0946,6.09460,1.000
1,7.250,9.85,6.0446,6.04460,1.000
1,7.300,8.76,5.9948,5.99480,1.000
1,7.350,7.80,5.9447,5.94470,1.000
1,7.400,6.94,5.8944,5.89440,1.000
1,7.450,6.17,5.8446,5.84460,1.000
1,7.500,5.48,5.7947,5.79470,1.000
1,7.550,4.87,5.7447,5.74470,1.000
1,7.600,4.33,5.6945,5.69450,1.000
1,7.650,3.83,5.6446,5.64460,1.000
1,7.700,3.40,5.5946,5.59460,1.000
1,7.750,3.01,5.5446,5.54460,1.000
1,7.800,2.66,5.4946,5.49460,1.000
1,7.850,2.34,5.4446,5.44460,1.000
1,7.900,2.09,5.3947,5.39470,1.000
1,7.950,1.85,5.3446,5.34460,1.000
1,8.000,1.63,5.2946,5.29460,1.000
1,8.050,1.44,5.2447,5.24470,1.000
1,8.100,1.25,5.1946,5.19460,1.000
1,8.150,1.07,5.1447,5.14470,1.000
1,8.200,0.93,5.0944,5.09440,1.000
1,8.250,0.78,5.0446,5.04460,1.000
1,8.300,0.65,4.9946,4.99460,1.000
1,8.350,0.54,4.9446,4.94460,1.000
1,8.400,0.43,4.8944,4.89440,1.000
1,8.450,0.32,4.8445,4.84450,1.000
1,8.500,0.23,4.7945,4.79450,1.000
1,8.550,0.15,4.7445,4.74450,1.000
1,8.600,0.09,4.6943,4.69430,1.000
1,8.650,0.03,4.6445,4.64450,1.000
1,8.700,0.00,4.5946,4.59460,1.000
1,8.750,-0.01,4.5446,4.54460,1.000
1,8.800,-0.02,4.4945,4.49450,1.000
1,8.850,0.00,4.4445,4.44450,1.000
1,8.900,-0.01,4.3945,4.39450,1.000
1,8.950,0.00,4.3445,4.34450,1.000
1,9.000,0.00,4.2944,4.29440,1.000
1,9.050,0.00,4.2446,4.24460,1.000
1,9.100,0.00,4.1946,4.19460,1.000
1,9.150,0.00,4.1445,4.14450,1.000
1,9.200,-0.01,4.0944,4.09440,1.000
1,9.250,0.00,4.0445,4.04450,1.000
1,9.300,0.00,3.9946,3.99460,1.000
1,9.350,0.00,3.9445,3.94450,1.000
1,9.400,-0.01,3.8945,3.89450,1.000
1,9.450,0.00,3.8444,3.84440,1.000
1,9.500,0.00,3.7944,3.79440,1.000
1,9.550,0.00,3.7444,3.74440,1.000
1,9.600,0.00,3.6943,3.69430,1.000
1,9.650,0.00,3.6444,3.64440,1.000
1,9.700,0.00,3.5945,3.59450,1.000
1,9.750,0.00,3.5445,3.54450,1.000
1,9.800,0.00,3.4943,3.49430,1.000
1,9.850,0.00,3.4444,3.44440,1.000
1,9.900,0.00,3.3945,3.39450,1.000
1,9.950,-0.01,3.3446,3.34460,1.000
1,10.000,0.00,3.2943,3.29430,1.000
1,10.050,0.00,3.2445,3.24450,1.000
1,10.100,0.00,3.1945,3.19450,1.000
1,10.150,-0.01,3.1444,3.14440,1.000
1,10.200,0.00,3.0942,3.09420,1.000
1,10.250,0.00,3.0442,3.04420,1.000
1,10.300,0.00,2.9945,2.99450,1.000
1,10.350,-0.01,2.9444,2.94440,1.000
1,10.400,0.00,2.8943,2.89430,1.000
1,10.450,0.00,2.8443,2.84430,1.000
1,10.500,0.00,2.7945,2.79450,1.000
1,10.550,-0.01,2.7445,2.74450,1.000
1,10.600,0.00,2.6942,2.69420,1.000
1,10.650,-0.01,2.6444,2.64440,1.000
1,10.700,-0.01,2.5944,2.59440,1.000
1,10.750,0.00,2.5445,2.54450,1.000
1,10.800,-0.01,2.4943,2.49430,1.000
1,10.850,0.00,2.4443,2.44430,1.000
1,10.900,0.00,2.3944,2.39440,1.000
1,10.950,0.00,2.3444,2.34440,1.000
1,11.000,0.00,2.2943,2.29430,1.000
1,11.050,-0.01,2.2442,2.24420,1.000
1,11.100,0.00,2.1945,2.19450,1.000
1,11.150,-0.01,2.1445,2.14450,1.000
1,11.200,0.00,2.0944,2.09440,1.000
1,11.250,0.00,2.0444,2.04440,1.000
1,11.300,0.00,1.9945,1.99450,1.000
1,11.350,-0.01,1.9444,1.94440,1.000
1,11.400,0.00,1.8942,1.89420,1.000
1,11.450,-0.01,1.8443,1.84430,1.000
1,11.500,0.00,1.7944,1.79440,1.000
1,11.550,0.00,1.7445,1.74450,1.000
1,11.600,0.00,1.6942,1.69420,1.000
1,11.650,0.00,1.6443,1.64430,1.000
1,11.700,0.00,1.5944,1.59440,1.000
1,11.750,0.00,1.5443,1.54430,1.000
1,11.800,0.00,1.4942,1.49420,1.000
1,11.850,0.00,1.4441,1.44410,1.000
1,11.900,-0.01,1.3942,1.39420,1.000
1,11.950,0.00,1.3444,1.34440,1.000
1,12.000,0.00,1.2943,1.29430,1.000
1,12.050,-0.01,1.2442,1.24420,1.000
1,12.100,0.00,1.1942,1.19420,1.000
1,12.150,0.00,1.1443,1.14430,1.000
1,12.200,0.00,1.0943,1.09430,1.000
1,12.250,-0.01,1.0441,1.04410,1.000
1,12.300,-0.01,0.9941,0.99410,1.000
1,12.350,-0.01,0.9443,0.94430,1.000
1,12.400,0.00,0.8942,0.89420,1.000
1,12.450,-0.01,0.8440,0.84400,1.000
1,12.500,0.00,0.7942,0.79420,1.000
1,12.550,0.00,0.7442,0.74420,1.000
1,12.600,0.00,0.6944,0.69440,1.000
1,12.650,0.00,0.6442,0.64420,1.000
1,12.700,0.00,0.5943,0.59430,1.000
1,12.750,-0.01,0.5442,0.54420,1.000
1,12.800,0.00,0.4942,0.49420,1.000
1,12.850,0.00,0.4441,0.44410,1.000
1,12.900,0.00,0.3943,0.39430,1.000
1,12.950,0.00,0.3444,0.34440,1.000
1,13.000,0.00,0.2943,0.29430,1.000
1,13.050,0.00,0.2440,0.24400,1.000
1,13.100,0.00,0.1942,0.19420,1.000
1,13.150,0.00,0.1442,0.14420,1.000
1,13.200,0.00,0.0942,0.09420,1.000
1,13.250,0.00,0.0441,0.04410,1.000
1,13.400,0.00,-0.0124,-0.01240,1.000
1,13.450,0.00,-0.0004,-0.00040,1.000
1,13.500,0.00,-0.0003,-0.00030,1.000
1,13.550,0.00,-0.0004,-0.00040,1.000
1,13.600,0.01,-0.0003,-0.00030,1.000
1,13.650,0.00,-0.0003,-0.00030,1.000
1,13.700,0.00,-0.0003,-0.00030,1.000
1,13.750,0.00,-0.0003,-0.00030,1.000
1,13.800,0.00,-0.0003,-0.00030,1.000
1,13.850,0.00,-0.0003,-0.00030,1.000
1,13.900,0.00,-0.0003,-0.00030,1.000
1,13.950,0.00,-0.0003,-0.00030,1.000
1,14.000,-0.01,-0.0003,-0.00030,1.000
1,14.050,0.00,-0.0003,-0.00030,1.000
1,14.100,-0.01,-0.0003,-0.00030,1.000
1,14.150,0.00,-0.0003,-0.00030,1.000
1,14.200,0.00,-0.0003,-0.00030,1.000
1,14.250,-0.01,-0.0003,-0.00030,1.000
1,14.300,0.00,-0.0003,-0.00030,1.000
1,14.350,0.00,-0.0003,-0.00030,1.000
1,14.400,0.00,-0.0003,-0.00030,1.000
1,14.450,0.00,-0.0003,-0.00030,1.000
1,14.500,-0.01,-0.0003,-0.00030,1.000
1,14.550,0.00,-0.0003,-0.00030,1.000
1,14.600,-0.01,-0.0003,-0.00030,1.000
1,14.650,-0.01,-0.0003,-0.00030,1.000
1,14.700,-0.01,-0.0003,-0.00030,1.000
1,14.750,0.00,-0.0003,-0.00030,1.000
1,14.800,0.00,-0.0003,-0.00030,1.000
1,14.850,0.00,-0.0003,-0.00030,1.000
1,14.900,0.00,-0.0003,-0.00030,1.000
1,14.950,0.00,-0.0003,-0.00030,1.000
1,15.000,0.00,-0.0003,-0.00030,1.000
1,15.050,0.00,-0.0003,-0.00030,1.000
1,15.100,-0.01,-0.0003,-0.00030,1.000
1,15.150,0.00,-0.0003,-0.00030,1.000
1,15.200,0.00,-0.0003,-0.00030,1.000
1,15.250,0.00,-0.0003,-0.00030,1.000
1,15.300,0.00,-0.0003,-0.00030,1.000
1,15.350,-0.01,-0.0003,-0.00030,1.000
1,15.400,0.00,-0.0003,-0.00030,1.000
1,15.450,0.00,-0.0003,-0.00030,1.000
1,15.500,0.00,-0.0003,-0.00030,1.000
1,15.550,0.00,-0.0003,-0.00030,1.000
1,15.600,0.00,-0.0003,-0.00030,1.000
1,15.650,0.00,-0.0003,-0.00030,1.000
1,15.700,0.00,-0.0003,-0.00030,1.000
1,15.750,0.00,-0.0003,-0.00030,1.000
1,15.800,0.00,-0.0003,-0.00030,1.000
1,15.850,0.01,-0.0003,-0.00030,1.000
1,15.900,0.00,-0.0003,-0.00030,1.000
1,15.950,-0.01,-0.0003,-0.00030,1.000
1,16.000,0.00,-0.0003,-0.00030,1.000
1,16.050,0.00,-0.0002,-0.00020,1.000
1,16.100,-0.01,-0.0002,-0.00020,1.000
1,16.150,0.00,-0.0002,-0.00020,1.000
1,16.200,0.00,-0.0002,-0.00020,1.000
1,16.250,0.00,-0.0002,-0.00020,1.000
1,16.300,0.00,-0.0002,-0.00020,1.000
1,16.350,0.00,-0.0002,-0.00020,1.000
1,16.450,0.00,-0.0002,-0.00020,1.000
1,16.500,0.00,-0.0002,-0.00020,1.000
1,16.550,0.00,-0.0002,-0.00020,1.000
1,16.600,0.00,-0.0002,-0.00020,1.000
1,16.650,-0.01,-0.0002,-0.00020,1.000
1,16.700,0.00,-0.0002,-0.00020,1.000
1,16.750,0.00,-0.0002,-0.00020,1.000
1,16.800,-0.01,-0.0002,-0.00020,1.000
1,16.850,0.00,-0.0002,-0.00020,1.000
1,16.900,0.00,-0.0002,-0.00020,1.000
1,16.950,0.00,-0.0002,-0.00020,1.000
1,17.000,0.00,-0.0002,-0.00020,1.000
1,17.050,0.00,-0.0002,-0.00020,1.000
1,17.100,0.01,-0.0002,-0.00020,1.000
1,17.150,0.00,-0.0002,-0.00020,1.000
1,17.200,0.00,-0.0002,-0.00020,1.000
1,17.250,0.00,-0.0002,-0.00020,1.000
1,17.300,0.00,-0.0002,-0.00020,1.000
1,17.350,0.00,-0.0002,-0.00020,1.000
2,17.600,-0.01,0.0445,0.04460,2.000
2,17.650,0.00,0.0945,0.09460,2.000
2,17.700,-0.01,0.1445,0.14460,2.000
2,17.750,-0.01,0.1947,0.19480,2.000
2,17.800,0.00,0.2445,0.24460,2.000
2,17.850,0.00,0.2947,0.29480,2.000
2,17.900,0.00,0.3448,0.34490,2.000
2,17.950,0.00,0.3948,0.39490,2.000
2,18.000,0.00,0.4447,0.44480,2.000
2,18.050,0.00,0.4947,0.49480,2.000
2,18.100,-0.01,0.5447,0.54480,2.000
2,18.150,0.00,0.5947,0.59480,2.000
2,18.200,0.00,0.6447,0.64480,2.000
2,18.250,-0.01,0.6947,0.69480,2.000
2,18.300,0.00,0.7446,0.74470,2.000
2,18.350,0.00,0.7946,0.79470,2.000
2,18.400,0.00,0.8445,0.84460,2.000
2,18.450,-0.01,0.8947,0.89480,2.000
2,18.500,0.00,0.9446,0.94470,2.000
2,18.550,-0.01,0.9947,0.99480,2.000
2,18.600,-0.01,1.0445,1.04460,2.000
2,18.650,-0.01,1.0947,1.09480,2.000
2,18.700,0.00,1.1448,1.14490,2.000
2,18.750,0.00,1.1947,1.19480,2.000
2,18.800,0.00,1.2446,1.24470,2.000
2,18.850,0.00,1.2948,1.29490,2.000
2,18.900,0.00,1.3447,1.34480,2.000
2,18.950,0.00,1.3947,1.39480,2.000
2,19.000,0.00,1.4445,1.44460,2.000
2,19.050,0.00,1.4947,1.49480,2.000
2,19.100,0.00,1.5447,1.54480,2.000
2,19.150,0.00,1.5947,1.59480,2.000
2,19.200,0.00,1.6446,1.64470,2.000
2,19.250,0.00,1.6947,1.69480,2.000
2,19.300,0.00,1.7447,1.74480,2.000
2,19.350,0.00,1.7948,1.79490,2.000
2,19.400,-0.01,1.8446,1.84470,2.000
2,19.450,-0.01,1.8948,1.89490,2.000
2,19.500,0.00,1.9448,1.94490,2.000
2,19.550,0.00,1.9948,1.99490,2.000
2,19.600,0.00,2.0447,2.04480,2.000
2,19.650,0.00,2.0948,2.09490,2.000
2,19.700,0.00,2.1449,2.14500,2.000
2,19.750,0.00,2.1948,2.19490,2.000
2,19.800,0.00,2.2447,2.24480,2.000
2,19.850,0.00,2.2947,2.29480,2.000
2,19.900,0.00,2.3449,2.34500,2.000
2,19.950,0.00,2.3949,2.39500,2.000
2,20.000,0.00,2.4447,2.44480,2.000
2,20.050,0.00,2.4947,2.49480,2.000
2,20.100,0.00,2.5449,2.54500,2.000
2,20.150,-0.01,2.5950,2.59510,2.000
2,20.200,0.00,2.6448,2.64490,2.000
2,20.250,0.00,2.6947,2.69480,2.000
2,20.300,0.00,2.7449,2.74500,2.000
2,20.350,0.00,2.7949,2.79500,2.000
2,20.400,0.00,2.8447,2.84480,2.000
2,20.450,0.00,2.8947,2.89480,2.000
2,20.500,0.00,2.9449,2.94500,2.000
2,20.550,0.00,2.9948,2.99490,2.000
2,20.600,0.00,3.0447,3.04480,2.000
2,20.650,0.00,3.0947,3.09480,2.000
2,20.700,0.00,3.1448,3.14490,2.000
2,20.750,0.00,3.1949,3.19500,2.000
2,20.800,0.00,3.2448,3.24490,2.000
2,20.850,0.00,3.2948,3.29490,2.000
2,20.900,-0.01,3.3448,3.34490,2.000
2,20.950,-0.01,3.3950,3.39510,2.000
2,21.000,0.00,3.4448,3.44490,2.000
2,21.050,0.00,3.4948,3.49490,2.000
2,21.100,0.00,3.5449,3.54500,2.000
2,21.150,0.00,3.5949,3.59500,2.000
2,21.200,-0.01,3.6449,3.64500,2.000
2,21.250,0.00,3.6946,3.69470,2.000
2,21.300,-0.01,3.7449,3.74500,2.000
2,21.350,0.00,3.7948,3.79490,2.000
2,21.400,-0.01,3.8449,3.84500,2.000
2,21.450,0.00,3.8948,3.89490,2.000
2,21.500,-0.01,3.9448,3.94490,2.000
2,21.550,-0.01,3.9949,3.99500,2.000
2,21.600,0.00,4.0448,4.04490,2.000
2,21.650,-0.01,4.0947,4.09480,2.000
2,21.700,0.00,4.1449,4.14500,2.000
2,21.750,0.00,4.1949,4.19500,2.000
2,21.800,-0.01,4.2450,4.24510,2.000
2,21.850,-0.01,4.2948,4.29490,2.000
2,21.900,0.00,4.3448,4.34490,2.000
2,21.950,-0.01,4.3948,4.39490,2.000
2,22.000,0.00,4.4449,4.44500,2.000
2,22.050,0.03,4.4949,4.49500,2.000
2,22.100,0.08,4.5449,4.54500,2.000
2,22.150,0.10,4.5949,4.59500,2.000
2,22.200,0.18,4.6449,4.64500,2.000
2,22.250,0.27,4.6947,4.69480,2.000
2,22.300,0.38,4.7448,4.74490,2.000
2,22.350,0.50,4.7949,4.79500,2.000
2,22.400,0.65,4.8449,4.84500,2.000
2,22.450,0.82,4.8948,4.89490,2.000
2,22.500,1.00,4.9449,4.94500,2.000
2,22.550,1.21,4.9949,4.99500,2.000
2,22.600,1.44,5.0448,5.04490,2.000
2,22.650,1.70,5.0947,5.09480,2.000
2,22.700,2.00,5.1448,5.14490,2.000
2,22.750,2.34,5.1949,5.19500,2.000
2,22.800,2.72,5.2448,5.24490,2.000
2,22.850,3.15,5.2948,5.29490,2.000
2,22.900,3.60,5.3449,5.34500,2.000
2,22.950,4.09,5.3949,5.39500,2.000
2,23.000,4.61,5.4449,5.44500,2.000
2,23.050,5.19,5.4948,5.49490,2.000
2,23.100,5.81,5.5448,5.54490,2.000
2,23.150,6.47,5.5950,5.59510,2.000
2,23.200,7.19,5.6449,5.64500,2.000
2,23.250,7.96,5.6948,5.69490,2.000
2,23.300,8.77,5.7448,5.74490,2.000
2,23.350,9.64,5.7949,5.79500,2.000
2,23.400,10.56,5.8448,5.84490,2.000
2,23.450,11.56,5.8947,5.89480,2.000
2,23.500,12.60,5.9448,5.94490,2.000
2,23.550,13.71,5.9949,5.99500,2.000
2,23.600,14.90,6.0449,6.04500,2.000
2,23.650,16.17,6.0949,6.09500,2.000
2,23.700,17.50,6.1449,6.14500,2.000
2,23.750,18.92,6.1949,6.19500,2.000
2,23.800,20.44,6.2449,6.24500,2.000
2,23.850,22.08,6.2947,6.29480,2.000
2,23.900,23.84,6.3450,6.34510,2.000
2,23.950,25.72,6.3950,6.39510,2.000
2,24.000,27.75,6.4450,6.44510,2.000
2,24.050,29.94,6.4947,6.49480,2.000
2,24.150,31.14,6.5217,6.52180,2.000
2,24.200,26.85,6.4717,6.47180,2.000
2,24.250,23.43,6.4216,6.42170,2.000
2,24.300,20.57,6.3717,6.37180,2.000
2,24.350,18.11,6.3217,6.32180,2.000
2,24.400,16.01,6.2717,6.27180,2.000
2,24.450,14.17,6.2215,6.22160,2.000
2,24.500,12.58,6.1717,6.17180,2.000
2,24.550,11.14,6.1217,6.12180,2.000
2,24.600,9.91,6.0717,6.07180,2.000
2,24.650,8.81,6.0216,6.02170,2.000
2,24.700,7.82,5.9716,5.97170,2.000
2,24.750,6.94,5.9217,5.92180,2.000
2,24.800,6.16,5.8716,5.87170,2.000
2,24.850,5.47,5.8215,5.82160,2.000
2,24.900,4.85,5.7715,5.77160,2.000
2,24.950,4.30,5.7216,5.72170,2.000
2,25.000,3.81,5.6715,5.67160,2.000
2,25.050,3.38,5.6215,5.62160,2.000
2,25.100,3.04,5.5715,5.57160,2.000
2,25.150,2.74,5.5217,5.52180,2.000
2,25.200,2.47,5.4717,5.47180,2.000
2,25.250,2.22,5.4215,5.42160,2.000
2,25.300,1.98,5.3715,5.37160,2.000
2,25.350,1.75,5.3217,5.32180,2.000
2,25.400,1.55,5.2717,5.27180,2.000
2,25.450,1.36,5.2215,5.22160,2.000
2,25.500,1.17,5.1715,5.17160,2.000
2,25.550,1.01,5.1216,5.12170,2.000
2,25.600,0.85,5.0716,5.07170,2.000
2,25.650,0.71,5.0215,5.02160,2.000
2,25.700,0.55,4.9713,4.97140,2.000
2,25.750,0.43,4.9215,4.92160,2.000
2,25.800,0.33,4.8716,4.87170,2.000
2,25.850,0.24,4.8214,4.82150,2.000
2,25.900,0.15,4.7713,4.77140,2.000
2,25.950,0.09,4.7214,4.72150,2.000
2,26.000,0.04,4.6715,4.67160,2.000
2,26.050,0.00,4.6214,4.62150,2.000
2,26.100,-0.02,4.5714,4.57150,2.000
2,26.150,-0.02,4.5216,4.52170,2.000
2,26.200,-0.01,4.4716,4.47170,2.000
2,26.250,-0.01,4.4215,4.42160,2.000
2,26.300,-0.01,4.3713,4.37140,2.000
2,26.350,-0.01,4.3214,4.32150,2.000
2,26.400,0.00,4.2716,4.27170,2.000
2,26.450,-0.01,4.2214,4.22150,2.000
2,26.500,0.00,4.1714,4.17150,2.000
2,26.550,-0.01,4.1215,4.12160,2.000
2,26.600,0.00,4.0716,4.07170,2.000
2,26.650,0.00,4.0213,4.02140,2.000
2,26.700,-0.01,3.9713,3.97140,2.000
2,26.750,0.00,3.9214,3.92150,2.000
2,26.800,-0.01,3.8716,3.87170,2.000
2,26.850,0.00,3.8214,3.82150,2.000
2,26.900,-0.01,3.7713,3.77140,2.000
2,26.950,0.00,3.7214,3.72150,2.000
2,27.000,0.00,3.6715,3.67160,2.000
2,27.050,-0.01,3.6213,3.62140,2.000
2,27.100,0.00,3.5712,3.57130,2.000
2,27.150,0.00,3.5214,3.52150,2.000
2,27.200,0.00,3.4715,3.47160,2.000
2,27.250,0.00,3.4214,3.42150,2.000
2,27.300,0.00,3.3714,3.37150,2.000
2,27.350,0.00,3.3214,3.32150,2.000
2,27.400,-0.01,3.2715,3.27160,2.000
2,27.450,-0.01,3.2215,3.22160,2.000
2,27.500,0.00,3.1712,3.17130,2.000
2,27.550,0.00,3.1214,3.12150,2.000
2,27.600,0.00,3.0714,3.07150,2.000
2,27.650,0.00,3.0213,3.02140,2.000
2,27.700,0.00,2.9712,2.97130,2.000
2,27.750,-0.01,2.9214,2.92150,2.000
2,27.800,-0.01,2.8713,2.87140,2.000
2,27.850,-0.01,2.8214,2.82150,2.000
2,27.900,0.00,2.7712,2.77130,2.000
2,27.950,0.00,2.7214,2.72150,2.000
2,28.000,0.00,2.6715,2.67160,2.000
2,28.050,-0.01,2.6214,2.62150,2.000
2,28.100,-0.01,2.5713,2.57140,2.000
2,28.150,-0.01,2.5213,2.52140,2.000
2,28.200,0.00,2.4714,2.47150,2.000
2,28.250,-0.01,2.4214,2.42150,2.000
2,28.300,0.00,2.3711,2.37120,2.000
2,28.350,0.00,2.3213,2.32140,2.000
2,28.400,0.00,2.2714,2.27150,2.000
2,28.450,0.00,2.2214,2.22150,2.000
2,28.500,-0.01,2.1712,2.17130,2.000
2,28.550,0.00,2.1215,2.12160,2.000
2,28.600,0.00,2.0714,2.07150,2.000
2,28.650,0.00,2.0214,2.02150,2.000
2,28.700,0.00,1.9713,1.97140,2.000
2,28.750,-0.01,1.9213,1.92140,2.000
2,28.800,0.00,1.8713,1.87140,2.000
2,28.850,0.00,1.8213,1.82140,2.000
2,28.900,0.00,1.7712,1.77130,2.000
2,28.950,-0.01,1.7214,1.72150,2.000
2,29.000,0.00,1.6713,1.67140,2.000
2,29.050,0.00,1.6213,1.62140,2.000
2,29.100,0.00,1.5711,1.57120,2.000
2,29.150,0.00,1.5212,1.52130,2.000
2,29.200,0.00,1.4713,1.47140,2.000
2,29.250,0.00,1.4213,1.42140,2.000
2,29.300,0.00,1.3712,1.37130,2.000
2,29.350,-0.01,1.3212,1.32130,2.000
2,29.400,0.00,1.2714,1.27150,2.000
2,29.450,0.00,1.2213,1.22140,2.000
2,29.500,0.00,1.1712,1.17130,2.000
2,29.550,-0.01,1.1212,1.12130,2.000
2,29.600,-0.01,1.0713,1.07140,2.000
2,29.650,0.00,1.0214,1.02150,2.000
2,29.700,0.00,0.9711,0.97120,2.000
2,29.750,0.00,0.9212,0.92130,2.000
2,29.800,0.00,0.8712,0.87130,2.000
2,29.850,0.00,0.8212,0.82130,2.000
2,29.900,0.00,0.7710,0.77110,2.000
2,29.950,0.00,0.7212,0.72130,2.000
2,30.000,0.00,0.6714,0.67150,2.000
2,30.050,-0.01,0.6214,0.62150,2.000
2,30.100,0.00,0.5712,0.57130,2.000
2,30.150,-0.01,0.5211,0.52120,2.000
2,30.200,0.00,0.4712,0.47130,2.000
2,30.250,0.00,0.4213,0.42140,2.000
2,30.300,0.00,0.3712,0.37130,2.000
2,30.350,0.00,0.3212,0.32130,2.000
2,30.400,0.00,0.2713,0.27140,2.000
2,30.450,0.00,0.2212,0.22130,2.000
2,30.500,0.00,0.1711,0.17120,2.000
2,30.550,-0.01,0.1211,0.12120,2.000
2,30.600,0.00,0.0712,0.07130,2.000
2,30.650,-0.01,0.0212,0.02130,2.000
2,30.750,0.00,-0.0388,-0.03870,2.000
2,30.800,0.00,-0.0028,-0.00270,2.000
2,30.850,0.00,-0.0004,-0.00030,2.000
2,30.900,0.00,-0.0004,-0.00030,2.000
2,30.950,0.00,-0.0004,-0.00030,2.000
2,31.000,0.00,-0.0004,-0.00030,2.000
2,31.050,0.00,-0.0004,-0.00030,2.000
2,31.100,-0.01,-0.0004,-0.00030,2.000
2,31.150,0.00,-0.0004,-0.00030,2.000
2,31.200,0.00,-0.0004,-0.00030,2.000
2,31.250,0.00,-0.0004,-0.00030,2.000
2,31.300,0.00,-0.0004,-0.00030,2.000
2,31.350,0.00,-0.0004,-0.00030,2.000
2,31.400,0.00,-0.0004,-0.00030,2.000
2,31.450,-0.01,-0.0004,-0.00030,2.000
2,31.500,0.00,-0.0004,-0.00030,2.000
2,31.550,-0.01,-0.0004,-0.00030,2.000
2,31.600,0.00,-0.0004,-0.00030,2.000
2,31.650,0.00,-0.0003,-0.00020,2.000
2,31.700,0.00,-0.0003,-0.00020,2.000
2,31.750,0.00,-0.0003,-0.00020,2.000
2,31.800,-0.01,-0.0003,-0.00020,2.000
2,31.850,-0.01,-0.0003,-0.00020,2.000
2,31.900,0.00,-0.0003,-0.00020,2.000
2,31.950,0.00,-0.0003,-0.00020,2.000
2,32.000,0.00,-0.0003,-0.00020,2.000
2,32.050,0.00,-0.0003,-0.00020,2.000
2,32.100,-0.01,-0.0003,-0.00020,2.000
2,32.150,-0.01,-0.0003,-0.00020,2.000
2,32.200,0.00,-0.0003,-0.00020,2.000
2,32.250,0.00,-0.0003,-0.00020,2.000
2,32.300,-0.01,-0.0003,-0.00020,2.000
2,32.350,0.00,-0.0003,-0.00020,2.000
2,32.400,0.00,-0.0003,-0.00020,2.000
2,32.450,-0.01,-0.0003,-0.00020,2.000
2,32.500,0.00,-0.0003,-0.00020,2.000
2,32.550,-0.01,-0.0003,-0.00020,2.000
2,32.600,0.00,-0.0003,-0.00020,2.000
2,32.650,0.00,-0.0003,-0.00020,2.000
2,32.700,-0.01,-0.0003,-0.00020,2.000
2,32.750,0.00,-0.0003,-0.00020,2.000
2,32.800,-0.01,-0.0003,-0.00020,2.000
2,32.850,0.00,-0.0003,-0.00020,2.000
2,32.900,0.00,-0.0003,-0.00020,2.000
2,32.950,0.00,-0.0003,-0.00020,2.000
2,33.000,0.00,-0.0003,-0.00020,2.000
2,33.050,-0.01,-0.0003,-0.00020,2.000
2,33.100,0.00,-0.0003,-0.00020,2.000
2,33.150,0.00,-0.0003,-0.00020,2.000
2,33.200,0.00,-0.0003,-0.00020,2.000
2,33.250,0.00,-0.0003,-0.00020,2.000
2,33.300,0.00,-0.0003,-0.00020,2.000
2,33.350,-0.01,-0.0003,-0.00020,2.000
2,33.400,0.00,-0.0003,-0.00020,2.000
2,33.450,0.00,-0.0003,-0.00020,2.000
2,33.500,0.00,-0.0002,-0.00010,2.000
2,33.550,-0.01,-0.0002,-0.00010,2.000
2,33.600,0.00,-0.0002,-0.00010,2.000
2,33.650,0.00,-0.0002,-0.00010,2.000
2,33.700,0.00,-0.0002,-0.00010,2.000
2,33.800,-0.01,-0.0002,-0.00010,2.000
2,33.850,-0.01,-0.0002,-0.00010,2.000
2,33.900,0.00,-0.0002,-0.00010,2.000
2,33.950,0.00,-0.0002,-0.00010,2.000
2,34.000,0.00,-0.0002,-0.00010,2.000
2,34.050,0.00,-0.0002,-0.00010,2.000
2,34.100,0.00,-0.0002,-0.00010,2.000
2,34.150,-0.01,-0.0002,-0.00010,2.000
2,34.200,0.00,-0.0002,-0.00010,2.000
2,34.250,0.00,-0.0002,-0.00010,2.000
2,34.300,0.00,-0.0002,-0.00010,2.000
2,34.350,0.00,-0.0002,-0.00010,2.000
2,34.400,-0.01,-0.0002,-0.00010,2.000
2,34.450,0.00,-0.0002,-0.00010,2.000
2,34.500,0.00,-0.0002,-0.00010,2.000
2,34.550,-0.01,-0.0002,-0.00010,2.000
2,34.600,0.00,-0.0002,-0.00010,2.000
2,34.650,-0.01,-0.0002,-0.00010,2.000
2,34.700,0.00,-0.0002,-0.00010,2.000
2,34.750,0.00,-0.0002,-0.00010,2.000
3,35.000,0.01,0.0454,0.04550,3.000
3,35.050,0.02,0.0955,0.09560,3.000
3,35.100,0.01,0.1456,0.14570,3.000
3,35.150,0.02,0.1956,0.19570,3.000
3,35.200,0.02,0.2455,0.24560,3.000
3,35.250,0.01,0.2956,0.29570,3.000
3,35.300,0.01,0.3457,0.34580,3.000
3,35.350,0.02,0.3958,0.39590,3.000
3,35.400,0.02,0.4456,0.44570,3.000
3,35.450,0.01,0.4956,0.49570,3.000
3,35.500,0.01,0.5457,0.54580,3.000
3,35.550,0.01,0.5958,0.59590,3.000
3,35.600,0.01,0.6457,0.64580,3.000
3,35.650,0.01,0.6957,0.69580,3.000
3,35.700,0.02,0.7458,0.74590,3.000
3,35.750,0.01,0.7957,0.79580,3.000
3,35.800,0.01,0.8455,0.84560,3.000
3,35.850,0.01,0.8957,0.89580,3.000
3,35.900,0.01,0.9457,0.94580,3.000
3,35.950,0.02,0.9957,0.99580,3.000
3,36.000,0.01,1.0455,1.04560,3.000
3,36.050,0.02,1.0957,1.09580,3.000
3,36.100,0.01,1.1457,1.14580,3.000
3,36.150,0.02,1.1958,1.19590,3.000
3,36.200,0.01,1.2457,1.24580,3.000
3,36.250,0.01,1.2958,1.29590,3.000
3,36.300,0.01,1.3458,1.34590,3.000
3,36.350,0.02,1.3957,1.39580,3.000
3,36.400,0.02,1.4455,1.44560,3.000
3,36.450,0.02,1.4957,1.49580,3.000
3,36.500,0.01,1.5457,1.54580,3.000
3,36.550,0.02,1.5957,1.59580,3.000
3,36.600,0.02,1.6456,1.64570,3.000
3,36.650,0.02,1.6956,1.69570,3.000
3,36.700,0.01,1.7458,1.74590,3.000
3,36.750,0.01,1.7958,1.79590,3.000
3,36.800,0.01,1.8456,1.84570,3.000
3,36.850,0.02,1.8956,1.89570,3.000
3,36.900,0.02,1.9457,1.94580,3.000
3,36.950,0.01,1.9959,1.99600,3.000
3,37.000,0.01,2.0457,2.04580,3.000
3,37.050,0.02,2.0957,2.09580,3.000
3,37.100,0.01,2.1459,2.14600,3.000
3,37.150,0.01,2.1958,2.19590,3.000
3,37.200,0.01,2.2456,2.24570,3.000
3,37.250,0.01,2.2957,2.29580,3.000
3,37.300,0.02,2.3457,2.34580,3.000
3,37.350,0.01,2.3958,2.39590,3.000
3,37.400,0.02,2.4457,2.44580,3.000
3,37.450,0.02,2.4958,2.49590,3.000
3,37.500,0.02,2.5458,2.54590,3.000
3,37.550,0.02,2.5959,2.59600,3.000
3,37.600,0.01,2.6458,2.64590,3.000
3,37.650,0.02,2.6959,2.69600,3.000
3,37.700,0.01,2.7458,2.74590,3.000
3,37.750,0.01,2.7959,2.79600,3.000
3,37.800,0.02,2.8457,2.84580,3.000
3,37.850,0.01,2.8956,2.89570,3.000
3,37.900,0.01,2.9459,2.94600,3.000
3,37.950,0.02,2.9959,2.99600,3.000
3,38.000,0.01,3.0457,3.04580,3.000
3,38.050,0.01,3.0957,3.09580,3.000
3,38.100,0.01,3.1457,3.14580,3.000
3,38.150,0.01,3.1960,3.19610,3.000
3,38.200,0.02,3.2459,3.24600,3.000
3,38.250,0.01,3.2958,3.29590,3.000
3,38.300,0.01,3.3459,3.34600,3.000
3,38.350,0.01,3.3960,3.39610,3.000
3,38.400,0.01,3.4459,3.44600,3.000
3,38.450,0.01,3.4958,3.49590,3.000
3,38.500,0.02,3.5458,3.54590,3.000
3,38.550,0.01,3.5960,3.59610,3.000
3,38.600,0.01,3.6458,3.64590,3.000
3,38.650,0.02,3.6957,3.69580,3.000
3,38.700,0.02,3.7459,3.74600,3.000
3,38.750,0.01,3.7959,3.79600,3.000
3,38.800,0.01,3.8458,3.84590,3.000
3,38.850,0.01,3.8958,3.89590,3.000
3,38.900,0.01,3.9459,3.94600,3.000
3,38.950,0.01,3.9960,3.99610,3.000
3,39.000,0.01,4.0459,4.04600,3.000
3,39.050,0.01,4.0957,4.09580,3.000
3,39.100,0.02,4.1459,4.14600,3.000
3,39.150,0.02,4.1959,4.19600,3.000
3,39.200,0.02,4.2460,4.24610,3.000
3,39.250,0.02,4.2957,4.29580,3.000
3,39.300,0.01,4.3457,4.34580,3.000
3,39.350,0.01,4.3960,4.39610,3.000
3,39.400,0.02,4.4459,4.44600,3.000
3,39.450,0.04,4.4958,4.49590,3.000
3,39.500,0.09,4.5459,4.54600,3.000
3,39.550,0.11,4.5960,4.59610,3.000
3,39.600,0.18,4.6459,4.64600,3.000
3,39.650,0.28,4.6957,4.69580,3.000
3,39.700,0.39,4.7459,4.74600,3.000
3,39.750,0.51,4.7959,4.79600,3.000
3,39.800,0.65,4.8459,4.84600,3.000
3,39.850,0.82,4.8957,4.89580,3.000
3,39.900,1.00,4.9458,4.94590,3.000
3,39.950,1.21,4.9959,4.99600,3.000
3,40.000,1.44,5.0458,5.04590,3.000
3,40.050,1.69,5.0957,5.09580,3.000
3,40.100,1.99,5.1459,5.14600,3.000
3,40.150,2.34,5.1960,5.19610,3.000
3,40.200,2.72,5.2459,5.24600,3.000
3,40.250,3.14,5.2959,5.29600,3.000
3,40.300,3.59,5.3459,5.34600,3.000
3,40.350,4.08,5.3959,5.39600,3.000
3,40.400,4.60,5.4460,5.44610,3.000
3,40.450,5.18,5.4957,5.49580,3.000
3,40.500,5.81,5.5460,5.54610,3.000
3,40.550,6.46,5.5958,5.59590,3.000
3,40.600,7.18,5.6459,5.64600,3.000
3,40.650,7.94,5.6957,5.69580,3.000
3,40.700,8.75,5.7459,5.74600,3.000
3,40.750,9.61,5.7958,5.79590,3.000
3,40.800,10.54,5.8458,5.84590,3.000
3,40.850,11.51,5.8957,5.89580,3.000
3,40.900,12.55,5.9458,5.94590,3.000
3,40.950,13.66,5.9958,5.99590,3.000
3,41.000,14.83,6.0459,6.04600,3.000
3,41.050,16.06,6.0958,6.09590,3.000
3,41.100,17.39,6.1459,6.14600,3.000
3,41.150,18.79,6.1960,6.19610,3.000
3,41.200,20.29,6.2460,6.24610,3.000
3,41.250,21.91,6.2958,6.29590,3.000
3,41.300,23.63,6.3459,6.34600,3.000
3,41.350,25.49,6.3960,6.39610,3.000
3,41.400,27.48,6.4460,6.44610,3.000
3,41.450,29.66,6.4958,6.49590,3.000
3,41.550,32.08,6.5420,6.54210,3.000
3,41.600,27.99,6.4945,6.49460,3.000
3,41.650,24.32,6.4448,6.44490,3.000
3,41.700,21.33,6.3948,6.39490,3.000
3,41.750,18.77,6.3446,6.34470,3.000
3,41.800,16.57,6.2945,6.29460,3.000
3,41.850,14.64,6.2447,6.24480,3.000
3,41.900,12.98,6.1947,6.19480,3.000
3,41.950,11.52,6.1446,6.14470,3.000
3,42.000,10.22,6.0945,6.09460,3.000
3,42.050,9.08,6.0447,6.04480,3.000
3,42.100,8.07,5.9947,5.99480,3.000
3,42.150,7.18,5.9445,5.94460,3.000
3,42.200,6.38,5.8946,5.89470,3.000
3,42.250,5.65,5.8446,5.84470,3.000
3,42.300,5.03,5.7947,5.79480,3.000
3,42.350,4.46,5.7445,5.74460,3.000
3,42.400,3.96,5.6944,5.69450,3.000
3,42.450,3.52,5.6446,5.64470,3.000
3,42.500,3.16,5.5947,5.59480,3.000
3,42.550,2.87,5.5446,5.54470,3.000
3,42.600,2.59,5.4946,5.49470,3.000
3,42.650,2.33,5.4445,5.44460,3.000
3,42.700,2.09,5.3946,5.39470,3.000
3,42.750,1.86,5.3446,5.34470,3.000
3,42.800,1.65,5.2945,5.29460,3.000
3,42.850,1.45,5.2447,5.24480,3.000
3,42.900,1.26,5.1946,5.19470,3.000
3,42.950,1.09,5.1445,5.14460,3.000
3,43.000,0.94,5.0944,5.09450,3.000
3,43.050,0.77,5.0445,5.04460,3.000
3,43.100,0.62,4.9945,4.99460,3.000
3,43.150,0.49,4.9445,4.94460,3.000
3,43.200,0.38,4.8945,4.89460,3.000
3,43.250,0.28,4.8445,4.84460,3.000
3,43.300,0.20,4.7945,4.79460,3.000
3,43.350,0.13,4.7443,4.74440,3.000
3,43.400,0.08,4.6944,4.69450,3.000
3,43.450,0.03,4.6444,4.64450,3.000
3,43.500,0.01,4.5945,4.59460,3.000
3,43.550,0.00,4.5445,4.54460,3.000
3,43.600,0.00,4.4944,4.49450,3.000
3,43.650,0.01,4.4444,4.44450,3.000
3,43.700,0.01,4.3944,4.39450,3.000
3,43.750,0.01,4.3443,4.34440,3.000
3,43.800,0.02,4.2944,4.29450,3.000
3,43.850,0.01,4.2445,4.24460,3.000
3,43.900,0.01,4.1945,4.19460,3.000
3,43.950,0.01,4.1445,4.14460,3.000
3,44.000,0.02,4.0944,4.09450,3.000
3,44.050,0.01,4.0445,4.04460,3.000
3,44.100,0.01,3.9945,3.99460,3.000
3,44.150,0.01,3.9444,3.94450,3.000
3,44.200,0.01,3.8944,3.89450,3.000
3,44.250,0.01,3.8445,3.84460,3.000
3,44.300,0.01,3.7945,3.79460,3.000
3,44.350,0.01,3.7444,3.74450,3.000
3,44.400,0.01,3.6942,3.69430,3.000
3,44.450,0.02,3.6443,3.64440,3.000
3,44.500,0.02,3.5945,3.59460,3.000
3,44.550,0.01,3.5443,3.54440,3.000
3,44.600,0.01,3.4943,3.49440,3.000
3,44.650,0.01,3.4444,3.44450,3.000
3,44.700,0.01,3.3945,3.39460,3.000
3,44.750,0.01,3.3445,3.34460,3.000
3,44.800,0.02,3.2943,3.29440,3.000
3,44.850,0.02,3.2445,3.24460,3.000
3,44.900,0.01,3.1944,3.19450,3.000
3,44.950,0.02,3.1443,3.14440,3.000
3,45.000,0.01,3.0942,3.09430,3.000
3,45.050,0.01,3.0443,3.04440,3.000
3,45.100,0.01,2.9944,2.99450,3.000
3,45.150,0.01,2.9443,2.94440,3.000
3,45.200,0.02,2.8942,2.89430,3.000
3,45.250,0.02,2.8442,2.84430,3.000
3,45.300,0.01,2.7943,2.79440,3.000
3,45.350,0.01,2.7444,2.74450,3.000
3,45.400,0.01,2.6943,2.69440,3.000
3,45.450,0.02,2.6444,2.64450,3.000
3,45.500,0.02,2.5945,2.59460,3.000
3,45.550,0.02,2.5444,2.54450,3.000
3,45.600,0.01,2.4942,2.49430,3.000
3,45.650,0.02,2.4443,2.44440,3.000
3,45.700,0.01,2.3943,2.39440,3.000
3,45.750,0.01,2.3444,2.34450,3.000
3,45.800,0.01,2.2942,2.29430,3.000
3,45.850,0.02,2.2442,2.24430,3.000
3,45.900,0.02,2.1943,2.19440,3.000
3,45.950,0.02,2.1444,2.14450,3.000
3,46.000,0.01,2.0943,2.09440,3.000
3,46.050,0.02,2.0444,2.04450,3.000
3,46.100,0.01,1.9944,1.99450,3.000
3,46.150,0.01,1.9444,1.94450,3.000
3,46.200,0.01,1.8942,1.89430,3.000
3,46.250,0.01,1.8443,1.84440,3.000
3,46.300,0.01,1.7944,1.79450,3.000
3,46.350,0.02,1.7444,1.74450,3.000
3,46.400,0.02,1.6942,1.69430,3.000
3,46.450,0.01,1.6442,1.64430,3.000
3,46.500,0.01,1.5943,1.59440,3.000
3,46.550,0.02,1.5443,1.54440,3.000
3,46.600,0.01,1.4942,1.49430,3.000
3,46.650,0.01,1.4441,1.44420,3.000
3,46.700,0.01,1.3943,1.39440,3.000
3,46.750,0.02,1.3445,1.34460,3.000
3,46.800,0.01,1.2942,1.29430,3.000
3,46.850,0.01,1.2443,1.24440,3.000
3,46.900,0.02,1.1942,1.19430,3.000
3,46.950,0.01,1.1444,1.14450,3.000
3,47.000,0.01,1.0943,1.09440,3.000
3,47.050,0.02,1.0441,1.04420,3.000
3,47.100,0.02,0.9943,0.99440,3.000
3,47.150,0.02,0.9443,0.94440,3.000
3,47.200,0.02,0.8941,0.89420,3.000
3,47.250,0.02,0.8440,0.84410,3.000
3,47.300,0.02,0.7942,0.79430,3.000
3,47.350,0.01,0.7443,0.74440,3.000
3,47.400,0.01,0.6942,0.69430,3.000
3,47.450,0.02,0.6442,0.64430,3.000
3,47.500,0.01,0.5942,0.59430,3.000
3,47.550,0.01,0.5442,0.54430,3.000
3,47.600,0.01,0.4940,0.49410,3.000
3,47.650,0.02,0.4442,0.44430,3.000
3,47.700,0.02,0.3942,0.39430,3.000
3,47.750,0.01,0.3443,0.34440,3.000
3,47.800,0.01,0.2941,0.29420,3.000
3,47.850,0.01,0.2440,0.24410,3.000
3,47.900,0.02,0.1942,0.19430,3.000
3,47.950,0.01,0.1441,0.14420,3.000
3,48.000,0.02,0.0942,0.09430,3.000
3,48.050,0.02,0.0440,0.04410,3.000
3,48.100,0.02,-0.0059,-0.00580,3.000
3,48.200,0.02,-0.0345,-0.03440,3.000
3,48.250,0.01,0.0003,0.00040,3.000
3,48.300,0.01,-0.0003,-0.00020,3.000
3,48.350,0.02,-0.0003,-0.00020,3.000
3,48.400,0.01,-0.0003,-0.00020,3.000
3,48.450,0.02,-0.0003,-0.00020,3.000
3,48.500,0.02,-0.0003,-0.00020,3.000
3,48.550,0.01,-0.0003,-0.00020,3.000
3,48.600,0.02,-0.0003,-0.00020,3.000
3,48.650,0.01,-0.0003,-0.00020,3.000
3,48.700,0.01,-0.0003,-0.00020,3.000
3,48.750,0.01,-0.0003,-0.00020,3.000
3,48.800,0.02,-0.0003,-0.00020,3.000
3,48.850,0.02,-0.0003,-0.00020,3.000
3,48.900,0.02,-0.0003,-0.00020,3.000
3,48.950,0.02,-0.0003,-0.00020,3.000
3,49.000,0.01,-0.0003,-0.00020,3.000
3,49.050,0.02,-0.0003,-0.00020,3.000
3,49.100,0.02,-0.0003,-0.00020,3.000
3,49.150,0.02,-0.0003,-0.00020,3.000
3,49.200,0.02,-0.0003,-0.00020,3.000
3,49.250,0.02,-0.0003,-0.00020,3.000
3,49.300,0.02,-0.0003,-0.00020,3.000
3,49.350,0.02,-0.0003,-0.00020,3.000
3,49.400,0.01,-0.0003,-0.00020,3.000
3,49.450,0.01,-0.0003,-0.00020,3.000
3,49.500,0.02,-0.0003,-0.00020,3.000
3,49.550,0.01,-0.0003,-0.00020,3.000
3,49.600,0.01,-0.0003,-0.00020,3.000
3,49.650,0.02,-0.0003,-0.00020,3.000
3,49.700,0.01,-0.0003,-0.00020,3.000
3,49.750,0.02,-0.0003,-0.00020,3.000
3,49.800,0.01,-0.0003,-0.00020,3.000
3,49.850,0.02,-0.0003,-0.00020,3.000
3,49.900,0.01,-0.0003,-0.00020,3.000
3,49.950,0.02,-0.0003,-0.00020,3.000
3,50.000,0.02,-0.0003,-0.00020,3.000
3,50.050,0.01,-0.0003,-0.00020,3.000
3,50.100,0.01,-0.0003,-0.00020,3.000
3,50.150,0.01,-0.0003,-0.00020,3.000
3,50.200,0.02,-0.0003,-0.00020,3.000
3,50.250,0.01,-0.0003,-0.00020,3.000
3,50.300,0.01,-0.0003,-0.00020,3.000
3,50.350,0.01,-0.0003,-0.00020,3.000
3,50.400,0.01,-0.0003,-0.00020,3.000
3,50.450,0.01,-0.0003,-0.00020,3.000
3,50.500,0.02,-0.0003,-0.00020,3.000
3,50.550,0.01,-0.0003,-0.00020,3.000
3,50.600,0.01,-0.0003,-0.00020,3.000
3,50.650,0.02,-0.0003,-0.00020,3.000
3,50.700,0.01,-0.0003,-0.00020,3.000
3,50.750,0.02,-0.0003,-0.00020,3.000
3,50.800,0.01,-0.0002,-0.00010,3.000
3,50.850,0.01,-0.0002,-0.00010,3.000
3,50.900,0.01,-0.0002,-0.00010,3.000
3,50.950,0.01,-0.0002,-0.00010,3.000
3,51.000,0.01,-0.0002,-0.00010,3.000
3,51.050,0.01,-0.0002,-0.00010,3.000
3,51.100,0.02,-0.0002,-0.00010,3.000
3,51.150,0.01,-0.0002,-0.00010,3.000
3,51.250,0.02,-0.0002,-0.00010,3.000
3,51.300,0.02,-0.0002,-0.00010,3.000
3,51.350,0.01,-0.0002,-0.00010,3.000
3,51.400,0.02,-0.0002,-0.00010,3.000
3,51.450,0.02,-0.0002,-0.00010,3.000
3,51.500,0.01,-0.0002,-0.00010,3.000
3,51.550,0.01,-0.0002,-0.00010,3.000
3,51.600,0.01,-0.0002,-0.00010,3.000
3,51.650,0.01,-0.0002,-0.00010,3.000
3,51.700,0.01,-0.0002,-0.00010,3.000
3,51.750,0.02,-0.0002,-0.00010,3.000
3,51.800,0.01,-0.0002,-0.00010,3.000
3,51.850,0.01,-0.0002,-0.00010,3.000
3,51.900,0.01,-0.0002,-0.00010,3.000
3,51.950,0.01,-0.0002,-0.00010,3.000
3,52.000,0.02,-0.0002,-0.00010,3.000
3,52.050,0.01,-0.0002,-0.00010,3.000
3,52.100,0.01,-0.0002,-0.00010,3.000
3,52.150,0.02,-0.0002,-0.00010,3.000
3,52.200,0.01,-0.0002,-0.00010,3.000
4,52.400,0.00,0.0145,0.01460,4.000
4,52.450,-0.01,0.0645,0.06460,4.000
4,52.500,0.00,0.1145,0.11460,4.000
4,52.550,-0.01,0.1645,0.16460,4.000
4,52.600,0.00,0.2145,0.21460,4.000
4,52.650,0.00,0.2647,0.26480,4.000
4,52.700,0.00,0.3147,0.31480,4.000
4,52.750,-0.01,0.3646,0.36470,4.000
4,52.800,-0.01,0.4147,0.41480,4.000
4,52.850,0.00,0.4647,0.46480,4.000
4,52.900,0.00,0.5147,0.51480,4.000
4,52.950,-0.01,0.5645,0.56460,4.000
4,53.000,0.00,0.6147,0.61480,4.000
4,53.050,0.00,0.6649,0.66500,4.000
4,53.100,0.00,0.7147,0.71480,4.000
4,53.150,-0.01,0.7645,0.76460,4.000
4,53.200,-0.01,0.8146,0.81470,4.000
4,53.250,0.00,0.8647,0.86480,4.000
4,53.300,-0.01,0.9146,0.91470,4.000
4,53.350,-0.01,0.9645,0.96460,4.000
4,53.400,0.00,1.0146,1.01470,4.000
4,53.450,0.00,1.0648,1.06490,4.000
4,53.500,0.00,1.1148,1.11490,4.000
4,53.550,-0.01,1.1645,1.16460,4.000
4,53.600,0.00,1.2147,1.21480,4.000
4,53.650,0.00,1.2648,1.26490,4.000
4,53.700,-0.01,1.3148,1.31490,4.000
4,53.750,-0.01,1.3647,1.36480,4.000
4,53.800,-0.01,1.4145,1.41460,4.000
4,53.850,0.00,1.4647,1.46480,4.000
4,53.900,-0.01,1.5147,1.51480,4.000
4,53.950,-0.01,1.5646,1.56470,4.000
4,54.000,0.00,1.6146,1.61470,4.000
4,54.050,0.00,1.6647,1.66480,4.000
4,54.100,0.00,1.7147,1.71480,4.000
4,54.150,0.00,1.7646,1.76470,4.000
4,54.200,-0.01,1.8147,1.81480,4.000
4,54.250,0.00,1.8647,1.86480,4.000
4,54.300,0.00,1.9149,1.91500,4.000
4,54.350,-0.01,1.9647,1.96480,4.000
4,54.400,-0.01,2.0147,2.01480,4.000
4,54.450,0.00,2.0648,2.06490,4.000
4,54.500,0.00,2.1149,2.11500,4.000
4,54.550,0.00,2.1649,2.16500,4.000
4,54.600,-0.01,2.2148,2.21490,4.000
4,54.650,-0.01,2.2646,2.26470,4.000
4,54.700,-0.01,2.3149,2.31500,4.000
4,54.750,-0.01,2.3648,2.36490,4.000
4,54.800,0.00,2.4146,2.41470,4.000
4,54.850,0.00,2.4647,2.46480,4.000
4,54.900,0.00,2.5149,2.51500,4.000
4,54.950,0.00,2.5648,2.56490,4.000
4,55.000,-0.01,2.6147,2.61480,4.000
4,55.050,-0.01,2.6649,2.66500,4.000
4,55.100,-0.01,2.7149,2.71500,4.000
4,55.150,0.00,2.7648,2.76490,4.000
4,55.200,0.00,2.8148,2.81490,4.000
4,55.250,-0.01,2.8648,2.86490,4.000
4,55.300,-0.01,2.9149,2.91500,4.000
4,55.350,0.00,2.9647,2.96480,4.000
4,55.400,-0.01,3.0148,3.01490,4.000
4,55.450,-0.01,3.0647,3.06480,4.000
4,55.500,0.00,3.1149,3.11500,4.000
4,55.550,-0.01,3.1647,3.16480,4.000
4,55.600,0.00,3.2147,3.21480,4.000
4,55.650,-0.01,3.2649,3.26500,4.000
4,55.700,0.00,3.3149,3.31500,4.000
4,55.750,0.00,3.3650,3.36510,4.000
4,55.800,-0.01,3.4147,3.41480,4.000
4,55.850,-0.01,3.4648,3.46490,4.000
4,55.900,-0.01,3.5148,3.51490,4.000
4,55.950,-0.01,3.5649,3.56500,4.000
4,56.000,-0.01,3.6147,3.61480,4.000
4,56.050,-0.01,3.6647,3.66480,4.000
4,56.100,-0.01,3.7148,3.71490,4.000
4,56.150,0.00,3.7648,3.76490,4.000
4,56.200,-0.01,3.8147,3.81480,4.000
4,56.250,0.00,3.8648,3.86490,4.000
4,56.300,0.00,3.9150,3.91510,4.000
4,56.350,-0.01,3.9649,3.96500,4.000
4,56.400,-0.01,4.0148,4.01490,4.000
4,56.450,0.00,4.0648,4.06490,4.000
4,56.500,0.00,4.1150,4.11510,4.000
4,56.550,-0.01,4.1650,4.16510,4.000
4,56.600,-0.01,4.2147,4.21480,4.000
4,56.650,-0.01,4.2649,4.26500,4.000
4,56.700,-0.01,4.3148,4.31490,4.000
4,56.750,-0.01,4.3648,4.36490,4.000
4,56.800,0.00,4.4148,4.41490,4.000
4,56.850,0.00,4.4648,4.46490,4.000
4,56.900,0.04,4.5150,4.51510,4.000
4,56.950,0.07,4.5650,4.56510,4.000
4,57.000,0.11,4.6148,4.61490,4.000
4,57.050,0.19,4.6648,4.66490,4.000
4,57.100,0.28,4.7149,4.71500,4.000
4,57.150,0.40,4.7649,4.76500,4.000
4,57.200,0.53,4.8147,4.81480,4.000
4,57.250,0.68,4.8649,4.86500,4.000
4,57.300,0.85,4.9148,4.91490,4.000
4,57.350,1.04,4.9649,4.96500,4.000
4,57.400,1.26,5.0147,5.01480,4.000
4,57.450,1.52,5.0648,5.06490,4.000
4,57.500,1.80,5.1149,5.11500,4.000
4,57.550,2.13,5.1648,5.16490,4.000
4,57.600,2.49,5.2148,5.21490,4.000
4,57.650,2.89,5.2648,5.26490,4.000
4,57.700,3.33,5.3150,5.31510,4.000
4,57.750,3.79,5.3650,5.36510,4.000
4,57.800,4.29,5.4148,5.41490,4.000
4,57.850,4.85,5.4648,5.46490,4.000
4,57.900,5.43,5.5148,5.51490,4.000
4,57.950,6.08,5.5649,5.56500,4.000
4,58.000,6.77,5.6148,5.61490,4.000
4,58.050,7.49,5.6647,5.66480,4.000
4,58.100,8.28,5.7148,5.71490,4.000
4,58.150,9.12,5.7650,5.76510,4.000
4,58.200,10.00,5.8147,5.81480,4.000
4,58.250,10.94,5.8648,5.86490,4.000
4,58.300,11.93,5.9149,5.91500,4.000
4,58.350,13.00,5.9650,5.96510,4.000
4,58.400,14.13,6.0148,6.01490,4.000
4,58.450,15.32,6.0649,6.06500,4.000
4,58.500,16.57,6.1150,6.11510,4.000
4,58.550,17.93,6.1651,6.16520,4.000
4,58.600,19.36,6.2148,6.21490,4.000
4,58.650,20.89,6.2649,6.26500,4.000
4,58.700,22.54,6.3149,6.31500,4.000
4,58.750,24.31,6.3650,6.36510,4.000
4,58.800,26.22,6.4150,6.41510,4.000
4,58.850,28.26,6.4649,6.46500,4.000
4,58.950,32.01,6.5377,6.53780,4.000
4,59.000,29.19,6.5015,6.50160,4.000
4,59.050,25.14,6.4517,6.45180,4.000
4,59.100,21.98,6.4017,6.40180,4.000
4,59.150,19.32,6.3517,6.35180,4.000
4,59.200,17.04,6.3016,6.30170,4.000
4,59.250,15.04,6.2517,6.25180,4.000
4,59.300,13.32,6.2017,6.20180,4.000
4,59.350,11.81,6.1517,6.15180,4.000
4,59.400,10.48,6.1016,6.10170,4.000
4,59.450,9.30,6.0517,6.05180,4.000
4,59.500,8.26,6.0018,6.00190,4.000
4,59.550,7.34,5.9517,5.95180,4.000
4,59.600,6.52,5.9014,5.90150,4.000
4,59.650,5.78,5.8516,5.85170,4.000
4,59.700,5.12,5.8016,5.80170,4.000
4,59.750,4.55,5.7516,5.75170,4.000
4,59.800,4.03,5.7014,5.70150,4.000
4,59.850,3.57,5.6516,5.65170,4.000
4,59.900,3.19,5.6016,5.60170,4.000
4,59.950,2.88,5.5517,5.55180,4.000
4,60.000,2.60,5.5015,5.50160,4.000
4,60.050,2.34,5.4515,5.45160,4.000
4,60.100,2.09,5.4017,5.40180,4.000
4,60.150,1.85,5.3517,5.35180,4.000
4,60.200,1.65,5.3016,5.30170,4.000
4,60.250,1.45,5.2516,5.25170,4.000
4,60.300,1.25,5.2017,5.20180,4.000
4,60.350,1.08,5.1516,5.15170,4.000
4,60.400,0.92,5.1014,5.10150,4.000
4,60.450,0.78,5.0515,5.05160,4.000
4,60.500,0.63,5.0014,5.00150,4.000
4,60.550,0.49,4.9516,4.95170,4.000
4,60.600,0.38,4.9014,4.90150,4.000
4,60.650,0.28,4.8515,4.85160,4.000
4,60.700,0.19,4.8016,4.80170,4.000
4,60.750,0.12,4.7515,4.75160,4.000
4,60.800,0.06,4.7013,4.70140,4.000
4,60.850,0.02,4.6514,4.65150,4.000
4,60.900,-0.01,4.6015,4.60160,4.000
4,60.950,-0.03,4.5516,4.55170,4.000
4,61.000,-0.02,4.5014,4.50150,4.000
4,61.050,-0.01,4.4515,4.45160,4.000
4,61.100,0.00,4.4014,4.40150,4.000
4,61.150,0.00,4.3515,4.35160,4.000
4,61.200,-0.01,4.3013,4.30140,4.000
4,61.250,-0.01,4.2515,4.25160,4.000
4,61.300,0.00,4.2015,4.20160,4.000
4,61.350,-0.01,4.1516,4.15170,4.000
4,61.400,-0.01,4.1013,4.10140,4.000
4,61.450,-0.01,4.0515,4.05160,4.000
4,61.500,-0.01,4.0015,4.00160,4.000
4,61.550,-0.01,3.9515,3.95160,4.000
4,61.600,-0.01,3.9014,3.90150,4.000
4,61.650,0.00,3.8514,3.85150,4.000
4,61.700,-0.01,3.8014,3.80150,4.000
4,61.750,0.00,3.7515,3.75160,4.000
4,61.800,-0.01,3.7012,3.70130,4.000
4,61.850,0.00,3.6513,3.65140,4.000
4,61.900,-0.01,3.6015,3.60160,4.000
4,61.950,-0.01,3.5514,3.55150,4.000
4,62.000,-0.01,3.5012,3.50130,4.000
4,62.050,-0.01,3.4513,3.45140,4.000
4,62.100,0.00,3.4014,3.40150,4.000
4,62.150,-0.01,3.3515,3.35160,4.000
4,62.200,-0.01,3.3014,3.30150,4.000
4,62.250,0.00,3.2514,3.25150,4.000
4,62.300,0.00,3.2014,3.20150,4.000
4,62.350,0.00,3.1515,3.15160,4.000
4,62.400,-0.01,3.1012,3.10130,4.000
4,62.450,0.00,3.0512,3.05130,4.000
4,62.500,0.00,3.0014,3.00150,4.000
4,62.550,0.00,2.9514,2.95150,4.000
4,62.600,0.00,2.9012,2.90130,4.000
4,62.650,-0.01,2.8512,2.85130,4.000
4,62.700,0.00,2.8013,2.80140,4.000
4,62.750,-0.01,2.7515,2.75160,4.000
4,62.800,-0.01,2.7013,2.70140,4.000
4,62.850,-0.01,2.6513,2.65140,4.000
4,62.900,0.00,2.6014,2.60150,4.000
4,62.950,0.00,2.5515,2.55160,4.000
4,63.000,-0.01,2.5013,2.50140,4.000
4,63.050,-0.01,2.4512,2.45130,4.000
4,63.100,-0.01,2.4013,2.40140,4.000
4,63.150,0.00,2.3515,2.35160,4.000
4,63.200,-0.01,2.3012,2.30130,4.000
4,63.250,0.00,2.2512,2.25130,4.000
4,63.300,0.00,2.2013,2.20140,4.000
4,63.350,0.00,2.1514,2.15150,4.000
4,63.400,-0.01,2.1014,2.10150,4.000
4,63.450,-0.01,2.0513,2.05140,4.000
4,63.500,-0.01,2.0014,2.00150,4.000
4,63.550,-0.01,1.9515,1.95160,4.000
4,63.600,-0.01,1.9013,1.90140,4.000
4,63.650,-0.01,1.8512,1.85130,4.000
4,63.700,0.00,1.8012,1.80130,4.000
4,63.750,-0.01,1.7514,1.75150,4.000
4,63.800,0.00,1.7012,1.70130,4.000
4,63.850,-0.01,1.6511,1.65120,4.000
4,63.900,0.00,1.6013,1.60140,4.000
4,63.950,0.00,1.5513,1.55140,4.000
4,64.000,-0.01,1.5012,1.50130,4.000
4,64.050,0.00,1.4512,1.45130,4.000
4,64.100,-0.01,1.4011,1.40120,4.000
4,64.150,-0.01,1.3514,1.35150,4.000
4,64.200,-0.01,1.3013,1.30140,4.000
4,64.250,-0.01,1.2512,1.25130,4.000
4,64.300,0.00,1.2013,1.20140,4.000
4,64.350,-0.01,1.1514,1.15150,4.000
4,64.400,-0.01,1.1012,1.10130,4.000
4,64.450,-0.01,1.0511,1.05120,4.000
4,64.500,-0.01,1.0011,1.00120,4.000
4,64.550,0.00,0.9513,0.95140,4.000
4,64.600,-0.01,0.9012,0.90130,4.000
4,64.650,-0.01,0.8510,0.85110,4.000
4,64.700,-0.01,0.8012,0.80130,4.000
4,64.750,0.00,0.7512,0.75130,4.000
4,64.800,-0.01,0.7014,0.70150,4.000
4,64.850,0.00,0.6512,0.65130,4.000
4,64.900,-0.01,0.6012,0.60130,4.000
4,64.950,-0.01,0.5513,0.55140,4.000
4,65.000,0.00,0.5012,0.50130,4.000
4,65.050,-0.01,0.4510,0.45110,4.000
4,65.100,-0.01,0.4013,0.40140,4.000
4,65.150,0.00,0.3513,0.35140,4.000
4,65.200,-0.01,0.3013,0.30140,4.000
4,65.250,0.00,0.2511,0.25120,4.000
4,65.300,0.00,0.2011,0.20120,4.000
4,65.350,0.00,0.1512,0.15130,4.000
4,65.400,0.00,0.1012,0.10130,4.000
4,65.450,0.00,0.0511,0.05120,4.000
4,65.500,0.00,0.0012,0.00130,4.000
4,65.600,-0.01,-0.0255,-0.02540,4.000
4,65.650,-0.01,-0.0002,-0.00010,4.000
4,65.700,-0.01,-0.0004,-0.00030,4.000
4,65.750,-0.01,-0.0003,-0.00020,4.000
4,65.800,0.00,-0.0003,-0.00020,4.000
4,65.850,-0.01,-0.0003,-0.00020,4.000
4,65.900,0.00,-0.0003,-0.00020,4.000
4,65.950,0.00,-0.0003,-0.00020,4.000
4,66.000,0.00,-0.0003,-0.00020,4.000
4,66.050,-0.01,-0.0003,-0.00020,4.000
4,66.100,-0.01,-0.0003,-0.00020,4.000
4,66.150,0.00,-0.0003,-0.00020,4.000
4,66.200,-0.01,-0.0003,-0.00020,4.000
4,66.250,0.00,-0.0003,-0.00020,4.000
4,66.300,0.00,-0.0003,-0.00020,4.000
4,66.350,-0.01,-0.0003,-0.00020,4.000
4,66.400,0.00,-0.0003,-0.00020,4.000
4,66.450,-0.01,-0.0003,-0.00020,4.000
4,66.500,0.00,-0.0003,-0.00020,4.000
4,66.550,-0.01,-0.0003,-0.00020,4.000
4,66.600,0.00,-0.0003,-0.00020,4.000
4,66.650,0.00,-0.0003,-0.00020,4.000
4,66.700,-0.01,-0.0003,-0.00020,4.000
4,66.750,0.00,-0.0003,-0.00020,4.000
4,66.800,0.00,-0.0003,-0.00020,4.000
4,66.850,-0.01,-0.0003,-0.00020,4.000
4,66.900,-0.01,-0.0003,-0.00020,4.000
4,66.950,0.00,-0.0003,-0.00020,4.000
4,67.000,0.00,-0.0003,-0.00020,4.000
4,67.050,0.00,-0.0003,-0.00020,4.000
4,67.100,0.00,-0.0003,-0.00020,4.000
4,67.150,0.00,-0.0003,-0.00020,4.000
4,67.200,0.00,-0.0003,-0.00020,4.000
4,67.250,0.00,-0.0003,-0.00020,4.000
4,67.300,-0.01,-0.0003,-0.00020,4.000
4,67.350,-0.01,-0.0003,-0.00020,4.000
4,67.400,-0.01,-0.0003,-0.00020,4.000
4,67.450,0.00,-0.0003,-0.00020,4.000
4,67.500,0.00,-0.0003,-0.00020,4.000
4,67.550,-0.01,-0.0003,-0.00020,4.000
4,67.600,-0.01,-0.0003,-0.00020,4.000
4,67.650,-0.01,-0.0003,-0.00020,4.000
4,67.700,-0.01,-0.0003,-0.00020,4.000
4,67.750,-0.01,-0.0003,-0.00020,4.000
4,67.800,-0.01,-0.0003,-0.00020,4.000
4,67.850,-0.01,-0.0003,-0.00020,4.000
4,67.900,0.00,-0.0003,-0.00020,4.000
4,67.950,-0.01,-0.0003,-0.00020,4.000
4,68.000,0.00,-0.0003,-0.00020,4.000
4,68.050,0.00,-0.0003,-0.00020,4.000
4,68.100,-0.01,-0.0003,-0.00020,4.000
4,68.150,-0.01,-0.0003,-0.00020,4.000
4,68.200,0.00,-0.0002,-0.00010,4.000
4,68.250,0.00,-0.0002,-0.00010,4.000
4,68.300,0.00,-0.0002,-0.00010,4.000
4,68.350,-0.01,-0.0002,-0.00010,4.000
4,68.400,-0.01,-0.0002,-0.00010,4.000
4,68.450,-0.01,-0.0002,-0.00010,4.000
4,68.500,0.00,-0.0002,-0.00010,4.000
4,68.550,0.00,-0.0002,-0.00010,4.000
4,68.650,-0.01,-0.0002,-0.00010,4.000
4,68.700,-0.01,-0.0002,-0.00010,4.000
4,68.750,-0.01,-0.0002,-0.00010,4.000
4,68.800,0.00,-0.0002,-0.00010,4.000
4,68.850,0.00,-0.0002,-0.00010,4.000
4,68.900,0.00,-0.0002,-0.00010,4.000
4,68.950,0.00,-0.0002,-0.00010,4.000
4,69.000,0.00,-0.0002,-0.00010,4.000
4,69.050,0.00,-0.0002,-0.00010,4.000
4,69.100,0.00,-0.0002,-0.00010,4.000
4,69.150,0.00,-0.0002,-0.00010,4.000
4,69.200,0.00,-0.0002,-0.00010,4.000
4,69.250,-0.01,-0.0002,-0.00010,4.000
4,69.300,0.00,-0.0002,-0.00010,4.000
4,69.350,-0.01,-0.0002,-0.00010,4.000
4,69.400,0.00,-0.0002,-0.00010,4.000
4,69.450,-0.01,-0.0002,-0.00010,4.000
4,69.500,0.00,-0.0002,-0.00010,4.000
4,69.550,0.00,-0.0002,-0.00010,4.000
5,69.800,0.00,0.0246,0.02470,5.000
5,69.850,-0.01,0.0746,0.07470,5.000
5,69.900,0.00,0.1245,0.12460,5.000
5,69.950,-0.01,0.1745,0.17460,5.000
5,70.000,0.00,0.2247,0.22480,5.000
5,70.050,-0.01,0.2747,0.27480,5.000
5,70.100,0.00,0.3247,0.32480,5.000
5,70.150,-0.01,0.3746,0.37470,5.000
5,70.200,0.00,0.4248,0.42490,5.000
5,70.250,0.00,0.4747,0.47480,5.000
5,70.300,-0.01,0.5246,0.52470,5.000
5,70.350,-0.01,0.5746,0.57470,5.000
5,70.400,-0.01,0.6247,0.62480,5.000
5,70.450,-0.01,0.6749,0.67500,5.000
5,70.500,-0.01,0.7246,0.72470,5.000
5,70.550,-0.01,0.7745,0.77460,5.000
5,70.600,-0.01,0.8247,0.82480,5.000
5,70.650,-0.01,0.8747,0.87480,5.000
5,70.700,-0.01,0.9245,0.92460,5.000
5,70.750,-0.01,0.9746,0.97470,5.000
5,70.800,0.00,1.0246,1.02470,5.000
5,70.850,0.00,1.0748,1.07490,5.000
5,70.900,0.00,1.1245,1.12460,5.000
5,70.950,0.00,1.1747,1.17480,5.000
5,71.000,-0.01,1.2247,1.22480,5.000
5,71.050,0.00,1.2749,1.27500,5.000
5,71.100,-0.01,1.3247,1.32480,5.000
5,71.150,-0.01,1.3746,1.37470,5.000
5,71.200,-0.01,1.4246,1.42470,5.000
5,71.250,-0.01,1.4748,1.47490,5.000
5,71.300,-0.01,1.5246,1.52470,5.000
5,71.350,0.00,1.5746,1.57470,5.000
5,71.400,0.00,1.6246,1.62470,5.000
5,71.450,0.00,1.6748,1.67490,5.000
5,71.500,-0.01,1.7247,1.72480,5.000
5,71.550,-0.01,1.7747,1.77480,5.000
5,71.600,-0.01,1.8247,1.82480,5.000
5,71.650,-0.01,1.8747,1.87480,5.000
5,71.700,-0.01,1.9247,1.92480,5.000
5,71.750,-0.01,1.9747,1.97480,5.000
5,71.800,0.00,2.0247,2.02480,5.000
5,71.850,0.00,2.0749,2.07500,5.000
5,71.900,0.00,2.1248,2.12490,5.000
5,71.950,-0.01,2.1746,2.17470,5.000
5,72.000,0.00,2.2248,2.22490,5.000
5,72.050,-0.01,2.2747,2.27480,5.000
5,72.100,-0.01,2.3247,2.32480,5.000
5,72.150,0.00,2.3747,2.37480,5.000
5,72.200,0.00,2.4247,2.42480,5.000
5,72.250,-0.01,2.4749,2.47500,5.000
5,72.300,0.00,2.5248,2.52490,5.000
5,72.350,0.00,2.5747,2.57480,5.000
5,72.400,0.00,2.6249,2.62500,5.000
5,72.450,-0.01,2.6749,2.67500,5.000
5,72.500,0.00,2.7250,2.72510,5.000
5,72.550,0.00,2.7747,2.77480,5.000
5,72.600,0.00,2.8249,2.82500,5.000
5,72.650,-0.01,2.8748,2.87490,5.000
5,72.700,0.00,2.9248,2.92490,5.000
5,72.750,-0.01,2.9747,2.97480,5.000
5,72.800,0.00,3.0248,3.02490,5.000
5,72.850,0.00,3.0747,3.07480,5.000
5,72.900,-0.01,3.1249,3.12500,5.000
5,72.950,0.00,3.1747,3.17480,5.000
5,73.000,-0.01,3.2248,3.22490,5.000
5,73.050,0.00,3.2748,3.27490,5.000
5,73.100,0.00,3.3249,3.32500,5.000
5,73.150,0.00,3.3748,3.37490,5.000
5,73.200,0.00,3.4249,3.42500,5.000
5,73.250,-0.01,3.4750,3.47510,5.000
5,73.300,0.00,3.5249,3.52500,5.000
5,73.350,0.00,3.5747,3.57480,5.000
5,73.400,0.00,3.6247,3.62480,5.000
5,73.450,0.00,3.6749,3.67500,5.000
5,73.500,0.00,3.7248,3.72490,5.000
5,73.550,-0.01,3.7748,3.77490,5.000
5,73.600,0.00,3.8247,3.82480,5.000
5,73.650,0.00,3.8748,3.87490,5.000
5,73.700,-0.01,3.9250,3.92510,5.000
5,73.750,-0.01,3.9748,3.97490,5.000
5,73.800,-0.01,4.0249,4.02500,5.000
5,73.850,-0.01,4.0749,4.07500,5.000
5,73.900,-0.01,4.1249,4.12500,5.000
5,73.950,-0.01,4.1748,4.17490,5.000
5,74.000,-0.01,4.2248,4.22490,5.000
5,74.050,-0.01,4.2749,4.27500,5.000
5,74.100,0.00,4.3249,4.32500,5.000
5,74.150,0.00,4.3748,4.37490,5.000
5,74.200,0.00,4.4248,4.42490,5.000
5,74.250,0.01,4.4750,4.47510,5.000
5,74.300,0.04,4.5251,4.52520,5.000
5,74.350,0.07,4.5748,4.57490,5.000
5,74.400,0.13,4.6248,4.62490,5.000
5,74.450,0.20,4.6748,4.67490,5.000
5,74.500,0.30,4.7249,4.72500,5.000
5,74.550,0.41,4.7747,4.77480,5.000
5,74.600,0.54,4.8248,4.82490,5.000
5,74.650,0.70,4.8749,4.87500,5.000
5,74.700,0.88,4.9250,4.92510,5.000
5,74.750,1.07,4.9747,4.97480,5.000
5,74.800,1.30,5.0247,5.02480,5.000
5,74.850,1.56,5.0749,5.07500,5.000
5,74.900,1.85,5.1248,5.12490,5.000
5,74.950,2.20,5.1747,5.17480,5.000
5,75.000,2.56,5.2247,5.22480,5.000
5,75.050,2.97,5.2750,5.27510,5.000
5,75.100,3.41,5.3250,5.32510,5.000
5,75.150,3.89,5.3749,5.37500,5.000
5,75.200,4.40,5.4248,5.42490,5.000
5,75.250,4.96,5.4750,5.47510,5.000
5,75.300,5.55,5.5250,5.52510,5.000
5,75.350,6.21,5.5748,5.57490,5.000
5,75.400,6.91,5.6248,5.62490,5.000
5,75.450,7.64,5.6748,5.67490,5.000
5,75.500,8.43,5.7249,5.72500,5.000
5,75.550,9.28,5.7747,5.77480,5.000
5,75.600,10.17,5.8248,5.82490,5.000
5,75.650,11.11,5.8748,5.87490,5.000
5,75.700,12.12,5.9248,5.92490,5.000
5,75.750,13.20,5.9748,5.97490,5.000
5,75.800,14.33,6.0248,6.02490,5.000
5,75.850,15.52,6.0749,6.07500,5.000
5,75.900,16.79,6.1250,6.12510,5.000
5,75.950,18.16,6.1749,6.17500,5.000
5,76.000,19.60,6.2248,6.22490,5.000
5,76.050,21.14,6.2749,6.27500,5.000
5,76.100,22.79,6.3250,6.32510,5.000
5,76.150,24.57,6.3748,6.37490,5.000
5,76.200,26.48,6.4250,6.42510,5.000
5,76.250,28.53,6.4748,6.47490,5.000
5,76.350,32.40,6.5489,6.54900,5.000
5,76.400,29.63,6.5135,6.51360,5.000
5,76.450,25.50,6.4635,6.46360,5.000
5,76.500,22.27,6.4137,6.41380,5.000
5,76.550,19.56,6.3637,6.36380,5.000
5,76.600,17.26,6.3138,6.31390,5.000
5,76.650,15.24,6.2635,6.26360,5.000
5,76.700,13.50,6.2136,6.21370,5.000
5,76.750,11.95,6.1638,6.16390,5.000
5,76.800,10.60,6.1137,6.11380,5.000
5,76.850,9.43,6.0635,6.06360,5.000
5,76.900,8.37,6.0136,6.01370,5.000
5,76.950,7.43,5.9637,5.96380,5.000
5,77.000,6.61,5.9136,5.91370,5.000
5,77.050,5.86,5.8635,5.86360,5.000
5,77.100,5.21,5.8135,5.81360,5.000
5,77.150,4.61,5.7636,5.76370,5.000
5,77.200,4.09,5.7136,5.71370,5.000
5,77.250,3.64,5.6634,5.66350,5.000
5,77.300,3.24,5.6135,5.61360,5.000
5,77.350,2.93,5.5636,5.56370,5.000
5,77.400,2.64,5.5137,5.51380,5.000
5,77.450,2.39,5.4634,5.46350,5.000
5,77.500,2.14,5.4136,5.41370,5.000
5,77.550,1.90,5.3636,5.36370,5.000
5,77.600,1.68,5.3138,5.31390,5.000
5,77.650,1.48,5.2634,5.26350,5.000
5,77.700,1.29,5.2136,5.21370,5.000
5,77.750,1.11,5.1636,5.16370,5.000
5,77.800,0.96,5.1136,5.11370,5.000
5,77.850,0.81,5.0633,5.06340,5.000
5,77.900,0.65,5.0135,5.01360,5.000
5,77.950,0.51,4.9636,4.96370,5.000
5,78.000,0.39,4.9136,4.91370,5.000
5,78.050,0.30,4.8634,4.86350,5.000
5,78.100,0.20,4.8135,4.81360,5.000
5,78.150,0.13,4.7634,4.76350,5.000
5,78.200,0.07,4.7136,4.71370,5.000
5,78.250,0.02,4.6633,4.66340,5.000
5,78.300,0.00,4.6135,4.61360,5.000
5,78.350,-0.02,4.5636,4.56370,5.000
5,78.400,-0.02,4.5137,4.51380,5.000
5,78.450,-0.01,4.4634,4.46350,5.000
5,78.500,-0.01,4.4134,4.41350,5.000
5,78.550,-0.01,4.3634,4.36350,5.000
5,78.600,0.00,4.3135,4.31360,5.000
5,78.650,-0.01,4.2634,4.26350,5.000
5,78.700,-0.01,4.2135,4.21360,5.000
5,78.750,-0.01,4.1635,4.16360,5.000
5,78.800,-0.01,4.1135,4.11360,5.000
5,78.850,0.00,4.0634,4.06350,5.000
5,78.900,-0.01,4.0134,4.01350,5.000
5,78.950,0.00,3.9635,3.96360,5.000
5,79.000,-0.01,3.9135,3.91360,5.000
5,79.050,0.00,3.8634,3.86350,5.000
5,79.100,-0.01,3.8134,3.81350,5.000
5,79.150,-0.01,3.7634,3.76350,5.000
5,79.200,-0.01,3.7135,3.71360,5.000
5,79.250,0.00,3.6633,3.66340,5.000
5,79.300,-0.01,3.6133,3.61340,5.000
5,79.350,0.00,3.5633,3.56340,5.000
5,79.400,-0.01,3.5134,3.51350,5.000
5,79.450,-0.01,3.4633,3.46340,5.000
5,79.500,-0.01,3.4134,3.41350,5.000
5,79.550,0.00,3.3634,3.36350,5.000
5,79.600,0.00,3.3135,3.31360,5.000
5,79.650,0.00,3.2634,3.26350,5.000
5,79.700,0.00,3.2134,3.21350,5.000
5,79.750,0.00,3.1633,3.16340,5.000
5,79.800,-0.01,3.1134,3.11350,5.000
5,79.850,-0.01,3.0632,3.06330,5.000
5,79.900,-0.01,3.0132,3.01330,5.000
5,79.950,0.00,2.9633,2.96340,5.000
5,80.000,-0.01,2.9134,2.91350,5.000
5,80.050,0.00,2.8632,2.86330,5.000
5,80.100,0.00,2.8131,2.81320,5.000
5,80.150,0.00,2.7633,2.76340,5.000
5,80.200,0.00,2.7135,2.71360,5.000
5,80.250,-0.01,2.6633,2.66340,5.000
5,80.300,-0.01,2.6134,2.61350,5.000
5,80.350,-0.01,2.5634,2.56350,5.000
5,80.400,0.00,2.5134,2.51350,5.000
5,80.450,-0.01,2.4633,2.46340,5.000
5,80.500,0.00,2.4132,2.41330,5.000
5,80.550,0.00,2.3634,2.36350,5.000
5,80.600,0.00,2.3134,2.31350,5.000
5,80.650,0.00,2.2632,2.26330,5.000
5,80.700,0.00,2.2133,2.21340,5.000
5,80.750,0.00,2.1634,2.16350,5.000
5,80.800,-0.01,2.1135,2.11360,5.000
5,80.850,-0.01,2.0634,2.06350,5.000
5,80.900,0.00,2.0133,2.01340,5.000
5,80.950,-0.01,1.9633,1.96340,5.000
5,81.000,-0.01,1.9134,1.91350,5.000
5,81.050,0.00,1.8633,1.86340,5.000
5,81.100,-0.01,1.8132,1.81330,5.000
5,81.150,0.00,1.7633,1.76340,5.000
5,81.200,0.00,1.7134,1.71350,5.000
5,81.250,-0.01,1.6633,1.66340,5.000
5,81.300,-0.01,1.6131,1.61320,5.000
5,81.350,0.00,1.5633,1.56340,5.000
5,81.400,0.00,1.5133,1.51340,5.000
5,81.450,0.00,1.4632,1.46330,5.000
5,81.500,-0.01,1.4131,1.41320,5.000
5,81.550,-0.01,1.3633,1.36340,5.000
5,81.600,0.00,1.3133,1.31340,5.000
5,81.650,0.00,1.2633,1.26340,5.000
5,81.700,0.00,1.2131,1.21320,5.000
5,81.750,0.00,1.1632,1.16330,5.000
5,81.800,-0.01,1.1132,1.11330,5.000
5,81.850,0.00,1.0633,1.06340,5.000
5,81.900,-0.01,1.0132,1.01330,5.000
5,81.950,-0.01,0.9631,0.96320,5.000
5,82.000,0.00,0.9133,0.91340,5.000
5,82.050,0.00,0.8632,0.86330,5.000
5,82.100,0.00,0.8130,0.81310,5.000
5,82.150,0.00,0.7632,0.76330,5.000
5,82.200,0.00,0.7133,0.71340,5.000
5,82.250,-0.01,0.6634,0.66350,5.000
5,82.300,0.00,0.6133,0.61340,5.000
5,82.350,-0.01,0.5632,0.56330,5.000
5,82.400,-0.01,0.5132,0.51330,5.000
5,82.450,0.00,0.4632,0.46330,5.000
5,82.500,0.00,0.4131,0.41320,5.000
5,82.550,-0.01,0.3632,0.36330,5.000
5,82.600,-0.01,0.3133,0.31340,5.000
5,82.650,0.00,0.2632,0.26330,5.000
5,82.700,-0.01,0.2131,0.21320,5.000
5,82.750,0.00,0.1632,0.16330,5.000
5,82.800,0.00,0.1132,0.11330,5.000
5,82.850,0.00,0.0633,0.06340,5.000
5,82.900,-0.01,0.0131,0.01320,5.000
5,83.000,0.00,-0.0332,-0.03310,5.000
5,83.050,-0.01,-0.0002,-0.00010,5.000
5,83.100,-0.01,-0.0004,-0.00030,5.000
5,83.150,0.00,-0.0003,-0.00020,5.000
5,83.200,0.00,-0.0003,-0.00020,5.000
5,83.250,-0.01,-0.0003,-0.00020,5.000
5,83.300,-0.01,-0.0003,-0.00020,5.000
5,83.350,-0.01,-0.0003,-0.00020,5.000
5,83.400,-0.01,-0.0003,-0.00020,5.000
5,83.450,-0.01,-0.0003,-0.00020,5.000
5,83.500,0.00,-0.0003,-0.00020,5.000
5,83.550,-0.01,-0.0003,-0.00020,5.000
5,83.600,0.00,-0.0003,-0.00020,5.000
5,83.650,-0.01,-0.0003,-0.00020,5.000
5,83.700,-0.01,-0.0003,-0.00020,5.000
5,83.750,-0.01,-0.0003,-0.00020,5.000
5,83.800,-0.01,-0.0003,-0.00020,5.000
5,83.850,0.00,-0.0003,-0.00020,5.000
5,83.900,-0.01,-0.0003,-0.00020,5.000
5,83.950,-0.01,-0.0003,-0.00020,5.000
5,84.000,-0.01,-0.0003,-0.00020,5.000
5,84.050,0.00,-0.0003,-0.00020,5.000
5,84.100,-0.01,-0.0003,-0.00020,5.000
5,84.150,0.00,-0.0003,-0.00020,5.000
5,84.200,-0.01,-0.0003,-0.00020,5.000
5,84.250,-0.01,-0.0003,-0.00020,5.000
5,84.300,-0.01,-0.0003,-0.00020,5.000
5,84.350,0.00,-0.0003,-0.00020,5.000
5,84.400,-0.01,-0.0003,-0.00020,5.000
5,84.450,0.00,-0.0003,-0.00020,5.000
5,84.500,-0.01,-0.0003,-0.00020,5.000
5,84.550,-0.01,-0.0003,-0.00020,5.000
5,84.600,-0.01,-0.0003,-0.00020,5.000
5,84.650,-0.01,-0.0003,-0.00020,5.000
5,84.700,-0.01,-0.0003,-0.00020,5.000
5,84.750,0.00,-0.0003,-0.00020,5.000
5,84.800,0.00,-0.0003,-0.00020,5.000
5,84.850,-0.01,-0.0003,-0.00020,5.000
5,84.900,-0.01,-0.0003,-0.00020,5.000
5,84.950,-0.01,-0.0003,-0.00020,5.000
5,85.000,0.00,-0.0003,-0.00020,5.000
5,85.050,-0.01,-0.0003,-0.00020,5.000
5,85.100,0.00,-0.0003,-0.00020,5.000
5,85.150,0.00,-0.0003,-0.00020,5.000
5,85.200,-0.01,-0.0003,-0.00020,5.000
5,85.250,0.00,-0.0003,-0.00020,5.000
5,85.300,-0.01,-0.0002,-0.00010,5.000
5,85.350,-0.01,-0.0002,-0.00010,5.000
5,85.400,0.00,-0.0002,-0.00010,5.000
5,85.450,-0.01,-0.0002,-0.00010,5.000
5,85.500,0.00,-0.0002,-0.00010,5.000
5,85.550,0.00,-0.0002,-0.00010,5.000
5,85.600,0.00,-0.0002,-0.00010,5.000
5,85.650,0.00,-0.0002,-0.00010,5.000
5,85.700,0.00,-0.0002,-0.00010,5.000
5,85.750,-0.01,-0.0002,-0.00010,5.000
5,85.800,0.00,-0.0002,-0.00010,5.000
5,85.850,0.00,-0.0002,-0.00010,5.000
5,85.900,-0.01,-0.0002,-0.00010,5.000
5,85.950,0.00,-0.0002,-0.00010,5.000
5,86.050,0.00,-0.0002,-0.00010,5.000
5,86.100,-0.01,-0.0002,-0.00010,5.000
5,86.150,0.00,-0.0002,-0.00010,5.000
5,86.200,0.00,-0.0002,-0.00010,5.000
5,86.250,-0.01,-0.0002,-0.00010,5.000
5,86.300,-0.01,-0.0002,-0.00010,5.000
5,86.350,0.00,-0.0002,-0.00010,5.000
5,86.400,0.00,-0.0002,-0.00010,5.000
5,86.450,-0.01,-0.0002,-0.00010,5.000
5,86.500,-0.01,-0.0002,-0.00010,5.000
5,86.550,0.00,-0.0002,-0.00010,5.000
5,86.600,0.00,-0.0002,-0.00010,5.000
5,86.650,0.00,-0.0002,-0.00010,5.000
5,86.700,0.00,-0.0002,-0.00010,5.000
5,86.750,0.00,-0.0002,-0.00010,5.000
5,86.800,0.00,-0.0002,-0.00010,5.000
5,86.850,0.00,-0.0002,-0.00010,5.000
5,86.900,-0.01,-0.0002,-0.00010,5.000
5,86.950,-0.01,-0.0002,-0.00010,5.000


