""
"Test Method","Radhen_Load_Cntrl_Cmprsn_250N_12-7.msm"
"Sample I. D.","Sample1.mss"
"Specimen Number","5"

"TheCycle_Output ()","_Time (s)","_Load (N)","_Extension (mm)","RealTimeDepth (mm)","CycleNumber ()"

1,0.300,0.00,0.0576,0.05760,1.000
1,0.350,0.00,0.1075,0.10750,1.000
1,0.400,0.01,0.1574,0.15740,1.000
1,0.450,0.00,0.2076,0.20760,1.000
1,0.500,0.00,0.2576,0.25760,1.000
1,0.550,0.01,0.3077,0.30770,1.000
1,0.600,0.00,0.3576,0.35760,1.000
1,0.650,0.01,0.4076,0.40760,1.000
1,0.700,0.00,0.4578,0.45780,1.000
1,0.750,0.00,0.5076,0.50760,1.000
1,0.800,0.00,0.5575,0.55750,1.000
1,0.850,0.00,0.6077,0.60770,1.000
1,0.900,0.01,0.6578,0.65780,1.000
1,0.950,0.00,0.7077,0.70770,1.000
1,1.000,0.00,0.7574,0.75740,1.000
1,1.050,0.00,0.8076,0.80760,1.000
1,1.100,0.00,0.8577,0.85770,1.000
1,1.150,0.01,0.9076,0.90760,1.000
1,1.200,0.00,0.9576,0.95760,1.000
1,1.250,0.00,1.0077,1.00770,1.000
1,1.300,0.00,1.0577,1.05770,1.000
1,1.350,0.00,1.1076,1.10760,1.000
1,1.400,0.01,1.1576,1.15760,1.000
1,1.450,0.00,1.2077,1.20770,1.000
1,1.500,0.00,1.2578,1.25780,1.000
1,1.550,0.00,1.3077,1.30770,1.000
1,1.600,0.00,1.3576,1.35760,1.000
1,1.650,0.00,1.4076,1.40760,1.000
1,1.700,0.00,1.4576,1.45760,1.000
1,1.750,0.00,1.5076,1.50760,1.000
1,1.800,0.01,1.5576,1.55760,1.000
1,1.850,0.01,1.6077,1.60770,1.000
1,1.900,0.00,1.6577,1.65770,1.000
1,1.950,0.01,1.7077,1.70770,1.000
1,2.000,0.01,1.7576,1.75760,1.000
1,2.050,0.01,1.8076,1.80760,1.000
1,2.100,0.01,1.8577,1.85770,1.000
1,2.150,0.00,1.9077,1.90770,1.000
1,2.200,0.01,1.9576,1.95760,1.000
1,2.250,0.00,2.0078,2.00780,1.000
1,2.300,0.01,2.0578,2.05780,1.000
1,2.350,0.00,2.1078,2.10780,1.000
1,2.400,0.00,2.1577,2.15770,1.000
1,2.450,0.00,2.2077,2.20770,1.000
1,2.500,0.00,2.2577,2.25770,1.000
1,2.550,0.00,2.3078,2.30780,1.000
1,2.600,0.01,2.3577,2.35770,1.000
1,2.650,0.00,2.4078,2.40780,1.000
1,2.700,0.00,2.4577,2.45770,1.000
1,2.750,0.00,2.5078,2.50780,1.000
1,2.800,0.01,2.5577,2.55770,1.000
1,2.850,0.01,2.6078,2.60780,1.000
1,2.900,0.01,2.6579,2.65790,1.000
1,2.950,0.00,2.7078,2.70780,1.000
1,3.000,0.00,2.7577,2.75770,1.000
1,3.050,0.01,2.8078,2.80780,1.000
1,3.100,0.00,2.8578,2.85780,1.000
1,3.150,0.01,2.9078,2.90780,1.000
1,3.200,0.00,2.9577,2.95770,1.000
1,3.250,0.01,3.0078,3.00780,1.000
1,3.300,0.01,3.0578,3.05780,1.000
1,3.350,0.01,3.1078,3.10780,1.000
1,3.400,0.00,3.1577,3.15770,1.000
1,3.450,0.00,3.2078,3.20780,1.000
1,3.500,0.00,3.2578,3.25780,1.000
1,3.550,0.00,3.3080,3.30800,1.000
1,3.600,0.00,3.3577,3.35770,1.000
1,3.650,0.00,3.4078,3.40780,1.000
1,3.700,0.00,3.4578,3.45780,1.000
1,3.750,0.01,3.5079,3.50790,1.000
1,3.800,0.01,3.5577,3.55770,1.000
1,3.850,0.00,3.6077,3.60770,1.000
1,3.900,0.00,3.6579,3.65790,1.000
1,3.950,0.01,3.7078,3.70780,1.000
1,4.000,0.01,3.7577,3.75770,1.000
1,4.050,0.00,3.8078,3.80780,1.000
1,4.100,0.00,3.8578,3.85780,1.000
1,4.150,0.00,3.9079,3.90790,1.000
1,4.200,0.00,3.9578,3.95780,1.000
1,4.250,0.00,4.0078,4.00780,1.000
1,4.300,0.00,4.0579,4.05790,1.000
1,4.350,0.00,4.1080,4.10800,1.000
1,4.400,0.00,4.1579,4.15790,1.000
1,4.450,0.00,4.2077,4.20770,1.000
1,4.500,0.00,4.2579,4.25790,1.000
1,4.550,0.00,4.3079,4.30790,1.000
1,4.600,0.00,4.3578,4.35780,1.000
1,4.650,0.00,4.4078,4.40780,1.000
1,4.700,0.00,4.4579,4.45790,1.000
1,4.750,0.02,4.5079,4.50790,1.000
1,4.800,0.06,4.5578,4.55780,1.000
1,4.850,0.08,4.6078,4.60780,1.000
1,4.900,0.12,4.6579,4.65790,1.000
1,4.950,0.19,4.7079,4.70790,1.000
1,5.000,0.29,4.7577,4.75770,1.000
1,5.050,0.41,4.8077,4.80770,1.000
1,5.100,0.54,4.8578,4.85780,1.000
1,5.150,0.71,4.9080,4.90800,1.000
1,5.200,0.90,4.9577,4.95770,1.000
1,5.250,1.12,5.0077,5.00770,1.000
1,5.300,1.36,5.0578,5.05780,1.000
1,5.350,1.63,5.1078,5.10780,1.000
1,5.400,1.93,5.1578,5.15780,1.000
1,5.450,2.26,5.2078,5.20780,1.000
1,5.500,2.61,5.2579,5.25790,1.000
1,5.550,3.00,5.3079,5.30790,1.000
1,5.600,3.42,5.3579,5.35790,1.000
1,5.650,3.88,5.4078,5.40780,1.000
1,5.700,4.38,5.4578,5.45780,1.000
1,5.750,4.92,5.5079,5.50790,1.000
1,5.800,5.51,5.5579,5.55790,1.000
1,5.850,6.14,5.6078,5.60780,1.000
1,5.900,6.81,5.6579,5.65790,1.000
1,5.950,7.53,5.7079,5.70790,1.000
1,6.000,8.30,5.7579,5.75790,1.000
1,6.050,9.11,5.8077,5.80770,1.000
1,6.100,9.99,5.8578,5.85780,1.000
1,6.150,10.92,5.9079,5.90790,1.000
1,6.200,11.91,5.9579,5.95790,1.000
1,6.250,12.96,6.0078,6.00780,1.000
1,6.300,14.05,6.0580,6.05800,1.000
1,6.350,15.22,6.1080,6.10800,1.000
1,6.400,16.47,6.1580,6.15800,1.000
1,6.450,17.80,6.2078,6.20780,1.000
1,6.500,19.22,6.2579,6.25790,1.000
1,6.550,20.74,6.3079,6.30790,1.000
1,6.600,22.39,6.3580,6.35800,1.000
1,6.650,24.11,6.4078,6.40780,1.000
1,6.700,25.97,6.4580,6.45800,1.000
1,6.750,27.98,6.5080,6.50800,1.000
1,6.800,30.11,6.5578,6.55780,1.000
1,6.900,30.55,6.5828,6.58280,1.000
1,6.950,25.98,6.5324,6.53240,1.000
1,7.000,22.38,6.4826,6.48260,1.000
1,7.050,19.44,6.4328,6.43280,1.000
1,7.100,16.99,6.3828,6.38280,1.000
1,7.150,14.90,6.3326,6.33260,1.000
1,7.200,13.09,6.2826,6.28260,1.000
1,7.250,11.52,6.2326,6.23260,1.000
1,7.300,10.16,6.1828,6.18280,1.000
1,7.350,8.96,6.1326,6.13260,1.000
1,7.400,7.91,6.0826,6.08260,1.000
1,7.450,6.99,6.0327,6.03270,1.000
1,7.500,6.23,5.9827,5.98270,1.000
1,7.550,5.58,5.9325,5.93250,1.000
1,7.600,4.99,5.8825,5.88250,1.000
1,7.650,4.46,5.8325,5.83250,1.000
1,7.700,3.96,5.7827,5.78270,1.000
1,7.750,3.50,5.7324,5.73240,1.000
1,7.800,3.12,5.6825,5.68250,1.000
1,7.850,2.82,5.6326,5.63260,1.000
1,7.900,2.54,5.5826,5.58260,1.000
1,7.950,2.27,5.5326,5.53260,1.000
1,8.000,1.95,5.4824,5.48240,1.000
1,8.050,1.69,5.4326,5.43260,1.000
1,8.100,1.44,5.3827,5.38270,1.000
1,8.150,1.22,5.3326,5.33260,1.000
1,8.200,1.04,5.2825,5.28250,1.000
1,8.250,0.86,5.2327,5.23270,1.000
1,8.300,0.71,5.1827,5.18270,1.000
1,8.350,0.57,5.1325,5.13250,1.000
1,8.400,0.45,5.0824,5.08240,1.000
1,8.450,0.35,5.0325,5.03250,1.000
1,8.500,0.26,4.9825,4.98250,1.000
1,8.550,0.17,4.9325,4.93250,1.000
1,8.600,0.11,4.8825,4.88250,1.000
1,8.650,0.06,4.8325,4.83250,1.000
1,8.700,0.02,4.7826,4.78260,1.000
1,8.750,0.01,4.7325,4.73250,1.000
1,8.800,0.03,4.6823,4.68230,1.000
1,8.850,0.00,4.6324,4.63240,1.000
1,8.900,0.00,4.5826,4.58260,1.000
1,8.950,0.00,4.5325,4.53250,1.000
1,9.000,0.01,4.4823,4.48230,1.000
1,9.050,0.01,4.4325,4.43250,1.000
1,9.100,0.00,4.3825,4.38250,1.000
1,9.150,0.00,4.3324,4.33240,1.000
1,9.200,0.00,4.2824,4.28240,1.000
1,9.250,0.00,4.2326,4.23260,1.000
1,9.300,0.00,4.1826,4.18260,1.000
1,9.350,0.00,4.1325,4.13250,1.000
1,9.400,0.00,4.0824,4.08240,1.000
1,9.450,0.00,4.0325,4.03250,1.000
1,9.500,0.01,3.9825,3.98250,1.000
1,9.550,0.00,3.9325,3.93250,1.000
1,9.600,0.01,3.8824,3.88240,1.000
1,9.650,0.00,3.8325,3.83250,1.000
1,9.700,0.00,3.7823,3.78230,1.000
1,9.750,0.00,3.7324,3.73240,1.000
1,9.800,0.00,3.6822,3.68220,1.000
1,9.850,0.00,3.6324,3.63240,1.000
1,9.900,0.00,3.5824,3.58240,1.000
1,9.950,0.00,3.5323,3.53230,1.000
1,10.000,0.00,3.4823,3.48230,1.000
1,10.050,0.01,3.4325,3.43250,1.000
1,10.100,0.00,3.3826,3.38260,1.000
1,10.150,0.01,3.3324,3.33240,1.000
1,10.200,0.00,3.2824,3.28240,1.000
1,10.250,0.01,3.2324,3.23240,1.000
1,10.300,0.00,3.1824,3.18240,1.000
1,10.350,0.00,3.1322,3.13220,1.000
1,10.400,0.00,3.0821,3.08210,1.000
1,10.450,0.00,3.0323,3.03230,1.000
1,10.500,0.01,2.9824,2.98240,1.000
1,10.550,0.01,2.9323,2.93230,1.000
1,10.600,0.00,2.8822,2.88220,1.000
1,10.650,0.00,2.8323,2.83230,1.000
1,10.700,0.00,2.7824,2.78240,1.000
1,10.750,0.00,2.7325,2.73250,1.000
1,10.800,0.00,2.6823,2.68230,1.000
1,10.850,0.00,2.6324,2.63240,1.000
1,10.900,0.00,2.5824,2.58240,1.000
1,10.950,0.00,2.5324,2.53240,1.000
1,11.000,0.00,2.4822,2.48220,1.000
1,11.050,0.00,2.4324,2.43240,1.000
1,11.100,0.00,2.3824,2.38240,1.000
1,11.150,0.00,2.3324,2.33240,1.000
1,11.200,0.00,2.2822,2.28220,1.000
1,11.250,0.01,2.2323,2.23230,1.000
1,11.300,0.00,2.1824,2.18240,1.000
1,11.350,0.00,2.1325,2.13250,1.000
1,11.400,0.00,2.0823,2.08230,1.000
1,11.450,0.00,2.0324,2.03240,1.000
1,11.500,0.01,1.9825,1.98250,1.000
1,11.550,0.00,1.9324,1.93240,1.000
1,11.600,0.01,1.8822,1.88220,1.000
1,11.650,0.00,1.8322,1.83220,1.000
1,11.700,0.00,1.7823,1.78230,1.000
1,11.750,0.00,1.7324,1.73240,1.000
1,11.800,0.00,1.6821,1.68210,1.000
1,11.850,0.00,1.6323,1.63230,1.000
1,11.900,0.00,1.5823,1.58230,1.000
1,11.950,0.00,1.5324,1.53240,1.000
1,12.000,0.01,1.4821,1.48210,1.000
1,12.050,0.00,1.4322,1.43220,1.000
1,12.100,0.01,1.3822,1.38220,1.000
1,12.150,0.01,1.3324,1.33240,1.000
1,12.200,0.01,1.2822,1.28220,1.000
1,12.250,0.00,1.2323,1.23230,1.000
1,12.300,0.01,1.1823,1.18230,1.000
1,12.350,0.00,1.1323,1.13230,1.000
1,12.400,0.00,1.0822,1.08220,1.000
1,12.450,0.00,1.0322,1.03220,1.000
1,12.500,0.00,0.9823,0.98230,1.000
1,12.550,0.00,0.9324,0.93240,1.000
1,12.600,0.00,0.8821,0.88210,1.000
1,12.650,0.00,0.8321,0.83210,1.000
1,12.700,0.01,0.7821,0.78210,1.000
1,12.750,0.01,0.7323,0.73230,1.000
1,12.800,0.00,0.6823,0.68230,1.000
1,12.850,0.00,0.6322,0.63220,1.000
1,12.900,0.01,0.5823,0.58230,1.000
1,12.950,0.00,0.5321,0.53210,1.000
1,13.000,0.00,0.4821,0.48210,1.000
1,13.050,0.00,0.4322,0.43220,1.000
1,13.100,0.00,0.3822,0.38220,1.000
1,13.150,0.00,0.3323,0.33230,1.000
1,13.200,0.00,0.2821,0.28210,1.000
1,13.250,0.00,0.2321,0.23210,1.000
1,13.300,0.00,0.1821,0.18210,1.000
1,13.350,0.00,0.1322,0.13220,1.000
1,13.400,0.01,0.0821,0.08210,1.000
1,13.450,0.00,0.0321,0.03210,1.000
1,13.550,0.00,-0.0384,-0.03840,1.000
1,13.600,0.01,-0.0054,-0.00540,1.000
1,13.650,0.00,-0.0004,-0.00040,1.000
1,13.700,0.01,-0.0004,-0.00040,1.000
1,13.750,0.00,-0.0004,-0.00040,1.000
1,13.800,0.01,-0.0004,-0.00040,1.000
1,13.850,0.00,-0.0004,-0.00040,1.000
1,13.900,0.00,-0.0004,-0.00040,1.000
1,13.950,0.00,-0.0004,-0.00040,1.000
1,14.000,0.00,-0.0004,-0.00040,1.000
1,14.050,0.00,-0.0004,-0.00040,1.000
1,14.100,0.01,-0.0004,-0.00040,1.000
1,14.150,0.00,-0.0004,-0.00040,1.000
1,14.200,0.00,-0.0004,-0.00040,1.000
1,14.250,0.00,-0.0004,-0.00040,1.000
1,14.300,0.00,-0.0004,-0.00040,1.000
1,14.350,0.00,-0.0004,-0.00040,1.000
1,14.400,0.00,-0.0004,-0.00040,1.000
1,14.450,0.00,-0.0004,-0.00040,1.000
1,14.500,0.01,-0.0004,-0.00040,1.000
1,14.550,0.01,-0.0004,-0.00040,1.000
1,14.600,0.00,-0.0004,-0.00040,1.000
1,14.650,0.00,-0.0003,-0.00030,1.000
1,14.700,0.00,-0.0003,-0.00030,1.000
1,14.750,0.00,-0.0003,-0.00030,1.000
1,14.800,0.00,-0.0003,-0.00030,1.000
1,14.850,0.00,-0.0003,-0.00030,1.000
1,14.900,0.01,-0.0003,-0.00030,1.000
1,14.950,0.00,-0.0003,-0.00030,1.000
1,15.000,0.00,-0.0003,-0.00030,1.000
1,15.050,0.00,-0.0003,-0.00030,1.000
1,15.100,0.01,-0.0003,-0.00030,1.000
1,15.150,0.00,-0.0003,-0.00030,1.000
1,15.200,0.00,-0.0003,-0.00030,1.000
1,15.250,0.00,-0.0003,-0.00030,1.000
1,15.300,0.00,-0.0003,-0.00030,1.000
1,15.350,0.01,-0.0003,-0.00030,1.000
1,15.400,0.00,-0.0003,-0.00030,1.000
1,15.450,0.00,-0.0003,-0.00030,1.000
1,15.500,0.01,-0.0003,-0.00030,1.000
1,15.550,0.01,-0.0003,-0.00030,1.000
1,15.600,0.01,-0.0003,-0.00030,1.000
1,15.650,0.01,-0.0003,-0.00030,1.000
1,15.700,0.00,-0.0003,-0.00030,1.000
1,15.750,0.00,-0.0003,-0.00030,1.000
1,15.800,0.01,-0.0003,-0.00030,1.000
1,15.850,0.00,-0.0003,-0.00030,1.000
1,15.900,0.00,-0.0003,-0.00030,1.000
1,15.950,0.00,-0.0003,-0.00030,1.000
1,16.000,0.01,-0.0003,-0.00030,1.000
1,16.050,0.00,-0.0003,-0.00030,1.000
1,16.100,0.01,-0.0003,-0.00030,1.000
1,16.150,0.00,-0.0003,-0.00030,1.000
1,16.200,0.00,-0.0003,-0.00030,1.000
1,16.250,0.00,-0.0003,-0.00030,1.000
1,16.300,0.00,-0.0003,-0.00030,1.000
1,16.350,0.00,-0.0003,-0.00030,1.000
1,16.400,0.00,-0.0002,-0.00020,1.000
1,16.450,0.01,-0.0002,-0.00020,1.000
1,16.500,0.00,-0.0002,-0.00020,1.000
1,16.600,0.01,-0.0002,-0.00020,1.000
1,16.650,0.01,-0.0002,-0.00020,1.000
1,16.700,0.01,-0.0002,-0.00020,1.000
1,16.750,0.00,-0.0002,-0.00020,1.000
1,16.800,0.00,-0.0002,-0.00020,1.000
1,16.850,0.01,-0.0002,-0.00020,1.000
1,16.900,0.00,-0.0002,-0.00020,1.000
1,16.950,0.01,-0.0002,-0.00020,1.000
1,17.000,0.00,-0.0002,-0.00020,1.000
1,17.050,0.00,-0.0002,-0.00020,1.000
1,17.100,0.00,-0.0002,-0.00020,1.000
1,17.150,0.00,-0.0002,-0.00020,1.000
1,17.200,0.00,-0.0002,-0.00020,1.000
1,17.250,0.00,-0.0002,-0.00020,1.000
1,17.300,0.00,-0.0002,-0.00020,1.000
1,17.350,0.00,-0.0002,-0.00020,1.000
1,17.400,0.01,-0.0002,-0.00020,1.000
1,17.450,0.01,-0.0002,-0.00020,1.000
1,17.500,0.00,-0.0002,-0.00020,1.000
1,17.550,0.01,-0.0002,-0.00020,1.000
2,17.800,0.00,0.0576,0.05770,2.000
2,17.850,-0.01,0.1076,0.10770,2.000
2,17.900,-0.01,0.1574,0.15750,2.000
2,17.950,-0.01,0.2076,0.20770,2.000
2,18.000,0.00,0.2576,0.25770,2.000
2,18.050,-0.01,0.3076,0.30770,2.000
2,18.100,0.00,0.3577,0.35780,2.000
2,18.150,0.00,0.4077,0.40780,2.000
2,18.200,-0.01,0.4578,0.45790,2.000
2,18.250,0.00,0.5076,0.50770,2.000
2,18.300,0.00,0.5576,0.55770,2.000
2,18.350,0.00,0.6078,0.60790,2.000
2,18.400,-0.01,0.6579,0.65800,2.000
2,18.450,-0.01,0.7077,0.70780,2.000
2,18.500,0.00,0.7576,0.75770,2.000
2,18.550,0.00,0.8076,0.80770,2.000
2,18.600,0.00,0.8577,0.85780,2.000
2,18.650,-0.01,0.9076,0.90770,2.000
2,18.700,-0.01,0.9576,0.95770,2.000
2,18.750,0.00,1.0076,1.00770,2.000
2,18.800,-0.01,1.0578,1.05790,2.000
2,18.850,0.00,1.1076,1.10770,2.000
2,18.900,0.00,1.1576,1.15770,2.000
2,18.950,-0.01,1.2077,1.20780,2.000
2,19.000,0.00,1.2578,1.25790,2.000
2,19.050,-0.01,1.3078,1.30790,2.000
2,19.100,-0.01,1.3577,1.35780,2.000
2,19.150,-0.01,1.4077,1.40780,2.000
2,19.200,-0.01,1.4576,1.45770,2.000
2,19.250,0.00,1.5077,1.50780,2.000
2,19.300,-0.01,1.5575,1.55760,2.000
2,19.350,0.00,1.6077,1.60780,2.000
2,19.400,-0.01,1.6578,1.65790,2.000
2,19.450,-0.01,1.7077,1.70780,2.000
2,19.500,0.00,1.7576,1.75770,2.000
2,19.550,0.00,1.8077,1.80780,2.000
2,19.600,-0.01,1.8578,1.85790,2.000
2,19.650,0.00,1.9077,1.90780,2.000
2,19.700,-0.01,1.9577,1.95780,2.000
2,19.750,-0.01,2.0077,2.00780,2.000
2,19.800,0.00,2.0579,2.05800,2.000
2,19.850,0.00,2.1079,2.10800,2.000
2,19.900,0.00,2.1577,2.15780,2.000
2,19.950,-0.01,2.2077,2.20780,2.000
2,20.000,0.00,2.2578,2.25790,2.000
2,20.050,0.00,2.3079,2.30800,2.000
2,20.100,0.00,2.3577,2.35780,2.000
2,20.150,0.00,2.4077,2.40780,2.000
2,20.200,0.00,2.4577,2.45780,2.000
2,20.250,-0.01,2.5079,2.50800,2.000
2,20.300,0.00,2.5577,2.55780,2.000
2,20.350,0.00,2.6078,2.60790,2.000
2,20.400,0.00,2.6579,2.65800,2.000
2,20.450,-0.01,2.7079,2.70800,2.000
2,20.500,0.00,2.7577,2.75780,2.000
2,20.550,-0.01,2.8078,2.80790,2.000
2,20.600,0.00,2.8577,2.85780,2.000
2,20.650,0.00,2.9079,2.90800,2.000
2,20.700,0.00,2.9577,2.95780,2.000
2,20.750,-0.01,3.0077,3.00780,2.000
2,20.800,0.00,3.0577,3.05780,2.000
2,20.850,0.00,3.1079,3.10800,2.000
2,20.900,0.00,3.1577,3.15780,2.000
2,20.950,-0.01,3.2078,3.20790,2.000
2,21.000,0.00,3.2580,3.25810,2.000
2,21.050,-0.01,3.3080,3.30810,2.000
2,21.100,0.00,3.3578,3.35790,2.000
2,21.150,0.00,3.4078,3.40790,2.000
2,21.200,-0.01,3.4579,3.45800,2.000
2,21.250,0.00,3.5080,3.50810,2.000
2,21.300,-0.01,3.5578,3.55790,2.000
2,21.350,0.00,3.6077,3.60780,2.000
2,21.400,-0.01,3.6579,3.65800,2.000
2,21.450,-0.01,3.7080,3.70810,2.000
2,21.500,-0.01,3.7578,3.75790,2.000
2,21.550,-0.01,3.8077,3.80780,2.000
2,21.600,0.00,3.8578,3.85790,2.000
2,21.650,-0.01,3.9080,3.90810,2.000
2,21.700,-0.01,3.9578,3.95790,2.000
2,21.750,-0.01,4.0077,4.00780,2.000
2,21.800,-0.01,4.0578,4.05790,2.000
2,21.850,0.00,4.1079,4.10800,2.000
2,21.900,-0.01,4.1579,4.15800,2.000
2,21.950,-0.01,4.2078,4.20790,2.000
2,22.000,-0.01,4.2579,4.25800,2.000
2,22.050,-0.01,4.3080,4.30810,2.000
2,22.100,-0.01,4.3578,4.35790,2.000
2,22.150,-0.01,4.4078,4.40790,2.000
2,22.200,0.00,4.4578,4.45790,2.000
2,22.250,0.00,4.5080,4.50810,2.000
2,22.300,-0.01,4.5580,4.55810,2.000
2,22.350,0.00,4.6079,4.60800,2.000
2,22.400,0.04,4.6579,4.65800,2.000
2,22.450,0.09,4.7079,4.70800,2.000
2,22.500,0.16,4.7578,4.75790,2.000
2,22.550,0.26,4.8078,4.80790,2.000
2,22.600,0.36,4.8578,4.85790,2.000
2,22.650,0.49,4.9080,4.90810,2.000
2,22.700,0.63,4.9578,4.95790,2.000
2,22.750,0.79,5.0077,5.00780,2.000
2,22.800,0.96,5.0578,5.05790,2.000
2,22.850,1.17,5.1078,5.10790,2.000
2,22.900,1.41,5.1579,5.15800,2.000
2,22.950,1.66,5.2078,5.20790,2.000
2,23.000,1.98,5.2579,5.25800,2.000
2,23.050,2.33,5.3080,5.30810,2.000
2,23.100,2.71,5.3580,5.35810,2.000
2,23.150,3.12,5.4079,5.40800,2.000
2,23.200,3.58,5.4579,5.45800,2.000
2,23.250,4.08,5.5080,5.50810,2.000
2,23.300,4.62,5.5579,5.55800,2.000
2,23.350,5.19,5.6078,5.60790,2.000
2,23.400,5.81,5.6578,5.65790,2.000
2,23.450,6.49,5.7079,5.70800,2.000
2,23.500,7.21,5.7579,5.75800,2.000
2,23.550,7.99,5.8077,5.80780,2.000
2,23.600,8.82,5.8578,5.85790,2.000
2,23.650,9.70,5.9080,5.90810,2.000
2,23.700,10.64,5.9578,5.95790,2.000
2,23.750,11.62,6.0078,6.00790,2.000
2,23.800,12.66,6.0580,6.05810,2.000
2,23.850,13.77,6.1080,6.10810,2.000
2,23.900,14.96,6.1580,6.15810,2.000
2,23.950,16.22,6.2078,6.20790,2.000
2,24.000,17.53,6.2578,6.25790,2.000
2,24.050,18.94,6.3080,6.30810,2.000
2,24.100,20.48,6.3579,6.35800,2.000
2,24.150,22.17,6.4078,6.40790,2.000
2,24.200,24.00,6.4580,6.45810,2.000
2,24.250,26.00,6.5078,6.50790,2.000
2,24.300,28.25,6.5579,6.55800,2.000
2,24.400,32.33,6.6297,6.62980,2.000
2,24.450,29.15,6.5926,6.59270,2.000
2,24.500,24.68,6.5426,6.54270,2.000
2,24.550,21.28,6.4925,6.49260,2.000
2,24.600,18.50,6.4427,6.44280,2.000
2,24.650,16.13,6.3927,6.39280,2.000
2,24.700,14.12,6.3428,6.34290,2.000
2,24.750,12.38,6.2926,6.29270,2.000
2,24.800,10.88,6.2426,6.24270,2.000
2,24.850,9.56,6.1927,6.19280,2.000
2,24.900,8.42,6.1428,6.14290,2.000
2,24.950,7.48,6.0926,6.09270,2.000
2,25.000,6.66,6.0426,6.04270,2.000
2,25.050,5.94,5.9926,5.99270,2.000
2,25.100,5.30,5.9426,5.94270,2.000
2,25.150,4.69,5.8924,5.89250,2.000
2,25.200,4.16,5.8426,5.84270,2.000
2,25.250,3.75,5.7926,5.79270,2.000
2,25.300,3.38,5.7426,5.74270,2.000
2,25.350,3.03,5.6924,5.69250,2.000
2,25.400,2.71,5.6425,5.64260,2.000
2,25.450,2.35,5.5927,5.59280,2.000
2,25.500,2.04,5.5427,5.54280,2.000
2,25.550,1.76,5.4926,5.49270,2.000
2,25.600,1.51,5.4426,5.44270,2.000
2,25.650,1.29,5.3926,5.39270,2.000
2,25.700,1.10,5.3427,5.34280,2.000
2,25.750,0.94,5.2926,5.29270,2.000
2,25.800,0.79,5.2426,5.24270,2.000
2,25.850,0.65,5.1926,5.19270,2.000
2,25.900,0.52,5.1426,5.14270,2.000
2,25.950,0.40,5.0924,5.09250,2.000
2,26.000,0.30,5.0423,5.04240,2.000
2,26.050,0.22,4.9926,4.99270,2.000
2,26.100,0.14,4.9427,4.94280,2.000
2,26.150,0.08,4.8925,4.89260,2.000
2,26.200,0.04,4.8423,4.84240,2.000
2,26.250,0.05,4.7925,4.79260,2.000
2,26.300,0.01,4.7424,4.74250,2.000
2,26.350,-0.01,4.6923,4.69240,2.000
2,26.400,-0.01,4.6423,4.64240,2.000
2,26.450,-0.01,4.5926,4.59270,2.000
2,26.500,-0.01,4.5426,4.54270,2.000
2,26.550,-0.01,4.4924,4.49250,2.000
2,26.600,0.00,4.4424,4.44250,2.000
2,26.650,0.00,4.3924,4.39250,2.000
2,26.700,-0.01,4.3425,4.34260,2.000
2,26.750,0.00,4.2924,4.29250,2.000
2,26.800,0.00,4.2424,4.24250,2.000
2,26.850,-0.01,4.1925,4.19260,2.000
2,26.900,-0.01,4.1425,4.14260,2.000
2,26.950,-0.01,4.0924,4.09250,2.000
2,27.000,-0.01,4.0424,4.04250,2.000
2,27.050,0.00,3.9924,3.99250,2.000
2,27.100,0.00,3.9425,3.94260,2.000
2,27.150,0.00,3.8924,3.89250,2.000
2,27.200,-0.01,3.8423,3.84240,2.000
2,27.250,-0.01,3.7925,3.79260,2.000
2,27.300,0.00,3.7425,3.74260,2.000
2,27.350,-0.01,3.6924,3.69250,2.000
2,27.400,-0.01,3.6423,3.64240,2.000
2,27.450,0.00,3.5923,3.59240,2.000
2,27.500,0.00,3.5424,3.54250,2.000
2,27.550,0.00,3.4924,3.49250,2.000
2,27.600,-0.01,3.4423,3.44240,2.000
2,27.650,-0.01,3.3925,3.39260,2.000
2,27.700,-0.01,3.3425,3.34260,2.000
2,27.750,-0.01,3.2924,3.29250,2.000
2,27.800,-0.01,3.2423,3.24240,2.000
2,27.850,-0.01,3.1924,3.19250,2.000
2,27.900,0.00,3.1424,3.14250,2.000
2,27.950,0.00,3.0923,3.09240,2.000
2,28.000,0.00,3.0423,3.04240,2.000
2,28.050,-0.01,2.9924,2.99250,2.000
2,28.100,0.00,2.9424,2.94250,2.000
2,28.150,0.00,2.8924,2.89250,2.000
2,28.200,0.00,2.8422,2.84230,2.000
2,28.250,-0.01,2.7924,2.79250,2.000
2,28.300,-0.01,2.7424,2.74250,2.000
2,28.350,-0.01,2.6925,2.69260,2.000
2,28.400,0.00,2.6423,2.64240,2.000
2,28.450,0.00,2.5925,2.59260,2.000
2,28.500,-0.01,2.5425,2.54260,2.000
2,28.550,-0.01,2.4923,2.49240,2.000
2,28.600,-0.01,2.4423,2.44240,2.000
2,28.650,-0.01,2.3922,2.39230,2.000
2,28.700,-0.01,2.3424,2.34250,2.000
2,28.750,0.00,2.2923,2.29240,2.000
2,28.800,0.00,2.2421,2.24220,2.000
2,28.850,-0.01,2.1923,2.19240,2.000
2,28.900,0.00,2.1424,2.14250,2.000
2,28.950,0.00,2.0924,2.09250,2.000
2,29.000,0.00,2.0424,2.04250,2.000
2,29.050,-0.01,1.9924,1.99250,2.000
2,29.100,0.00,1.9424,1.94250,2.000
2,29.150,0.00,1.8923,1.89240,2.000
2,29.200,-0.01,1.8423,1.84240,2.000
2,29.250,-0.01,1.7922,1.79230,2.000
2,29.300,0.00,1.7424,1.74250,2.000
2,29.350,-0.01,1.6924,1.69250,2.000
2,29.400,-0.01,1.6421,1.64220,2.000
2,29.450,-0.01,1.5923,1.59240,2.000
2,29.500,0.00,1.5422,1.54230,2.000
2,29.550,-0.01,1.4924,1.49250,2.000
2,29.600,-0.01,1.4420,1.44210,2.000
2,29.650,-0.01,1.3923,1.39240,2.000
2,29.700,0.00,1.3423,1.34240,2.000
2,29.750,0.00,1.2924,1.29250,2.000
2,29.800,-0.01,1.2422,1.24230,2.000
2,29.850,-0.01,1.1922,1.19230,2.000
2,29.900,-0.01,1.1422,1.14230,2.000
2,29.950,-0.01,1.0924,1.09250,2.000
2,30.000,-0.01,1.0422,1.04230,2.000
2,30.050,-0.01,0.9922,0.99230,2.000
2,30.100,0.00,0.9423,0.94240,2.000
2,30.150,0.00,0.8923,0.89240,2.000
2,30.200,-0.01,0.8420,0.84210,2.000
2,30.250,0.00,0.7922,0.79230,2.000
2,30.300,-0.01,0.7422,0.74230,2.000
2,30.350,0.00,0.6924,0.69250,2.000
2,30.400,-0.01,0.6422,0.64230,2.000
2,30.450,0.00,0.5922,0.59230,2.000
2,30.500,0.00,0.5423,0.54240,2.000
2,30.550,0.00,0.4922,0.49230,2.000
2,30.600,0.00,0.4421,0.44220,2.000
2,30.650,-0.01,0.3923,0.39240,2.000
2,30.700,0.00,0.3423,0.34240,2.000
2,30.750,0.00,0.2923,0.29240,2.000
2,30.800,-0.01,0.2421,0.24220,2.000
2,30.850,0.00,0.1920,0.19210,2.000
2,30.900,0.00,0.1422,0.14230,2.000
2,30.950,0.00,0.0923,0.09240,2.000
2,31.000,0.00,0.0421,0.04220,2.000
2,31.050,0.00,-0.0080,-0.00790,2.000
2,31.150,0.00,-0.0124,-0.01230,2.000
2,31.200,0.00,-0.0004,-0.00030,2.000
2,31.250,0.00,-0.0004,-0.00030,2.000
2,31.300,0.00,-0.0004,-0.00030,2.000
2,31.350,0.00,-0.0004,-0.00030,2.000
2,31.400,-0.01,-0.0004,-0.00030,2.000
2,31.450,-0.01,-0.0004,-0.00030,2.000
2,31.500,-0.01,-0.0004,-0.00030,2.000
2,31.550,0.00,-0.0004,-0.00030,2.000
2,31.600,0.00,-0.0004,-0.00030,2.000
2,31.650,-0.01,-0.0004,-0.00030,2.000
2,31.700,0.00,-0.0004,-0.00030,2.000
2,31.750,0.00,-0.0004,-0.00030,2.000
2,31.800,-0.01,-0.0004,-0.00030,2.000
2,31.850,0.00,-0.0004,-0.00030,2.000
2,31.900,0.00,-0.0004,-0.00030,2.000
2,31.950,0.00,-0.0004,-0.00030,2.000
2,32.000,0.00,-0.0004,-0.00030,2.000
2,32.050,0.00,-0.0004,-0.00030,2.000
2,32.100,0.00,-0.0004,-0.00030,2.000
2,32.150,-0.01,-0.0004,-0.00030,2.000
2,32.200,0.00,-0.0004,-0.00030,2.000
2,32.250,0.00,-0.0004,-0.00030,2.000
2,32.300,0.00,-0.0003,-0.00020,2.000
2,32.350,0.00,-0.0003,-0.00020,2.000
2,32.400,-0.01,-0.0003,-0.00020,2.000
2,32.450,0.00,-0.0003,-0.00020,2.000
2,32.500,0.00,-0.0003,-0.00020,2.000
2,32.550,0.00,-0.0003,-0.00020,2.000
2,32.600,0.00,-0.0003,-0.00020,2.000
2,32.650,-0.01,-0.0003,-0.00020,2.000
2,32.700,-0.01,-0.0003,-0.00020,2.000
2,32.750,0.00,-0.0003,-0.00020,2.000
2,32.800,-0.01,-0.0003,-0.00020,2.000
2,32.850,0.00,-0.0003,-0.00020,2.000
2,32.900,0.00,-0.0003,-0.00020,2.000
2,32.950,-0.01,-0.0003,-0.00020,2.000
2,33.000,-0.01,-0.0003,-0.00020,2.000
2,33.050,0.00,-0.0003,-0.00020,2.000
2,33.100,0.00,-0.0003,-0.00020,2.000
2,33.150,-0.01,-0.0003,-0.00020,2.000
2,33.200,-0.01,-0.0003,-0.00020,2.000
2,33.250,0.00,-0.0003,-0.00020,2.000
2,33.300,0.00,-0.0003,-0.00020,2.000
2,33.350,0.00,-0.0003,-0.00020,2.000
2,33.400,-0.01,-0.0003,-0.00020,2.000
2,33.450,-0.01,-0.0003,-0.00020,2.000
2,33.500,0.00,-0.0003,-0.00020,2.000
2,33.550,-0.01,-0.0003,-0.00020,2.000
2,33.600,0.00,-0.0003,-0.00020,2.000
2,33.650,-0.01,-0.0003,-0.00020,2.000
2,33.700,0.00,-0.0003,-0.00020,2.000
2,33.750,0.00,-0.0003,-0.00020,2.000
2,33.800,-0.01,-0.0003,-0.00020,2.000
2,33.850,0.00,-0.0003,-0.00020,2.000
2,33.900,-0.01,-0.0003,-0.00020,2.000
2,33.950,-0.01,-0.0003,-0.00020,2.000
2,34.000,-0.01,-0.0003,-0.00020,2.000
2,34.050,0.00,-0.0003,-0.00020,2.000
2,34.100,-0.01,-0.0003,-0.00020,2.000
2,34.200,0.00,-0.0002,-0.00010,2.000
2,34.250,-0.01,-0.0002,-0.00010,2.000
2,34.300,-0.01,-0.0002,-0.00010,2.000
2,34.350,-0.01,-0.0002,-0.00010,2.000
2,34.400,-0.01,-0.0002,-0.00010,2.000
2,34.450,0.00,-0.0002,-0.00010,2.000
2,34.500,0.00,-0.0002,-0.00010,2.000
2,34.550,0.00,-0.0002,-0.00010,2.000
2,34.600,-0.01,-0.0002,-0.00010,2.000
2,34.650,0.00,-0.0002,-0.00010,2.000
2,34.700,-0.01,-0.0002,-0.00010,2.000
2,34.750,0.00,-0.0002,-0.00010,2.000
2,34.800,0.00,-0.0002,-0.00010,2.000
2,34.850,0.00,-0.0002,-0.00010,2.000
2,34.900,0.00,-0.0002,-0.00010,2.000
2,34.950,0.00,-0.0002,-0.00010,2.000
2,35.000,-0.01,-0.0002,-0.00010,2.000
2,35.050,0.00,-0.0002,-0.00010,2.000
2,35.100,-0.01,-0.0002,-0.00010,2.000
3,35.350,0.00,0.0278,0.02790,3.000
3,35.400,0.00,0.0775,0.07760,3.000
3,35.450,0.00,0.1275,0.12760,3.000
3,35.500,0.00,0.1776,0.17770,3.000
3,35.550,-0.01,0.2276,0.22770,3.000
3,35.600,-0.01,0.2776,0.27770,3.000
3,35.650,0.00,0.3277,0.32780,3.000
3,35.700,0.00,0.3778,0.37790,3.000
3,35.750,0.00,0.4277,0.42780,3.000
3,35.800,-0.01,0.4775,0.47760,3.000
3,35.850,-0.01,0.5277,0.52780,3.000
3,35.900,-0.01,0.5777,0.57780,3.000
3,35.950,0.00,0.6277,0.62780,3.000
3,36.000,0.00,0.6776,0.67770,3.000
3,36.050,-0.01,0.7277,0.72780,3.000
3,36.100,-0.01,0.7777,0.77780,3.000
3,36.150,-0.01,0.8277,0.82780,3.000
3,36.200,-0.01,0.8775,0.87760,3.000
3,36.250,0.00,0.9276,0.92770,3.000
3,36.300,0.00,0.9778,0.97790,3.000
3,36.350,0.00,1.0277,1.02780,3.000
3,36.400,-0.01,1.0777,1.07780,3.000
3,36.450,-0.01,1.1276,1.12770,3.000
3,36.500,-0.01,1.1778,1.17790,3.000
3,36.550,0.00,1.2277,1.22780,3.000
3,36.600,0.00,1.2777,1.27780,3.000
3,36.650,-0.01,1.3277,1.32780,3.000
3,36.700,0.00,1.3777,1.37780,3.000
3,36.750,-0.01,1.4277,1.42780,3.000
3,36.800,0.00,1.4775,1.47760,3.000
3,36.850,0.00,1.5276,1.52770,3.000
3,36.900,0.00,1.5778,1.57790,3.000
3,36.950,0.00,1.6277,1.62780,3.000
3,37.000,-0.01,1.6775,1.67760,3.000
3,37.050,-0.01,1.7277,1.72780,3.000
3,37.100,-0.01,1.7777,1.77780,3.000
3,37.150,0.00,1.8277,1.82780,3.000
3,37.200,0.00,1.8776,1.87770,3.000
3,37.250,-0.01,1.9276,1.92770,3.000
3,37.300,-0.01,1.9779,1.97800,3.000
3,37.350,0.00,2.0278,2.02790,3.000
3,37.400,0.00,2.0777,2.07780,3.000
3,37.450,-0.01,2.1277,2.12780,3.000
3,37.500,0.00,2.1778,2.17790,3.000
3,37.550,-0.01,2.2278,2.22790,3.000
3,37.600,-0.01,2.2777,2.27780,3.000
3,37.650,-0.01,2.3278,2.32790,3.000
3,37.700,0.00,2.3778,2.37790,3.000
3,37.750,-0.01,2.4278,2.42790,3.000
3,37.800,-0.01,2.4777,2.47780,3.000
3,37.850,0.00,2.5278,2.52790,3.000
3,37.900,-0.01,2.5779,2.57800,3.000
3,37.950,0.00,2.6278,2.62790,3.000
3,38.000,-0.01,2.6779,2.67800,3.000
3,38.050,-0.01,2.7278,2.72790,3.000
3,38.100,0.00,2.7778,2.77790,3.000
3,38.150,-0.01,2.8278,2.82790,3.000
3,38.200,0.00,2.8777,2.87780,3.000
3,38.250,0.00,2.9278,2.92790,3.000
3,38.300,-0.01,2.9778,2.97790,3.000
3,38.350,0.00,3.0278,3.02790,3.000
3,38.400,-0.01,3.0777,3.07780,3.000
3,38.450,0.00,3.1277,3.12780,3.000
3,38.500,-0.01,3.1778,3.17790,3.000
3,38.550,-0.01,3.2279,3.22800,3.000
3,38.600,0.00,3.2779,3.27800,3.000
3,38.650,-0.01,3.3278,3.32790,3.000
3,38.700,-0.01,3.3778,3.37790,3.000
3,38.750,-0.01,3.4279,3.42800,3.000
3,38.800,0.00,3.4779,3.47800,3.000
3,38.850,0.00,3.5278,3.52790,3.000
3,38.900,-0.01,3.5778,3.57790,3.000
3,38.950,0.00,3.6279,3.62800,3.000
3,39.000,-0.01,3.6778,3.67790,3.000
3,39.050,-0.01,3.7278,3.72790,3.000
3,39.100,-0.01,3.7778,3.77790,3.000
3,39.150,-0.01,3.8278,3.82790,3.000
3,39.200,-0.01,3.8779,3.87800,3.000
3,39.250,-0.01,3.9278,3.92790,3.000
3,39.300,0.00,3.9779,3.97800,3.000
3,39.350,0.00,4.0279,4.02800,3.000
3,39.400,-0.01,4.0778,4.07790,3.000
3,39.450,0.00,4.1278,4.12790,3.000
3,39.500,0.00,4.1779,4.17800,3.000
3,39.550,-0.01,4.2280,4.22810,3.000
3,39.600,-0.01,4.2779,4.27800,3.000
3,39.650,-0.01,4.3277,4.32780,3.000
3,39.700,0.00,4.3778,4.37790,3.000
3,39.750,-0.01,4.4278,4.42790,3.000
3,39.800,0.00,4.4780,4.47810,3.000
3,39.850,-0.01,4.5278,4.52790,3.000
3,39.900,0.00,4.5779,4.57800,3.000
3,39.950,0.00,4.6280,4.62810,3.000
3,40.000,0.04,4.6779,4.67800,3.000
3,40.050,0.09,4.7277,4.72780,3.000
3,40.100,0.17,4.7778,4.77790,3.000
3,40.150,0.26,4.8279,4.82800,3.000
3,40.200,0.37,4.8778,4.87790,3.000
3,40.250,0.49,4.9278,4.92790,3.000
3,40.300,0.57,4.9779,4.97800,3.000
3,40.350,0.76,5.0278,5.02790,3.000
3,40.400,0.98,5.0779,5.07800,3.000
3,40.450,1.22,5.1277,5.12780,3.000
3,40.500,1.50,5.1779,5.17800,3.000
3,40.550,1.79,5.2279,5.22800,3.000
3,40.600,2.13,5.2779,5.27800,3.000
3,40.650,2.50,5.3279,5.32800,3.000
3,40.700,2.90,5.3779,5.37800,3.000
3,40.750,3.25,5.4279,5.42800,3.000
3,40.800,3.71,5.4780,5.47810,3.000
3,40.850,4.19,5.5277,5.52780,3.000
3,40.900,4.69,5.5780,5.57810,3.000
3,40.950,5.20,5.6279,5.62800,3.000
3,41.000,5.81,5.6778,5.67790,3.000
3,41.050,6.49,5.7278,5.72790,3.000
3,41.100,7.21,5.7779,5.77800,3.000
3,41.150,8.00,5.8278,5.82790,3.000
3,41.200,8.86,5.8779,5.87800,3.000
3,41.250,9.74,5.9277,5.92780,3.000
3,41.300,10.68,5.9779,5.97800,3.000
3,41.350,11.67,6.0280,6.02810,3.000
3,41.400,12.73,6.0781,6.07820,3.000
3,41.450,13.85,6.1278,6.12790,3.000
3,41.500,15.03,6.1778,6.17790,3.000
3,41.550,16.29,6.2280,6.22810,3.000
3,41.600,17.65,6.2779,6.27800,3.000
3,41.650,19.09,6.3278,6.32790,3.000
3,41.700,20.66,6.3780,6.37810,3.000
3,41.750,22.38,6.4280,6.42810,3.000
3,41.800,24.28,6.4780,6.47810,3.000
3,41.850,26.37,6.5278,6.52790,3.000
3,41.900,28.69,6.5777,6.57780,3.000
3,42.000,32.14,6.6351,6.63520,3.000
3,42.050,27.98,6.5905,6.59060,3.000
3,42.100,23.81,6.5406,6.54070,3.000
3,42.150,20.52,6.4905,6.49060,3.000
3,42.200,17.80,6.4408,6.44090,3.000
3,42.250,15.50,6.3907,6.39080,3.000
3,42.300,13.55,6.3407,6.34080,3.000
3,42.350,11.86,6.2905,6.29060,3.000
3,42.400,10.41,6.2407,6.24080,3.000
3,42.450,9.15,6.1907,6.19080,3.000
3,42.500,8.10,6.1408,6.14090,3.000
3,42.550,7.20,6.0906,6.09070,3.000
3,42.600,6.41,6.0407,6.04080,3.000
3,42.650,5.69,5.9907,5.99080,3.000
3,42.700,5.02,5.9406,5.94070,3.000
3,42.750,4.46,5.8904,5.89050,3.000
3,42.800,4.02,5.8405,5.84060,3.000
3,42.850,3.61,5.7906,5.79070,3.000
3,42.900,3.26,5.7405,5.74060,3.000
3,42.950,2.88,5.6904,5.69050,3.000
3,43.000,2.50,5.6406,5.64070,3.000
3,43.050,2.17,5.5906,5.59070,3.000
3,43.100,1.88,5.5407,5.54080,3.000
3,43.150,1.63,5.4904,5.49050,3.000
3,43.200,1.40,5.4406,5.44070,3.000
3,43.250,1.19,5.3906,5.39070,3.000
3,43.300,1.03,5.3407,5.34080,3.000
3,43.350,0.87,5.2906,5.29070,3.000
3,43.400,0.73,5.2407,5.24080,3.000
3,43.450,0.59,5.1906,5.19070,3.000
3,43.500,0.46,5.1406,5.14070,3.000
3,43.550,0.35,5.0903,5.09040,3.000
3,43.600,0.26,5.0405,5.04060,3.000
3,43.650,0.18,4.9905,4.99060,3.000
3,43.700,0.17,4.9405,4.94060,3.000
3,43.750,0.09,4.8904,4.89050,3.000
3,43.800,0.04,4.8405,4.84060,3.000
3,43.850,0.02,4.7905,4.79060,3.000
3,43.900,0.00,4.7405,4.74060,3.000
3,43.950,-0.01,4.6903,4.69040,3.000
3,44.000,0.00,4.6404,4.64050,3.000
3,44.050,-0.01,4.5906,4.59070,3.000
3,44.100,-0.01,4.5405,4.54060,3.000
3,44.150,-0.01,4.4905,4.49060,3.000
3,44.200,-0.01,4.4404,4.44050,3.000
3,44.250,-0.01,4.3904,4.39050,3.000
3,44.300,-0.01,4.3405,4.34060,3.000
3,44.350,-0.01,4.2904,4.29050,3.000
3,44.400,-0.01,4.2405,4.24060,3.000
3,44.450,-0.01,4.1905,4.19060,3.000
3,44.500,-0.01,4.1405,4.14060,3.000
3,44.550,-0.01,4.0904,4.09050,3.000
3,44.600,-0.01,4.0404,4.04050,3.000
3,44.650,-0.01,3.9905,3.99060,3.000
3,44.700,0.00,3.9405,3.94060,3.000
3,44.750,0.00,3.8903,3.89040,3.000
3,44.800,-0.01,3.8404,3.84050,3.000
3,44.850,0.00,3.7904,3.79050,3.000
3,44.900,-0.01,3.7404,3.74050,3.000
3,44.950,-0.01,3.6903,3.69040,3.000
3,45.000,0.00,3.6404,3.64050,3.000
3,45.050,-0.01,3.5903,3.59040,3.000
3,45.100,0.00,3.5405,3.54060,3.000
3,45.150,0.00,3.4903,3.49040,3.000
3,45.200,0.00,3.4403,3.44040,3.000
3,45.250,-0.01,3.3905,3.39060,3.000
3,45.300,0.00,3.3405,3.34060,3.000
3,45.350,-0.01,3.2903,3.29040,3.000
3,45.400,-0.01,3.2403,3.24040,3.000
3,45.450,-0.01,3.1903,3.19040,3.000
3,45.500,0.00,3.1403,3.14040,3.000
3,45.550,-0.01,3.0902,3.09030,3.000
3,45.600,-0.01,3.0403,3.04040,3.000
3,45.650,0.00,2.9903,2.99040,3.000
3,45.700,-0.01,2.9404,2.94050,3.000
3,45.750,-0.01,2.8902,2.89030,3.000
3,45.800,0.00,2.8403,2.84040,3.000
3,45.850,0.00,2.7904,2.79050,3.000
3,45.900,-0.01,2.7404,2.74050,3.000
3,45.950,-0.01,2.6904,2.69050,3.000
3,46.000,-0.01,2.6403,2.64040,3.000
3,46.050,-0.01,2.5904,2.59050,3.000
3,46.100,0.00,2.5405,2.54060,3.000
3,46.150,-0.01,2.4903,2.49040,3.000
3,46.200,-0.01,2.4402,2.44030,3.000
3,46.250,0.00,2.3904,2.39050,3.000
3,46.300,-0.01,2.3405,2.34060,3.000
3,46.350,0.00,2.2902,2.29030,3.000
3,46.400,-0.01,2.2402,2.24030,3.000
3,46.450,-0.01,2.1904,2.19050,3.000
3,46.500,-0.01,2.1404,2.14050,3.000
3,46.550,-0.01,2.0904,2.09050,3.000
3,46.600,-0.01,2.0403,2.04040,3.000
3,46.650,-0.01,1.9904,1.99050,3.000
3,46.700,0.00,1.9404,1.94050,3.000
3,46.750,-0.01,1.8902,1.89030,3.000
3,46.800,-0.01,1.8403,1.84040,3.000
3,46.850,0.00,1.7902,1.79030,3.000
3,46.900,-0.01,1.7404,1.74050,3.000
3,46.950,-0.01,1.6903,1.69040,3.000
3,47.000,-0.01,1.6401,1.64020,3.000
3,47.050,-0.01,1.5902,1.59030,3.000
3,47.100,0.00,1.5403,1.54040,3.000
3,47.150,0.00,1.4902,1.49030,3.000
3,47.200,0.00,1.4401,1.44020,3.000
3,47.250,0.00,1.3903,1.39040,3.000
3,47.300,0.00,1.3403,1.34040,3.000
3,47.350,-0.01,1.2904,1.29050,3.000
3,47.400,0.00,1.2402,1.24030,3.000
3,47.450,0.00,1.1903,1.19040,3.000
3,47.500,0.00,1.1403,1.14040,3.000
3,47.550,-0.01,1.0902,1.09030,3.000
3,47.600,0.00,1.0401,1.04020,3.000
3,47.650,-0.01,0.9903,0.99040,3.000
3,47.700,0.00,0.9402,0.94030,3.000
3,47.750,0.00,0.8903,0.89040,3.000
3,47.800,0.00,0.8400,0.84010,3.000
3,47.850,0.00,0.7902,0.79030,3.000
3,47.900,-0.01,0.7402,0.74030,3.000
3,47.950,-0.01,0.6904,0.69050,3.000
3,48.000,0.00,0.6402,0.64030,3.000
3,48.050,-0.01,0.5902,0.59030,3.000
3,48.100,0.00,0.5403,0.54040,3.000
3,48.150,-0.01,0.4903,0.49040,3.000
3,48.200,0.00,0.4402,0.44030,3.000
3,48.250,0.00,0.3902,0.39030,3.000
3,48.300,0.00,0.3402,0.34030,3.000
3,48.350,-0.01,0.2903,0.29040,3.000
3,48.400,0.00,0.2401,0.24020,3.000
3,48.450,-0.01,0.1902,0.19030,3.000
3,48.500,-0.01,0.1402,0.14030,3.000
3,48.550,0.00,0.0902,0.09030,3.000
3,48.600,0.00,0.0400,0.04010,3.000
3,48.650,-0.01,-0.0099,-0.00980,3.000
3,48.750,-0.01,-0.0327,-0.03260,3.000
3,48.800,0.00,-0.0002,-0.00010,3.000
3,48.850,0.00,-0.0004,-0.00030,3.000
3,48.900,-0.01,-0.0004,-0.00030,3.000
3,48.950,-0.01,-0.0004,-0.00030,3.000
3,49.000,0.00,-0.0004,-0.00030,3.000
3,49.050,-0.01,-0.0004,-0.00030,3.000
3,49.100,-0.01,-0.0004,-0.00030,3.000
3,49.150,0.00,-0.0004,-0.00030,3.000
3,49.200,-0.01,-0.0004,-0.00030,3.000
3,49.250,-0.01,-0.0004,-0.00030,3.000
3,49.300,-0.01,-0.0004,-0.00030,3.000
3,49.350,0.00,-0.0004,-0.00030,3.000
3,49.400,0.00,-0.0004,-0.00030,3.000
3,49.450,0.00,-0.0004,-0.00030,3.000
3,49.500,-0.01,-0.0004,-0.00030,3.000
3,49.550,0.00,-0.0004,-0.00030,3.000
3,49.600,0.00,-0.0004,-0.00030,3.000
3,49.650,-0.01,-0.0004,-0.00030,3.000
3,49.700,0.00,-0.0004,-0.00030,3.000
3,49.750,-0.01,-0.0004,-0.00030,3.000
3,49.800,-0.01,-0.0004,-0.00030,3.000
3,49.850,-0.01,-0.0004,-0.00030,3.000
3,49.900,0.00,-0.0004,-0.00030,3.000
3,49.950,0.00,-0.0004,-0.00030,3.000
3,50.000,0.00,-0.0004,-0.00030,3.000
3,50.050,0.00,-0.0004,-0.00030,3.000
3,50.100,0.00,-0.0004,-0.00030,3.000
3,50.150,-0.01,-0.0004,-0.00030,3.000
3,50.200,0.00,-0.0004,-0.00030,3.000
3,50.250,-0.01,-0.0004,-0.00030,3.000
3,50.300,0.00,-0.0004,-0.00030,3.000
3,50.350,-0.01,-0.0003,-0.00020,3.000
3,50.400,0.00,-0.0003,-0.00020,3.000
3,50.450,-0.01,-0.0003,-0.00020,3.000
3,50.500,-0.01,-0.0003,-0.00020,3.000
3,50.550,0.00,-0.0003,-0.00020,3.000
3,50.600,0.00,-0.0003,-0.00020,3.000
3,50.650,-0.01,-0.0003,-0.00020,3.000
3,50.700,0.00,-0.0003,-0.00020,3.000
3,50.750,0.00,-0.0003,-0.00020,3.000
3,50.800,0.00,-0.0003,-0.00020,3.000
3,50.850,0.00,-0.0003,-0.00020,3.000
3,50.900,-0.01,-0.0003,-0.00020,3.000
3,50.950,0.00,-0.0003,-0.00020,3.000
3,51.000,-0.01,-0.0003,-0.00020,3.000
3,51.050,0.00,-0.0003,-0.00020,3.000
3,51.100,0.00,-0.0003,-0.00020,3.000
3,51.150,0.00,-0.0003,-0.00020,3.000
3,51.200,-0.01,-0.0003,-0.00020,3.000
3,51.250,0.00,-0.0003,-0.00020,3.000
3,51.300,0.00,-0.0003,-0.00020,3.000
3,51.350,-0.01,-0.0003,-0.00020,3.000
3,51.400,0.00,-0.0003,-0.00020,3.000
3,51.450,0.00,-0.0003,-0.00020,3.000
3,51.500,-0.01,-0.0003,-0.00020,3.000
3,51.550,0.00,-0.0003,-0.00020,3.000
3,51.600,0.00,-0.0003,-0.00020,3.000
3,51.650,-0.01,-0.0003,-0.00020,3.000
3,51.700,0.00,-0.0003,-0.00020,3.000
3,51.800,0.00,-0.0003,-0.00020,3.000
3,51.850,0.00,-0.0003,-0.00020,3.000
3,51.900,-0.01,-0.0003,-0.00020,3.000
3,51.950,0.00,-0.0003,-0.00020,3.000
3,52.000,-0.01,-0.0003,-0.00020,3.000
3,52.050,-0.01,-0.0003,-0.00020,3.000
3,52.100,0.00,-0.0003,-0.00020,3.000
3,52.150,0.00,-0.0002,-0.00010,3.000
3,52.200,-0.01,-0.0002,-0.00010,3.000
3,52.250,-0.01,-0.0002,-0.00010,3.000
3,52.300,-0.01,-0.0002,-0.00010,3.000
3,52.350,-0.01,-0.0002,-0.00010,3.000
3,52.400,0.00,-0.0002,-0.00010,3.000
3,52.450,0.00,-0.0002,-0.00010,3.000
3,52.500,-0.01,-0.0002,-0.00010,3.000
3,52.550,-0.01,-0.0002,-0.00010,3.000
3,52.600,-0.01,-0.0002,-0.00010,3.000
3,52.650,-0.01,-0.0002,-0.00010,3.000
3,52.700,-0.01,-0.0002,-0.00010,3.000
3,52.750,0.00,-0.0002,-0.00010,3.000
4,52.950,0.00,0.0174,0.01750,4.000
4,53.000,0.00,0.0676,0.06770,4.000
4,53.050,0.00,0.1174,0.11750,4.000
4,53.100,0.00,0.1676,0.16770,4.000
4,53.150,0.00,0.2177,0.21780,4.000
4,53.200,0.00,0.2678,0.26790,4.000
4,53.250,0.00,0.3176,0.31770,4.000
4,53.300,0.00,0.3678,0.36790,4.000
4,53.350,0.00,0.4177,0.41780,4.000
4,53.400,0.00,0.4678,0.46790,4.000
4,53.450,0.00,0.5176,0.51770,4.000
4,53.500,0.00,0.5677,0.56780,4.000
4,53.550,0.00,0.6178,0.61790,4.000
4,53.600,0.00,0.6679,0.66800,4.000
4,53.650,0.00,0.7175,0.71760,4.000
4,53.700,0.00,0.7677,0.76780,4.000
4,53.750,0.00,0.8176,0.81770,4.000
4,53.800,0.00,0.8676,0.86770,4.000
4,53.850,0.00,0.9175,0.91760,4.000
4,53.900,0.00,0.9677,0.96780,4.000
4,53.950,0.00,1.0177,1.01780,4.000
4,54.000,0.00,1.0678,1.06790,4.000
4,54.050,0.00,1.1177,1.11780,4.000
4,54.100,0.00,1.1676,1.16770,4.000
4,54.150,0.00,1.2177,1.21780,4.000
4,54.200,0.00,1.2678,1.26790,4.000
4,54.250,0.00,1.3177,1.31780,4.000
4,54.300,0.00,1.3677,1.36780,4.000
4,54.350,0.00,1.4176,1.41770,4.000
4,54.400,0.00,1.4678,1.46790,4.000
4,54.450,0.00,1.5176,1.51770,4.000
4,54.500,0.00,1.5677,1.56780,4.000
4,54.550,0.00,1.6177,1.61780,4.000
4,54.600,0.00,1.6677,1.66780,4.000
4,54.650,0.00,1.7176,1.71770,4.000
4,54.700,0.00,1.7677,1.76780,4.000
4,54.750,0.00,1.8177,1.81780,4.000
4,54.800,0.00,1.8677,1.86780,4.000
4,54.850,0.00,1.9176,1.91770,4.000
4,54.900,0.00,1.9677,1.96780,4.000
4,54.950,0.00,2.0178,2.01790,4.000
4,55.000,0.00,2.0680,2.06810,4.000
4,55.050,0.00,2.1177,2.11780,4.000
4,55.100,0.00,2.1678,2.16790,4.000
4,55.150,0.00,2.2177,2.21780,4.000
4,55.200,0.00,2.2679,2.26800,4.000
4,55.250,0.00,2.3177,2.31780,4.000
4,55.300,0.00,2.3677,2.36780,4.000
4,55.350,0.00,2.4178,2.41790,4.000
4,55.400,0.00,2.4679,2.46800,4.000
4,55.450,0.00,2.5178,2.51790,4.000
4,55.500,0.01,2.5677,2.56780,4.000
4,55.550,0.00,2.6179,2.61800,4.000
4,55.600,0.00,2.6679,2.66800,4.000
4,55.650,0.00,2.7178,2.71790,4.000
4,55.700,0.00,2.7678,2.76790,4.000
4,55.750,0.00,2.8178,2.81790,4.000
4,55.800,0.00,2.8678,2.86790,4.000
4,55.850,0.00,2.9177,2.91780,4.000
4,55.900,0.00,2.9677,2.96780,4.000
4,55.950,0.00,3.0179,3.01800,4.000
4,56.000,0.00,3.0678,3.06790,4.000
4,56.050,0.00,3.1178,3.11790,4.000
4,56.100,0.00,3.1677,3.16780,4.000
4,56.150,0.00,3.2178,3.21790,4.000
4,56.200,0.00,3.2679,3.26800,4.000
4,56.250,0.00,3.3179,3.31800,4.000
4,56.300,0.00,3.3678,3.36790,4.000
4,56.350,0.00,3.4178,3.41790,4.000
4,56.400,0.00,3.4680,3.46810,4.000
4,56.450,0.00,3.5178,3.51790,4.000
4,56.500,0.00,3.5678,3.56790,4.000
4,56.550,0.00,3.6178,3.61790,4.000
4,56.600,0.00,3.6678,3.66790,4.000
4,56.650,0.00,3.7178,3.71790,4.000
4,56.700,0.00,3.7677,3.76780,4.000
4,56.750,0.00,3.8179,3.81800,4.000
4,56.800,0.00,3.8679,3.86800,4.000
4,56.850,0.00,3.9179,3.91800,4.000
4,56.900,0.00,3.9678,3.96790,4.000
4,56.950,0.00,4.0178,4.01790,4.000
4,57.000,0.00,4.0679,4.06800,4.000
4,57.050,0.00,4.1180,4.11810,4.000
4,57.100,0.00,4.1678,4.16790,4.000
4,57.150,-0.01,4.2179,4.21800,4.000
4,57.200,0.00,4.2680,4.26810,4.000
4,57.250,0.00,4.3178,4.31790,4.000
4,57.300,0.00,4.3677,4.36780,4.000
4,57.350,0.00,4.4179,4.41800,4.000
4,57.400,0.00,4.4680,4.46810,4.000
4,57.450,0.00,4.5180,4.51810,4.000
4,57.500,0.00,4.5678,4.56790,4.000
4,57.550,0.00,4.6178,4.61790,4.000
4,57.600,0.02,4.6680,4.66810,4.000
4,57.650,0.07,4.7179,4.71800,4.000
4,57.700,0.13,4.7677,4.76780,4.000
4,57.750,0.20,4.8179,4.81800,4.000
4,57.800,0.31,4.8680,4.86810,4.000
4,57.850,0.42,4.9180,4.91810,4.000
4,57.900,0.54,4.9678,4.96790,4.000
4,57.950,0.66,5.0177,5.01780,4.000
4,58.000,0.87,5.0678,5.06790,4.000
4,58.050,1.10,5.1179,5.11800,4.000
4,58.100,1.35,5.1676,5.16770,4.000
4,58.150,1.64,5.2178,5.21790,4.000
4,58.200,1.96,5.2680,5.26810,4.000
4,58.250,2.24,5.3180,5.31810,4.000
4,58.300,2.63,5.3678,5.36790,4.000
4,58.350,3.03,5.4178,5.41790,4.000
4,58.400,3.46,5.4680,5.46810,4.000
4,58.450,3.93,5.5180,5.51810,4.000
4,58.500,4.40,5.5678,5.56790,4.000
4,58.550,4.92,5.6178,5.61790,4.000
4,58.600,5.52,5.6679,5.66800,4.000
4,58.650,6.18,5.7179,5.71800,4.000
4,58.700,6.91,5.7678,5.76790,4.000
4,58.750,7.70,5.8178,5.81790,4.000
4,58.800,8.52,5.8679,5.86800,4.000
4,58.850,9.40,5.9179,5.91800,4.000
4,58.900,10.32,5.9677,5.96780,4.000
4,58.950,11.30,6.0179,6.01800,4.000
4,59.000,12.33,6.0679,6.06800,4.000
4,59.050,13.43,6.1181,6.11820,4.000
4,59.100,14.60,6.1678,6.16790,4.000
4,59.150,15.83,6.2178,6.21790,4.000
4,59.200,17.18,6.2679,6.26800,4.000
4,59.250,18.58,6.3180,6.31810,4.000
4,59.300,20.12,6.3680,6.36810,4.000
4,59.350,21.81,6.4179,6.41800,4.000
4,59.400,23.64,6.4679,6.46800,4.000
4,59.450,25.69,6.5179,6.51800,4.000
4,59.500,27.99,6.5678,6.56790,4.000
4,59.600,32.26,6.6385,6.63860,4.000
4,59.650,28.89,6.6006,6.60070,4.000
4,59.700,24.30,6.5506,6.55070,4.000
4,59.750,20.87,6.5006,6.50070,4.000
4,59.800,18.06,6.4507,6.45080,4.000
4,59.850,15.70,6.4008,6.40090,4.000
4,59.900,13.68,6.3507,6.35080,4.000
4,59.950,11.97,6.3006,6.30070,4.000
4,60.000,10.49,6.2504,6.25050,4.000
4,60.050,9.21,6.2006,6.20070,4.000
4,60.100,8.14,6.1508,6.15090,4.000
4,60.150,7.22,6.1007,6.10080,4.000
4,60.200,6.42,6.0505,6.05060,4.000
4,60.250,5.67,6.0007,6.00080,4.000
4,60.300,5.01,5.9508,5.95090,4.000
4,60.350,4.48,5.9006,5.90070,4.000
4,60.400,4.01,5.8505,5.85060,4.000
4,60.450,3.59,5.8007,5.80080,4.000
4,60.500,3.23,5.7506,5.75070,4.000
4,60.550,2.84,5.7006,5.70070,4.000
4,60.600,2.47,5.6504,5.65050,4.000
4,60.650,2.15,5.6007,5.60080,4.000
4,60.700,1.86,5.5507,5.55080,4.000
4,60.750,1.60,5.5006,5.50070,4.000
4,60.800,1.38,5.4504,5.45050,4.000
4,60.850,1.19,5.4007,5.40080,4.000
4,60.900,1.01,5.3508,5.35090,4.000
4,60.950,0.84,5.3007,5.30080,4.000
4,61.000,0.71,5.2506,5.25070,4.000
4,61.050,0.57,5.2006,5.20070,4.000
4,61.100,0.45,5.1506,5.15070,4.000
4,61.150,0.34,5.1005,5.10060,4.000
4,61.200,0.24,5.0504,5.05050,4.000
4,61.250,0.19,5.0005,5.00060,4.000
4,61.300,0.14,4.9505,4.95060,4.000
4,61.350,0.08,4.9006,4.90070,4.000
4,61.400,0.03,4.8503,4.85040,4.000
4,61.450,0.02,4.8004,4.80050,4.000
4,61.500,0.00,4.7506,4.75070,4.000
4,61.550,0.00,4.7005,4.70060,4.000
4,61.600,0.00,4.6503,4.65040,4.000
4,61.650,0.00,4.6006,4.60070,4.000
4,61.700,0.00,4.5505,4.55060,4.000
4,61.750,0.00,4.5006,4.50070,4.000
4,61.800,0.00,4.4503,4.45040,4.000
4,61.850,0.00,4.4005,4.40060,4.000
4,61.900,0.00,4.3504,4.35050,4.000
4,61.950,0.00,4.3005,4.30060,4.000
4,62.000,0.00,4.2504,4.25050,4.000
4,62.050,0.00,4.2005,4.20060,4.000
4,62.100,0.00,4.1506,4.15070,4.000
4,62.150,0.00,4.1005,4.10060,4.000
4,62.200,0.00,4.0504,4.05050,4.000
4,62.250,0.00,4.0005,4.00060,4.000
4,62.300,0.00,3.9505,3.95060,4.000
4,62.350,0.00,3.9005,3.90060,4.000
4,62.400,0.00,3.8502,3.85030,4.000
4,62.450,0.00,3.8004,3.80050,4.000
4,62.500,0.00,3.7504,3.75050,4.000
4,62.550,0.01,3.7004,3.70050,4.000
4,62.600,0.00,3.6503,3.65040,4.000
4,62.650,0.00,3.6004,3.60050,4.000
4,62.700,0.00,3.5503,3.55040,4.000
4,62.750,0.00,3.5005,3.50060,4.000
4,62.800,0.00,3.4503,3.45040,4.000
4,62.850,0.00,3.4004,3.40050,4.000
4,62.900,0.00,3.3505,3.35060,4.000
4,62.950,0.00,3.3005,3.30060,4.000
4,63.000,0.00,3.2503,3.25040,4.000
4,63.050,0.00,3.2003,3.20040,4.000
4,63.100,0.00,3.1503,3.15040,4.000
4,63.150,0.00,3.1003,3.10040,4.000
4,63.200,0.00,3.0502,3.05030,4.000
4,63.250,0.00,3.0003,3.00040,4.000
4,63.300,0.00,2.9504,2.95050,4.000
4,63.350,0.00,2.9004,2.90050,4.000
4,63.400,0.00,2.8502,2.85030,4.000
4,63.450,0.00,2.8002,2.80030,4.000
4,63.500,-0.01,2.7504,2.75050,4.000
4,63.550,0.00,2.7005,2.70060,4.000
4,63.600,0.00,2.6503,2.65040,4.000
4,63.650,0.00,2.6004,2.60050,4.000
4,63.700,0.00,2.5505,2.55060,4.000
4,63.750,0.00,2.5004,2.50050,4.000
4,63.800,0.00,2.4502,2.45030,4.000
4,63.850,0.00,2.4002,2.40030,4.000
4,63.900,0.00,2.3503,2.35040,4.000
4,63.950,0.00,2.3003,2.30040,4.000
4,64.000,0.00,2.2502,2.25030,4.000
4,64.050,0.00,2.2003,2.20040,4.000
4,64.100,0.00,2.1505,2.15060,4.000
4,64.150,0.00,2.1005,2.10060,4.000
4,64.200,0.00,2.0504,2.05050,4.000
4,64.250,0.00,2.0003,2.00040,4.000
4,64.300,0.00,1.9503,1.95040,4.000
4,64.350,0.00,1.9003,1.90040,4.000
4,64.400,0.00,1.8503,1.85040,4.000
4,64.450,0.00,1.8002,1.80030,4.000
4,64.500,0.00,1.7504,1.75050,4.000
4,64.550,0.00,1.7004,1.70050,4.000
4,64.600,0.00,1.6502,1.65030,4.000
4,64.650,0.00,1.6002,1.60030,4.000
4,64.700,0.00,1.5502,1.55030,4.000
4,64.750,0.00,1.5003,1.50040,4.000
4,64.800,0.00,1.4502,1.45030,4.000
4,64.850,0.00,1.4001,1.40020,4.000
4,64.900,0.00,1.3502,1.35030,4.000
4,64.950,0.00,1.3004,1.30050,4.000
4,65.000,0.00,1.2503,1.25040,4.000
4,65.050,0.00,1.2002,1.20030,4.000
4,65.100,0.00,1.1502,1.15030,4.000
4,65.150,0.00,1.1003,1.10040,4.000
4,65.200,0.00,1.0502,1.05030,4.000
4,65.250,0.00,1.0000,1.00010,4.000
4,65.300,0.00,0.9502,0.95030,4.000
4,65.350,0.00,0.9003,0.90040,4.000
4,65.400,0.00,0.8502,0.85030,4.000
4,65.450,0.00,0.8001,0.80020,4.000
4,65.500,0.00,0.7502,0.75030,4.000
4,65.550,0.00,0.7004,0.70050,4.000
4,65.600,0.00,0.6503,0.65040,4.000
4,65.650,0.00,0.6001,0.60020,4.000
4,65.700,0.00,0.5502,0.55030,4.000
4,65.750,0.00,0.5002,0.50030,4.000
4,65.800,0.00,0.4503,0.45040,4.000
4,65.850,0.00,0.4001,0.40020,4.000
4,65.900,0.00,0.3503,0.35040,4.000
4,65.950,0.00,0.3002,0.30030,4.000
4,66.000,0.00,0.2503,0.25040,4.000
4,66.050,0.00,0.2000,0.20010,4.000
4,66.100,0.00,0.1502,0.15030,4.000
4,66.150,0.00,0.1003,0.10040,4.000
4,66.200,0.00,0.0502,0.05030,4.000
4,66.250,0.00,0.0001,0.00020,4.000
4,66.350,0.00,-0.0246,-0.02450,4.000
4,66.400,0.00,-0.0003,-0.00020,4.000
4,66.450,0.00,-0.0004,-0.00030,4.000
4,66.500,0.00,-0.0004,-0.00030,4.000
4,66.550,0.00,-0.0004,-0.00030,4.000
4,66.600,-0.01,-0.0004,-0.00030,4.000
4,66.650,-0.01,-0.0004,-0.00030,4.000
4,66.700,0.00,-0.0004,-0.00030,4.000
4,66.750,0.00,-0.0004,-0.00030,4.000
4,66.800,0.00,-0.0004,-0.00030,4.000
4,66.850,0.00,-0.0004,-0.00030,4.000
4,66.900,0.00,-0.0004,-0.00030,4.000
4,66.950,0.00,-0.0004,-0.00030,4.000
4,67.000,0.00,-0.0004,-0.00030,4.000
4,67.050,0.00,-0.0004,-0.00030,4.000
4,67.100,0.00,-0.0004,-0.00030,4.000
4,67.150,0.00,-0.0004,-0.00030,4.000
4,67.200,0.00,-0.0004,-0.00030,4.000
4,67.250,0.00,-0.0004,-0.00030,4.000
4,67.300,0.00,-0.0004,-0.00030,4.000
4,67.350,0.00,-0.0004,-0.00030,4.000
4,67.400,0.00,-0.0004,-0.00030,4.000
4,67.450,0.00,-0.0004,-0.00030,4.000
4,67.500,0.00,-0.0004,-0.00030,4.000
4,67.550,0.00,-0.0004,-0.00030,4.000
4,67.600,0.00,-0.0004,-0.00030,4.000
4,67.650,0.00,-0.0004,-0.00030,4.000
4,67.700,0.00,-0.0004,-0.00030,4.000
4,67.750,0.00,-0.0004,-0.00030,4.000
4,67.800,0.00,-0.0003,-0.00020,4.000
4,67.850,0.00,-0.0003,-0.00020,4.000
4,67.900,0.00,-0.0003,-0.00020,4.000
4,67.950,0.00,-0.0003,-0.00020,4.000
4,68.000,0.00,-0.0003,-0.00020,4.000
4,68.050,0.00,-0.0003,-0.00020,4.000
4,68.100,0.00,-0.0003,-0.00020,4.000
4,68.150,0.00,-0.0003,-0.00020,4.000
4,68.200,0.00,-0.0003,-0.00020,4.000
4,68.250,0.00,-0.0003,-0.00020,4.000
4,68.300,0.00,-0.0003,-0.00020,4.000
4,68.350,0.00,-0.0003,-0.00020,4.000
4,68.400,0.00,-0.0003,-0.00020,4.000
4,68.450,0.00,-0.0003,-0.00020,4.000
4,68.500,0.00,-0.0003,-0.00020,4.000
4,68.550,0.00,-0.0003,-0.00020,4.000
4,68.600,0.00,-0.0003,-0.00020,4.000
4,68.650,0.00,-0.0003,-0.00020,4.000
4,68.700,0.00,-0.0003,-0.00020,4.000
4,68.750,0.00,-0.0003,-0.00020,4.000
4,68.800,-0.01,-0.0003,-0.00020,4.000
4,68.850,0.00,-0.0003,-0.00020,4.000
4,68.900,0.00,-0.0003,-0.00020,4.000
4,68.950,0.00,-0.0003,-0.00020,4.000
4,69.000,0.00,-0.0003,-0.00020,4.000
4,69.050,0.00,-0.0003,-0.00020,4.000
4,69.100,0.00,-0.0003,-0.00020,4.000
4,69.150,0.00,-0.0003,-0.00020,4.000
4,69.200,0.00,-0.0003,-0.00020,4.000
4,69.250,0.00,-0.0003,-0.00020,4.000
4,69.300,0.00,-0.0003,-0.00020,4.000
4,69.400,0.00,-0.0003,-0.00020,4.000
4,69.450,0.00,-0.0003,-0.00020,4.000
4,69.500,0.00,-0.0003,-0.00020,4.000
4,69.550,0.00,-0.0002,-0.00010,4.000
4,69.600,0.00,-0.0002,-0.00010,4.000
4,69.650,0.00,-0.0002,-0.00010,4.000
4,69.700,0.00,-0.0002,-0.00010,4.000
4,69.750,0.00,-0.0002,-0.00010,4.000
4,69.800,0.00,-0.0002,-0.00010,4.000
4,69.850,0.00,-0.0002,-0.00010,4.000
4,69.900,0.00,-0.0002,-0.00010,4.000
4,69.950,0.00,-0.0002,-0.00010,4.000
4,70.000,0.00,-0.0002,-0.00010,4.000
4,70.050,0.00,-0.0002,-0.00010,4.000
4,70.100,0.00,-0.0002,-0.00010,4.000
4,70.150,0.00,-0.0002,-0.00010,4.000
4,70.200,-0.01,-0.0002,-0.00010,4.000
4,70.250,0.00,-0.0002,-0.00010,4.000
4,70.300,0.00,-0.0002,-0.00010,4.000
5,70.550,0.00,0.0374,0.03750,5.000
5,70.600,0.00,0.0876,0.08770,5.000
5,70.650,0.00,0.1375,0.13760,5.000
5,70.700,0.00,0.1877,0.18780,5.000
5,70.750,0.00,0.2376,0.23770,5.000
5,70.800,0.00,0.2876,0.28770,5.000
5,70.850,0.00,0.3378,0.33790,5.000
5,70.900,0.00,0.3878,0.38790,5.000
5,70.950,0.00,0.4375,0.43760,5.000
5,71.000,0.00,0.4877,0.48780,5.000
5,71.050,0.00,0.5377,0.53780,5.000
5,71.100,0.00,0.5878,0.58790,5.000
5,71.150,0.00,0.6378,0.63790,5.000
5,71.200,0.00,0.6877,0.68780,5.000
5,71.250,0.00,0.7378,0.73790,5.000
5,71.300,0.00,0.7877,0.78780,5.000
5,71.350,0.00,0.8375,0.83760,5.000
5,71.400,0.00,0.8877,0.88780,5.000
5,71.450,0.00,0.9377,0.93780,5.000
5,71.500,0.00,0.9877,0.98780,5.000
5,71.550,0.00,1.0377,1.03780,5.000
5,71.600,0.00,1.0876,1.08770,5.000
5,71.650,0.00,1.1378,1.13790,5.000
5,71.700,0.00,1.1878,1.18790,5.000
5,71.750,0.00,1.2377,1.23780,5.000
5,71.800,0.00,1.2878,1.28790,5.000
5,71.850,0.00,1.3377,1.33780,5.000
5,71.900,0.00,1.3877,1.38780,5.000
5,71.950,0.00,1.4376,1.43770,5.000
5,72.000,0.00,1.4876,1.48770,5.000
5,72.050,0.00,1.5377,1.53780,5.000
5,72.100,0.00,1.5878,1.58790,5.000
5,72.150,0.00,1.6376,1.63770,5.000
5,72.200,0.00,1.6877,1.68780,5.000
5,72.250,0.00,1.7378,1.73790,5.000
5,72.300,0.00,1.7879,1.78800,5.000
5,72.350,0.00,1.8377,1.83780,5.000
5,72.400,-0.01,1.8876,1.88770,5.000
5,72.450,0.00,1.9378,1.93790,5.000
5,72.500,0.01,1.9879,1.98800,5.000
5,72.550,0.00,2.0377,2.03780,5.000
5,72.600,0.00,2.0878,2.08790,5.000
5,72.650,0.00,2.1378,2.13790,5.000
5,72.700,0.00,2.1879,2.18800,5.000
5,72.750,0.00,2.2377,2.23780,5.000
5,72.800,0.00,2.2877,2.28780,5.000
5,72.850,0.00,2.3377,2.33780,5.000
5,72.900,0.00,2.3878,2.38790,5.000
5,72.950,0.00,2.4378,2.43790,5.000
5,73.000,0.00,2.4876,2.48770,5.000
5,73.050,0.00,2.5379,2.53800,5.000
5,73.100,0.01,2.5880,2.58810,5.000
5,73.150,0.00,2.6379,2.63800,5.000
5,73.200,0.00,2.6878,2.68790,5.000
5,73.250,0.00,2.7379,2.73800,5.000
5,73.300,0.00,2.7879,2.78800,5.000
5,73.350,0.00,2.8379,2.83800,5.000
5,73.400,0.00,2.8876,2.88770,5.000
5,73.450,0.00,2.9378,2.93790,5.000
5,73.500,0.00,2.9878,2.98790,5.000
5,73.550,0.00,3.0379,3.03800,5.000
5,73.600,0.01,3.0876,3.08770,5.000
5,73.650,0.00,3.1378,3.13790,5.000
5,73.700,0.00,3.1879,3.18800,5.000
5,73.750,0.00,3.2379,3.23800,5.000
5,73.800,0.00,3.2878,3.28790,5.000
5,73.850,0.00,3.3379,3.33800,5.000
5,73.900,0.00,3.3880,3.38810,5.000
5,73.950,0.00,3.4379,3.43800,5.000
5,74.000,0.00,3.4877,3.48780,5.000
5,74.050,0.00,3.5379,3.53800,5.000
5,74.100,0.00,3.5878,3.58790,5.000
5,74.150,0.00,3.6379,3.63800,5.000
5,74.200,0.00,3.6877,3.68780,5.000
5,74.250,0.00,3.7377,3.73780,5.000
5,74.300,0.00,3.7878,3.78790,5.000
5,74.350,0.00,3.8379,3.83800,5.000
5,74.400,0.00,3.8877,3.88780,5.000
5,74.450,0.00,3.9379,3.93800,5.000
5,74.500,0.00,3.9880,3.98810,5.000
5,74.550,0.00,4.0380,4.03810,5.000
5,74.600,0.00,4.0877,4.08780,5.000
5,74.650,0.00,4.1379,4.13800,5.000
5,74.700,0.00,4.1879,4.18800,5.000
5,74.750,0.00,4.2380,4.23810,5.000
5,74.800,0.00,4.2878,4.28790,5.000
5,74.850,0.00,4.3378,4.33790,5.000
5,74.900,0.00,4.3879,4.38800,5.000
5,74.950,0.00,4.4379,4.43800,5.000
5,75.000,0.01,4.4878,4.48790,5.000
5,75.050,0.00,4.5379,4.53800,5.000
5,75.100,0.00,4.5879,4.58800,5.000
5,75.150,0.00,4.6379,4.63800,5.000
5,75.200,0.02,4.6877,4.68780,5.000
5,75.250,0.08,4.7379,4.73800,5.000
5,75.300,0.13,4.7878,4.78790,5.000
5,75.350,0.21,4.8379,4.83800,5.000
5,75.400,0.31,4.8879,4.88800,5.000
5,75.450,0.43,4.9378,4.93790,5.000
5,75.500,0.56,4.9878,4.98790,5.000
5,75.550,0.68,5.0378,5.03790,5.000
5,75.600,0.88,5.0877,5.08780,5.000
5,75.650,1.12,5.1378,5.13790,5.000
5,75.700,1.38,5.1879,5.18800,5.000
5,75.750,1.65,5.2380,5.23810,5.000
5,75.800,1.96,5.2878,5.28790,5.000
5,75.850,2.31,5.3379,5.33800,5.000
5,75.900,2.70,5.3880,5.38810,5.000
5,75.950,3.13,5.4380,5.43810,5.000
5,76.000,3.58,5.4878,5.48790,5.000
5,76.050,4.04,5.5379,5.53800,5.000
5,76.100,4.48,5.5879,5.58800,5.000
5,76.150,5.02,5.6379,5.63800,5.000
5,76.200,5.66,5.6877,5.68780,5.000
5,76.250,6.35,5.7378,5.73790,5.000
5,76.300,7.10,5.7878,5.78790,5.000
5,76.350,7.90,5.8379,5.83800,5.000
5,76.400,8.74,5.8877,5.88780,5.000
5,76.450,9.62,5.9378,5.93790,5.000
5,76.500,10.56,5.9879,5.98800,5.000
5,76.550,11.57,6.0380,6.03810,5.000
5,76.600,12.62,6.0878,6.08790,5.000
5,76.650,13.75,6.1378,6.13790,5.000
5,76.700,14.94,6.1880,6.18810,5.000
5,76.750,16.23,6.2380,6.23810,5.000
5,76.800,17.62,6.2879,6.28800,5.000
5,76.850,19.07,6.3378,6.33790,5.000
5,76.900,20.66,6.3880,6.38810,5.000
5,76.950,22.39,6.4381,6.43820,5.000
5,77.000,24.32,6.4878,6.48790,5.000
5,77.050,26.47,6.5377,6.53780,5.000
5,77.100,28.91,6.5879,6.58800,5.000
5,77.200,32.63,6.6464,6.64650,5.000
5,77.250,28.31,6.6024,6.60250,5.000
5,77.300,23.91,6.5527,6.55280,5.000
5,77.350,20.50,6.5026,6.50270,5.000
5,77.400,17.73,6.4527,6.45280,5.000
5,77.450,15.39,6.4027,6.40280,5.000
5,77.500,13.41,6.3528,6.35290,5.000
5,77.550,11.72,6.3026,6.30270,5.000
5,77.600,10.27,6.2525,6.25260,5.000
5,77.650,9.00,6.2026,6.20270,5.000
5,77.700,7.95,6.1527,6.15280,5.000
5,77.750,7.05,6.1026,6.10270,5.000
5,77.800,6.23,6.0526,6.05270,5.000
5,77.850,5.49,6.0026,6.00270,5.000
5,77.900,4.87,5.9527,5.95280,5.000
5,77.950,4.36,5.9025,5.90260,5.000
5,78.000,3.92,5.8524,5.85250,5.000
5,78.050,3.51,5.8026,5.80270,5.000
5,78.100,3.16,5.7526,5.75270,5.000
5,78.150,2.74,5.7025,5.70260,5.000
5,78.200,2.39,5.6524,5.65250,5.000
5,78.250,2.07,5.6026,5.60270,5.000
5,78.300,1.79,5.5526,5.55270,5.000
5,78.350,1.54,5.5026,5.50270,5.000
5,78.400,1.32,5.4525,5.45260,5.000
5,78.450,1.14,5.4027,5.40280,5.000
5,78.500,0.97,5.3528,5.35290,5.000
5,78.550,0.81,5.3027,5.30280,5.000
5,78.600,0.66,5.2526,5.25270,5.000
5,78.650,0.53,5.2026,5.20270,5.000
5,78.700,0.41,5.1525,5.15260,5.000
5,78.750,0.30,5.1026,5.10270,5.000
5,78.800,0.21,5.0524,5.05250,5.000
5,78.850,0.19,5.0025,5.00260,5.000
5,78.900,0.11,4.9525,4.95260,5.000
5,78.950,0.06,4.9025,4.90260,5.000
5,79.000,0.03,4.8524,4.85250,5.000
5,79.050,0.02,4.8025,4.80260,5.000
5,79.100,0.00,4.7524,4.75250,5.000
5,79.150,0.00,4.7025,4.70260,5.000
5,79.200,0.00,4.6524,4.65250,5.000
5,79.250,0.00,4.6025,4.60260,5.000
5,79.300,0.00,4.5525,4.55260,5.000
5,79.350,0.00,4.5026,4.50270,5.000
5,79.400,0.00,4.4523,4.45240,5.000
5,79.450,0.00,4.4025,4.40260,5.000
5,79.500,0.00,4.3524,4.35250,5.000
5,79.550,0.00,4.3025,4.30260,5.000
5,79.600,0.00,4.2524,4.25250,5.000
5,79.650,0.00,4.2025,4.20260,5.000
5,79.700,0.00,4.1526,4.15270,5.000
5,79.750,0.00,4.1024,4.10250,5.000
5,79.800,0.00,4.0524,4.05250,5.000
5,79.850,0.00,4.0025,4.00260,5.000
5,79.900,0.00,3.9526,3.95270,5.000
5,79.950,0.00,3.9025,3.90260,5.000
5,80.000,0.00,3.8522,3.85230,5.000
5,80.050,0.00,3.8023,3.80240,5.000
5,80.100,0.00,3.7525,3.75260,5.000
5,80.150,0.00,3.7024,3.70250,5.000
5,80.200,0.00,3.6522,3.65230,5.000
5,80.250,0.00,3.6024,3.60250,5.000
5,80.300,0.00,3.5524,3.55250,5.000
5,80.350,0.00,3.5025,3.50260,5.000
5,80.400,0.00,3.4522,3.45230,5.000
5,80.450,0.00,3.4024,3.40250,5.000
5,80.500,0.00,3.3524,3.35250,5.000
5,80.550,0.00,3.3025,3.30260,5.000
5,80.600,0.00,3.2523,3.25240,5.000
5,80.650,0.00,3.2024,3.20250,5.000
5,80.700,0.00,3.1523,3.15240,5.000
5,80.750,0.00,3.1024,3.10250,5.000
5,80.800,0.00,3.0522,3.05230,5.000
5,80.850,0.00,3.0023,3.00240,5.000
5,80.900,0.00,2.9524,2.95250,5.000
5,80.950,0.00,2.9024,2.90250,5.000
5,81.000,0.00,2.8522,2.85230,5.000
5,81.050,0.00,2.8024,2.80250,5.000
5,81.100,0.00,2.7524,2.75250,5.000
5,81.150,0.00,2.7025,2.70260,5.000
5,81.200,0.00,2.6524,2.65250,5.000
5,81.250,0.00,2.6024,2.60250,5.000
5,81.300,0.00,2.5524,2.55250,5.000
5,81.350,0.00,2.5025,2.50260,5.000
5,81.400,0.00,2.4523,2.45240,5.000
5,81.450,0.00,2.4023,2.40240,5.000
5,81.500,0.00,2.3524,2.35250,5.000
5,81.550,0.00,2.3025,2.30260,5.000
5,81.600,0.01,2.2522,2.25230,5.000
5,81.650,0.00,2.2022,2.20230,5.000
5,81.700,0.00,2.1524,2.15250,5.000
5,81.750,0.00,2.1025,2.10260,5.000
5,81.800,0.00,2.0525,2.05260,5.000
5,81.850,0.00,2.0023,2.00240,5.000
5,81.900,0.00,1.9524,1.95250,5.000
5,81.950,0.00,1.9023,1.90240,5.000
5,82.000,0.00,1.8523,1.85240,5.000
5,82.050,0.00,1.8022,1.80230,5.000
5,82.100,0.00,1.7524,1.75250,5.000
5,82.150,0.00,1.7024,1.70250,5.000
5,82.200,0.00,1.6523,1.65240,5.000
5,82.250,0.00,1.6022,1.60230,5.000
5,82.300,0.00,1.5524,1.55250,5.000
5,82.350,0.00,1.5023,1.50240,5.000
5,82.400,0.00,1.4523,1.45240,5.000
5,82.450,0.00,1.4021,1.40220,5.000
5,82.500,0.00,1.3523,1.35240,5.000
5,82.550,0.00,1.3024,1.30250,5.000
5,82.600,0.00,1.2522,1.25230,5.000
5,82.650,0.00,1.2022,1.20230,5.000
5,82.700,0.00,1.1523,1.15240,5.000
5,82.750,0.00,1.1024,1.10250,5.000
5,82.800,0.00,1.0522,1.05230,5.000
5,82.850,0.00,1.0021,1.00220,5.000
5,82.900,0.00,0.9522,0.95230,5.000
5,82.950,0.00,0.9023,0.90240,5.000
5,83.000,0.00,0.8522,0.85230,5.000
5,83.050,0.00,0.8020,0.80210,5.000
5,83.100,0.00,0.7523,0.75240,5.000
5,83.150,0.00,0.7024,0.70250,5.000
5,83.200,0.00,0.6524,0.65250,5.000
5,83.250,0.00,0.6021,0.60220,5.000
5,83.300,0.00,0.5521,0.55220,5.000
5,83.350,0.00,0.5022,0.50230,5.000
5,83.400,0.00,0.4522,0.45230,5.000
5,83.450,0.00,0.4021,0.40220,5.000
5,83.500,0.00,0.3522,0.35230,5.000
5,83.550,0.00,0.3023,0.30240,5.000
5,83.600,0.00,0.2522,0.25230,5.000
5,83.650,0.00,0.2020,0.20210,5.000
5,83.700,0.01,0.1521,0.15220,5.000
5,83.750,0.00,0.1022,0.10230,5.000
5,83.800,0.00,0.0522,0.05230,5.000
5,83.850,0.00,0.0021,0.00220,5.000
5,83.950,0.00,-0.0226,-0.02250,5.000
5,84.000,-0.01,-0.0004,-0.00030,5.000
5,84.050,0.00,-0.0004,-0.00030,5.000
5,84.100,0.00,-0.0004,-0.00030,5.000
5,84.150,0.00,-0.0004,-0.00030,5.000
5,84.200,0.00,-0.0004,-0.00030,5.000
5,84.250,0.00,-0.0004,-0.00030,5.000
5,84.300,0.00,-0.0004,-0.00030,5.000
5,84.350,0.00,-0.0004,-0.00030,5.000
5,84.400,0.00,-0.0004,-0.00030,5.000
5,84.450,0.00,-0.0004,-0.00030,5.000
5,84.500,0.00,-0.0004,-0.00030,5.000
5,84.550,0.00,-0.0004,-0.00030,5.000
5,84.600,0.00,-0.0004,-0.00030,5.000
5,84.650,0.00,-0.0004,-0.00030,5.000
5,84.700,0.00,-0.0004,-0.00030,5.000
5,84.750,0.00,-0.0004,-0.00030,5.000
5,84.800,0.00,-0.0004,-0.00030,5.000
5,84.850,0.00,-0.0004,-0.00030,5.000
5,84.900,0.00,-0.0004,-0.00030,5.000
5,84.950,0.00,-0.0004,-0.00030,5.000
5,85.000,0.00,-0.0004,-0.00030,5.000
5,85.050,0.00,-0.0004,-0.00030,5.000
5,85.100,0.00,-0.0004,-0.00030,5.000
5,85.150,0.01,-0.0004,-0.00030,5.000
5,85.200,0.00,-0.0004,-0.00030,5.000
5,85.250,0.00,-0.0004,-0.00030,5.000
5,85.300,0.00,-0.0004,-0.00030,5.000
5,85.350,0.00,-0.0004,-0.00030,5.000
5,85.400,0.01,-0.0004,-0.00030,5.000
5,85.450,0.00,-0.0004,-0.00030,5.000
5,85.500,0.00,-0.0003,-0.00020,5.000
5,85.550,0.00,-0.0003,-0.00020,5.000
5,85.600,0.00,-0.0003,-0.00020,5.000
5,85.650,0.00,-0.0003,-0.00020,5.000
5,85.700,0.00,-0.0003,-0.00020,5.000
5,85.750,0.00,-0.0003,-0.00020,5.000
5,85.800,0.00,-0.0003,-0.00020,5.000
5,85.850,0.00,-0.0003,-0.00020,5.000
5,85.900,0.00,-0.0003,-0.00020,5.000
5,85.950,0.00,-0.0003,-0.00020,5.000
5,86.000,0.00,-0.0003,-0.00020,5.000
5,86.050,0.00,-0.0003,-0.00020,5.000
5,86.100,0.00,-0.0003,-0.00020,5.000
5,86.150,0.00,-0.0003,-0.00020,5.000
5,86.200,0.00,-0.0003,-0.00020,5.000
5,86.250,0.00,-0.0003,-0.00020,5.000
5,86.300,0.00,-0.0003,-0.00020,5.000
5,86.350,0.00,-0.0003,-0.00020,5.000
5,86.400,0.00,-0.0003,-0.00020,5.000
5,86.450,0.00,-0.0003,-0.00020,5.000
5,86.500,0.00,-0.0003,-0.00020,5.000
5,86.550,0.01,-0.0003,-0.00020,5.000
5,86.600,0.00,-0.0003,-0.00020,5.000
5,86.650,0.00,-0.0003,-0.00020,5.000
5,86.700,0.00,-0.0003,-0.00020,5.000
5,86.750,0.00,-0.0003,-0.00020,5.000
5,86.800,0.00,-0.0003,-0.00020,5.000
5,86.850,0.00,-0.0003,-0.00020,5.000
5,86.900,0.00,-0.0003,-0.00020,5.000
5,87.000,0.00,-0.0003,-0.00020,5.000
5,87.050,0.00,-0.0003,-0.00020,5.000
5,87.100,0.00,-0.0003,-0.00020,5.000
5,87.150,0.00,-0.0003,-0.00020,5.000
5,87.200,0.00,-0.0003,-0.00020,5.000
5,87.250,0.00,-0.0002,-0.00010,5.000
5,87.300,0.00,-0.0002,-0.00010,5.000
5,87.350,0.00,-0.0002,-0.00010,5.000
5,87.400,0.00,-0.0002,-0.00010,5.000
5,87.450,0.00,-0.0002,-0.00010,5.000
5,87.500,0.00,-0.0002,-0.00010,5.000
5,87.550,0.00,-0.0002,-0.00010,5.000
5,87.600,0.00,-0.0002,-0.00010,5.000
5,87.650,0.00,-0.0002,-0.00010,5.000
5,87.700,0.00,-0.0002,-0.00010,5.000
5,87.750,0.00,-0.0002,-0.00010,5.000
5,87.800,0.00,-0.0002,-0.00010,5.000
5,87.850,0.00,-0.0002,-0.00010,5.000
5,87.900,0.00,-0.0002,-0.00010,5.000


