Loop Time (ms)	IR (16 bit)	Force (N)	Force (N)	Color	Speed (mm/s)	Spatial (mm)	Angle (deg)
258.000	7188.000	1570.100	20.000	0.000	1.000	0.000	0.000
3283.000	7179.000	1570.230	20.000	0.000	1.000	0.000	0.000
64.000	7182.000	1570.230	20.000	0.000	1.000	0.000	0.000
63.000	7176.000	1570.100	20.000	0.000	1.000	0.000	0.000
80.000	7179.000	1570.100	20.000	0.000	1.000	0.000	0.000
64.000	7180.000	1570.100	20.000	0.000	1.000	0.000	0.000
64.000	7187.000	1570.100	20.000	0.000	1.000	0.000	0.000
64.000	7183.000	1570.230	20.000	0.000	1.000	0.000	0.000
64.000	7179.000	1570.100	20.000	0.000	1.000	0.000	0.000
64.000	7183.000	1570.230	20.000	0.000	1.000	0.000	0.000
63.000	7184.000	1570.100	20.000	0.000	1.000	0.000	0.000
64.000	7181.000	1570.100	20.000	0.000	1.000	0.000	0.000
65.000	7180.000	1570.230	20.000	0.000	1.000	0.000	0.000
63.000	7180.000	1570.230	20.000	0.000	1.000	0.000	0.000
65.000	7185.000	1570.100	20.000	0.000	1.000	0.000	0.000
64.000	7183.000	1570.230	20.000	0.000	1.000	0.000	0.000
79.000	7189.000	1570.230	20.000	0.000	1.000	0.000	0.000
64.000	7182.000	1570.100	20.000	0.000	1.000	0.000	0.000
64.000	7181.000	1570.230	20.000	0.000	1.000	0.000	0.000
63.000	7185.000	1570.100	20.000	0.000	1.000	0.000	0.000
64.000	7187.000	1570.100	20.000	0.000	1.000	0.000	0.000
65.000	7186.000	1570.100	20.000	0.000	1.000	0.000	0.000
63.000	7182.000	1570.230	20.000	0.000	1.000	0.000	0.000
64.000	7183.000	1570.230	20.000	0.000	1.000	0.000	0.000
64.000	7182.000	1570.100	20.000	0.000	1.000	0.000	0.000
64.000	7183.000	1570.100	20.000	0.000	1.000	0.000	0.000
65.000	7177.000	1570.230	20.000	0.000	1.000	0.000	0.000
63.000	7181.000	1570.230	20.000	0.000	1.000	0.000	0.000
80.000	7180.000	1570.230	20.000	0.000	1.000	0.000	0.000
64.000	7188.000	1570.100	20.000	0.000	1.000	0.000	0.000
65.000	7172.000	1570.230	20.000	0.000	1.000	0.000	0.000
63.000	7185.000	1570.100	20.000	0.000	1.000	0.000	0.000
65.000	7185.000	1570.100	20.000	0.000	1.000	0.000	0.000
63.000	7183.000	1570.100	20.000	0.000	1.000	0.000	0.000
63.000	7176.000	1570.100	20.000	0.000	1.000	0.000	0.000
65.000	7185.000	1570.230	20.000	0.000	1.000	0.000	0.000
63.000	7180.000	1570.230	20.000	0.000	1.000	0.000	0.000
65.000	7182.000	1570.100	20.000	0.000	1.000	0.000	0.000
63.000	7178.000	1570.230	20.000	0.000	1.000	0.000	0.000
80.000	7179.000	1570.100	20.000	0.000	1.000	0.000	0.000
64.000	7180.000	1570.100	20.000	0.000	1.000	0.000	0.000
64.000	7187.000	1570.100	20.000	0.000	1.000	0.000	0.000
64.000	7184.000	1570.100	20.000	0.000	1.000	0.000	0.000
64.000	7185.000	1570.100	20.000	0.000	1.000	0.000	0.000
64.000	7183.000	1570.230	20.000	0.000	1.000	0.000	0.000
64.000	7183.000	1570.100	20.000	0.000	1.000	0.000	0.000
64.000	7183.000	1570.230	20.000	0.000	1.000	0.000	0.000
64.000	7181.000	1570.100	20.000	0.000	1.000	0.000	0.000
64.000	7181.000	1570.100	20.000	0.000	1.000	0.000	0.000
64.000	7177.000	1570.100	20.000	0.000	1.000	0.000	0.000
63.000	7184.000	1570.100	20.000	0.000	1.000	0.000	0.000
81.000	7183.000	1570.100	20.000	0.000	1.000	0.000	0.000
63.000	7176.000	1570.100	20.000	0.000	1.000	0.000	0.000
64.000	7181.000	1570.230	20.000	0.000	1.000	0.000	0.000
64.000	7182.000	1570.230	20.000	0.000	1.000	0.000	0.000
64.000	7190.000	1570.100	20.000	0.000	1.000	0.000	0.000
64.000	7185.000	1570.100	20.000	0.000	1.000	0.000	0.000
64.000	7182.000	1570.100	20.000	0.000	1.000	0.000	0.000
63.000	7174.000	1570.100	20.000	0.000	1.000	0.000	0.000
65.000	7180.000	1570.100	20.000	0.000	1.000	0.000	0.000
64.000	7188.000	1570.100	20.000	0.000	1.000	0.000	0.000
64.000	7184.000	1570.100	20.000	0.000	1.000	0.000	0.000
63.000	7186.000	1570.100	20.000	0.000	1.000	0.000	0.000
81.000	7184.000	1570.100	20.000	0.000	1.000	0.000	0.000
64.000	7182.000	1570.100	20.000	0.000	1.000	0.000	0.000
63.000	7188.000	1570.230	20.000	0.000	1.000	0.000	0.000
64.000	7192.000	1570.100	20.000	0.000	1.000	0.000	0.000
64.000	7185.000	1570.100	20.000	0.000	1.000	0.000	0.000
64.000	7185.000	1570.100	20.000	0.000	1.000	0.000	0.000
64.000	7189.000	1570.100	20.000	0.000	1.000	0.000	0.000
64.000	7182.000	1570.100	20.000	0.000	1.000	0.000	0.000
64.000	7180.000	1570.100	20.000	0.000	1.000	0.000	0.000
63.000	7180.000	1570.100	20.000	0.000	1.000	0.000	0.000
64.000	7181.000	1570.230	20.000	0.000	1.000	0.000	0.000
81.000	7175.000	1570.230	20.000	0.000	1.000	0.000	0.000
63.000	7183.000	1570.230	20.000	0.000	1.000	0.000	0.000
64.000	7181.000	1570.100	20.000	0.000	1.000	0.000	0.000
64.000	7186.000	1570.100	20.000	0.000	1.000	0.000	0.000
64.000	7179.000	1570.100	20.000	0.000	1.000	0.000	0.000
64.000	7188.000	1570.230	20.000	0.000	1.000	0.000	0.000
64.000	7185.000	1570.100	20.000	0.000	1.000	0.000	0.000
64.000	7181.000	1570.230	20.000	0.000	1.000	0.000	0.000
64.000	7178.000	1570.100	20.000	0.000	1.000	0.000	0.000
64.000	7183.000	1570.230	20.000	0.000	1.000	0.000	0.000
64.000	7178.000	1570.100	20.000	0.000	1.000	0.000	0.000
64.000	7190.000	1570.100	20.000	0.000	1.000	0.000	0.000
80.000	7177.000	1570.100	20.000	0.000	1.000	0.000	0.000
63.000	7186.000	1570.100	20.000	0.000	1.000	0.000	0.000
65.000	7182.000	1570.230	20.000	0.000	1.000	0.000	0.000
63.000	7181.000	1570.100	20.000	0.000	1.000	0.000	0.000
65.000	7186.000	1570.100	20.000	0.000	1.000	0.000	0.000
63.000	7181.000	1570.230	20.000	0.000	1.000	0.000	0.000
65.000	7183.000	1570.100	20.000	0.000	1.000	0.000	0.000
63.000	7187.000	1570.230	20.000	0.000	1.000	0.000	0.000
64.000	7182.000	1570.100	20.000	0.000	1.000	0.000	0.000
64.000	7188.000	1570.100	20.000	0.000	1.000	0.000	0.000
64.000	7184.000	1570.100	20.000	0.000	1.000	0.000	0.000
64.000	7183.000	1570.230	20.000	0.000	1.000	0.000	0.000
80.000	7181.000	1570.100	20.000	0.000	1.000	0.000	0.000
64.000	7183.000	1570.230	20.000	0.000	1.000	0.000	0.000
64.000	7189.000	1570.100	20.000	0.000	1.000	0.000	0.000
64.000	7181.000	1570.230	20.000	0.000	1.000	0.000	0.000
64.000	7180.000	1570.230	20.000	0.000	1.000	0.000	0.000
63.000	7186.000	1570.230	20.000	0.000	1.000	0.000	0.000
65.000	7178.000	1570.230	20.000	0.000	1.000	0.000	0.000
63.000	7186.000	1570.230	20.000	0.000	1.000	0.000	0.000
64.000	7186.000	1570.100	20.000	0.000	1.000	0.000	0.000
64.000	7184.000	1570.100	20.000	0.000	1.000	0.000	0.000
64.000	7183.000	1570.230	20.000	0.000	1.000	0.000	0.000
80.000	7184.000	1570.230	20.000	0.000	1.000	0.000	0.000
64.000	7188.000	1570.100	20.000	0.000	1.000	0.000	0.000
64.000	7187.000	1570.100	20.000	0.000	1.000	0.000	0.000
64.000	7186.000	1570.100	20.000	0.000	1.000	0.000	0.000
63.000	7190.000	1570.100	20.000	0.000	1.000	0.000	0.000
65.000	7182.000	1570.100	20.000	0.000	1.000	0.000	0.000
63.000	7185.000	1570.100	20.000	0.000	1.000	0.000	0.000
64.000	7185.000	1570.100	20.000	0.000	1.000	0.000	0.000
64.000	7189.000	1570.100	20.000	0.000	1.000	0.000	0.000
64.000	7183.000	1570.100	20.000	0.000	1.000	0.000	0.000
64.000	7183.000	1570.100	20.000	0.000	1.000	0.000	0.000
64.000	7183.000	1569.970	20.000	0.000	1.000	0.000	0.000
80.000	7176.000	1569.970	20.000	0.000	1.000	0.000	0.000
64.000	7180.000	1570.100	20.000	0.000	1.000	0.000	0.000
64.000	7187.000	1570.100	20.000	0.000	1.000	0.000	0.000
64.000	7181.000	1570.100	20.000	0.000	1.000	0.000	0.000
64.000	7180.000	1570.100	20.000	0.000	1.000	0.000	0.000
64.000	7185.000	1570.230	20.000	0.000	1.000	0.000	0.000
64.000	7184.000	1570.100	20.000	0.000	1.000	0.000	0.000
63.000	7189.000	1570.230	20.000	0.000	1.000	0.000	0.000
65.000	7184.000	1570.100	20.000	0.000	1.000	0.000	0.000
64.000	7186.000	1570.100	20.000	0.000	1.000	0.000	0.000
63.000	7181.000	1570.100	20.000	0.000	1.000	0.000	0.000
64.000	7186.000	1570.100	20.000	0.000	1.000	0.000	0.000
80.000	7186.000	1570.100	20.000	0.000	1.000	0.000	0.000
64.000	7187.000	1570.230	20.000	0.000	1.000	0.000	0.000
64.000	7195.000	1570.100	20.000	0.000	1.000	0.000	0.000
64.000	7200.000	1570.100	20.000	0.000	1.000	0.000	0.000
64.000	7205.000	1570.230	20.000	0.000	1.000	0.000	0.000
63.000	7212.000	1570.100	20.000	0.000	1.000	0.000	0.000
64.000	7213.000	1570.230	20.000	0.000	1.000	0.000	0.000
65.000	7225.000	1570.100	20.000	0.000	1.000	0.000	0.000
64.000	7228.000	1570.230	20.000	0.000	1.000	0.000	0.000
63.000	7237.000	1570.230	20.000	0.000	1.000	0.000	0.000
64.000	7240.000	1570.230	20.000	0.000	1.000	0.000	0.000
81.000	7251.000	1570.100	20.000	0.000	1.000	0.000	0.000
63.000	7258.000	1570.100	20.000	0.000	1.000	0.000	0.000
64.000	7266.000	1570.100	20.000	0.000	1.000	0.000	0.000
64.000	7276.000	1569.970	20.000	0.000	1.000	0.000	0.000
64.000	7278.000	1570.100	20.000	0.000	1.000	0.000	0.000
64.000	7284.000	1570.100	20.000	0.000	1.000	0.000	0.000
64.000	7298.000	1570.100	20.000	0.000	1.000	0.000	0.000
63.000	7298.000	1570.100	20.000	0.000	1.000	0.000	0.000
64.000	7311.000	1570.100	20.000	0.000	1.000	0.000	0.000
64.000	7323.000	1570.230	20.000	0.000	1.000	0.000	0.000
65.000	7328.000	1570.100	20.000	0.000	1.000	0.000	0.000
63.000	7348.000	1570.100	20.000	0.000	1.000	0.000	0.000
80.000	7346.000	1570.230	20.000	0.000	1.000	0.000	0.000
63.000	7362.000	1570.230	20.000	0.000	1.000	0.000	0.000
65.000	7371.000	1570.100	20.000	0.000	1.000	0.000	0.000
64.000	7388.000	1570.100	20.000	0.000	1.000	0.000	0.000
64.000	7387.000	1570.230	20.000	0.000	1.000	0.000	0.000
64.000	7398.000	1570.230	20.000	0.000	1.000	0.000	0.000
64.000	7415.000	1570.100	20.000	0.000	1.000	0.000	0.000
63.000	7428.000	1570.230	20.000	0.000	1.000	0.000	0.000
64.000	7448.000	1570.100	20.000	0.000	1.000	0.000	0.000
64.000	7448.000	1570.230	20.000	0.000	1.000	0.000	0.000
64.000	7475.000	1570.100	20.000	0.000	1.000	0.000	0.000
65.000	7482.000	1570.100	20.000	0.000	1.000	0.000	0.000
79.000	7497.000	1570.230	20.000	0.000	1.000	0.000	0.000
64.000	7513.000	1570.100	20.000	0.000	1.000	0.000	0.000
64.000	7523.000	1570.100	20.000	0.000	1.000	0.000	0.000
64.000	7538.000	1570.100	20.000	0.000	1.000	0.000	0.000
65.000	7563.000	1570.230	20.000	0.000	1.000	0.000	0.000
63.000	7575.000	1570.230	20.000	0.000	1.000	0.000	0.000
64.000	7590.000	1570.100	20.000	0.000	1.000	0.000	0.000
64.000	7615.000	1570.100	20.000	0.000	1.000	0.000	0.000
63.000	7630.000	1570.100	20.000	0.000	1.000	0.000	0.000
64.000	7646.000	1569.970	20.000	0.000	1.000	0.000	0.000
65.000	7669.000	1570.230	20.000	0.000	1.000	0.000	0.000
79.000	7690.000	1570.230	20.000	0.000	1.000	0.000	0.000
64.000	7714.000	1569.970	20.000	0.000	1.000	0.000	0.000
64.000	7735.000	1570.230	20.000	0.000	1.000	0.000	0.000
64.000	7757.000	1570.230	20.000	0.000	1.000	0.000	0.000
64.000	7783.000	1570.230	20.000	0.000	1.000	0.000	0.000
64.000	7810.000	1570.100	20.000	0.000	1.000	0.000	0.000
64.000	7839.000	1570.100	20.000	0.000	1.000	0.000	0.000
64.000	7864.000	1570.100	20.000	0.000	1.000	0.000	0.000
63.000	7894.000	1570.230	20.000	0.000	1.000	0.000	0.000
64.000	7926.000	1570.100	20.000	0.000	1.000	0.000	0.000
65.000	7961.000	1570.230	20.000	0.000	1.000	0.000	0.000
64.000	7988.000	1570.100	20.000	0.000	1.000	0.000	0.000
79.000	8029.000	1570.100	20.000	0.000	1.000	0.000	0.000
64.000	8063.000	1570.100	20.000	0.000	1.000	0.000	0.000
64.000	8102.000	1570.100	20.000	0.000	1.000	0.000	0.000
64.000	8143.000	1570.100	20.000	0.000	1.000	0.000	0.000
64.000	8185.000	1570.100	20.000	0.000	1.000	0.000	0.000
64.000	8239.000	1570.100	20.000	0.000	1.000	0.000	0.000
64.000	8283.000	1570.230	20.000	0.000	1.000	0.000	0.000
64.000	8342.000	1570.100	20.000	0.000	1.000	0.000	0.000
64.000	8402.000	1570.100	20.000	0.000	1.000	0.000	0.000
64.000	8472.000	1570.100	20.000	0.000	1.000	0.000	0.000
63.000	8534.000	1570.230	20.000	0.000	1.000	0.000	0.000
64.000	8604.000	1570.230	20.000	0.000	1.000	0.000	0.000
81.000	8735.000	1570.230	20.000	0.000	1.000	0.000	0.000
64.000	8973.000	1570.230	20.000	0.000	1.000	0.000	0.000
63.000	9194.000	1570.230	20.000	0.000	1.000	0.000	0.000
64.000	9419.000	1570.230	20.000	0.000	1.000	0.000	0.000
64.000	9717.000	1570.230	20.000	0.000	1.000	0.000	0.000
64.000	9911.000	1570.230	20.000	0.000	1.000	0.000	0.000
63.000	10001.000	1570.350	20.000	0.000	1.000	0.000	0.000
65.000	10107.000	1570.350	20.000	0.000	1.000	0.000	0.000
63.000	10227.000	1570.480	20.000	0.000	1.000	0.000	0.000
65.000	10324.000	1570.610	20.000	0.000	1.000	0.000	0.000
64.000	10402.000	1570.610	20.000	0.000	1.000	0.000	0.000
80.000	10490.000	1570.740	20.000	0.000	1.000	0.000	0.000
64.000	10561.000	1570.860	20.000	0.000	1.000	0.000	0.000
64.000	10611.000	1570.860	20.000	0.000	1.000	0.000	0.000
63.000	10662.000	1570.990	20.000	0.000	1.000	0.000	0.000
65.000	10694.000	1571.250	20.000	0.000	1.000	0.000	0.000
63.000	10750.000	1571.250	20.000	0.000	1.000	0.000	0.000
64.000	10796.000	1571.500	20.000	0.000	1.000	0.000	0.000
64.000	10855.000	1571.750	20.000	0.000	1.000	0.000	0.000
64.000	10902.000	1571.750	20.000	0.000	1.000	0.000	0.000
64.000	10966.000	1572.010	20.000	0.000	1.000	0.000	0.000
64.000	11078.000	1572.260	20.000	0.000	1.000	0.000	0.000
64.000	11146.000	1572.390	20.000	0.000	1.000	0.000	0.000
79.000	11232.000	1572.520	20.000	0.000	1.000	0.000	0.000
64.000	11338.000	1572.770	20.000	0.000	1.000	0.000	0.000
65.000	11513.000	1572.900	20.000	0.000	1.000	0.000	0.000
63.000	11719.000	1573.030	20.000	0.000	1.000	0.000	0.000
64.000	11978.000	1573.410	20.000	0.000	1.000	0.000	0.000
64.000	12284.000	1573.670	20.000	0.000	1.000	0.000	0.000
64.000	12627.000	1574.050	20.000	0.000	1.000	0.000	0.000
64.000	12978.000	1574.300	20.000	0.000	1.000	0.000	0.000
64.000	13346.000	1574.560	20.000	0.000	1.000	0.000	0.000
64.000	13673.000	1574.560	20.000	0.000	1.000	0.000	0.000
64.000	14038.000	1574.940	20.000	0.000	1.000	0.000	0.000
64.000	14333.000	1575.070	20.000	0.000	1.000	0.000	0.000
80.000	14529.000	1575.070	20.000	0.000	1.000	0.000	0.000
64.000	14570.000	1575.070	20.000	0.000	1.000	0.000	0.000
63.000	14604.000	1575.070	20.000	0.000	1.000	0.000	0.000
64.000	14621.000	1575.070	20.000	0.000	1.000	0.000	0.000
65.000	14644.000	1575.070	20.000	0.000	1.000	0.000	0.000
63.000	14644.000	1575.070	20.000	0.000	1.000	0.000	0.000
65.000	14616.000	1574.940	20.000	0.000	1.000	0.000	0.000
64.000	14632.000	1574.940	20.000	0.000	1.000	0.000	0.000
63.000	14633.000	1574.940	20.000	0.000	1.000	0.000	0.000
64.000	14637.000	1574.810	20.000	0.000	1.000	0.000	0.000
64.000	14632.000	1574.810	20.000	0.000	1.000	0.000	0.000
80.000	14630.000	1574.680	20.000	0.000	1.000	0.000	0.000
64.000	14632.000	1574.810	20.000	0.000	1.000	0.000	0.000
63.000	14619.000	1574.940	20.000	0.000	1.000	0.000	0.000
65.000	14619.000	1574.810	20.000	0.000	1.000	0.000	0.000
64.000	14629.000	1574.940	20.000	0.000	1.000	0.000	0.000
64.000	14630.000	1574.810	20.000	0.000	1.000	0.000	0.000
63.000	14627.000	1574.680	20.000	0.000	1.000	0.000	0.000
64.000	14623.000	1574.810	20.000	0.000	1.000	0.000	0.000
64.000	14623.000	1574.810	20.000	0.000	1.000	0.000	0.000
64.000	14628.000	1574.810	20.000	0.000	1.000	0.000	0.000
64.000	14619.000	1574.680	20.000	0.000	1.000	0.000	0.000
64.000	14624.000	1574.810	20.000	0.000	1.000	0.000	0.000
80.000	14630.000	1574.810	20.000	0.000	1.000	0.000	0.000
64.000	14632.000	1574.680	20.000	0.000	1.000	0.000	0.000
64.000	14639.000	1574.810	20.000	0.000	1.000	0.000	0.000
65.000	14639.000	1574.680	20.000	0.000	1.000	0.000	0.000
63.000	14641.000	1574.680	20.000	0.000	1.000	0.000	0.000
64.000	14641.000	1574.680	20.000	0.000	1.000	0.000	0.000
64.000	14641.000	1574.680	20.000	0.000	1.000	0.000	0.000
63.000	14649.000	1574.680	20.000	0.000	1.000	0.000	0.000
64.000	14647.000	1574.680	20.000	0.000	1.000	0.000	0.000
65.000	14645.000	1574.680	20.000	0.000	1.000	0.000	0.000
64.000	14649.000	1574.810	20.000	0.000	1.000	0.000	0.000
64.000	14646.000	1574.680	20.000	0.000	1.000	0.000	0.000
79.000	14647.000	1574.680	20.000	0.000	1.000	0.000	0.000
65.000	14648.000	1574.680	20.000	0.000	1.000	0.000	0.000
63.000	14658.000	1574.680	20.000	0.000	1.000	0.000	0.000
64.000	14658.000	1574.680	20.000	0.000	1.000	0.000	0.000
63.000	14650.000	1574.680	20.000	0.000	1.000	0.000	0.000
65.000	14660.000	1574.680	20.000	0.000	1.000	0.000	0.000
64.000	14666.000	1574.680	20.000	0.000	1.000	0.000	0.000
64.000	14671.000	1574.680	20.000	0.000	1.000	0.000	0.000
64.000	14677.000	1574.680	20.000	0.000	1.000	0.000	0.000
63.000	14684.000	1574.680	20.000	0.000	1.000	0.000	0.000
65.000	14681.000	1574.680	20.000	0.000	1.000	0.000	0.000
64.000	14684.000	1574.680	20.000	0.000	1.000	0.000	0.000
79.000	14691.000	1574.680	20.000	0.000	1.000	0.000	0.000
64.000	14698.000	1574.560	20.000	0.000	1.000	0.000	0.000
64.000	14701.000	1574.680	20.000	0.000	1.000	0.000	0.000
64.000	14707.000	1574.680	20.000	0.000	1.000	0.000	0.000
64.000	14707.000	1574.680	20.000	0.000	1.000	0.000	0.000
63.000	14708.000	1574.680	20.000	0.000	1.000	0.000	0.000
65.000	14720.000	1574.680	20.000	0.000	1.000	0.000	0.000
64.000	14729.000	1574.680	20.000	0.000	1.000	0.000	0.000
63.000	14719.000	1574.560	20.000	0.000	1.000	0.000	0.000
64.000	14722.000	1574.680	20.000	0.000	1.000	0.000	0.000
64.000	14732.000	1574.680	20.000	0.000	1.000	0.000	0.000
81.000	14734.000	1574.680	20.000	0.000	1.000	0.000	0.000
64.000	14740.000	1574.680	20.000	0.000	1.000	0.000	0.000
63.000	14742.000	1574.680	20.000	0.000	1.000	0.000	0.000
64.000	14742.000	1574.680	20.000	0.000	1.000	0.000	0.000
65.000	14743.000	1574.680	20.000	0.000	1.000	0.000	0.000
63.000	14749.000	1574.680	20.000	0.000	1.000	0.000	0.000
64.000	14750.000	1574.560	20.000	0.000	1.000	0.000	0.000
63.000	14755.000	1574.680	20.000	0.000	1.000	0.000	0.000
65.000	14755.000	1574.560	20.000	0.000	1.000	0.000	0.000
64.000	14753.000	1574.560	20.000	0.000	1.000	0.000	0.000
64.000	14759.000	1574.560	20.000	0.000	1.000	0.000	0.000
63.000	14766.000	1574.680	20.000	0.000	1.000	0.000	0.000
81.000	14773.000	1574.560	20.000	0.000	1.000	0.000	0.000
64.000	14777.000	1574.560	20.000	0.000	1.000	0.000	0.000
63.000	14786.000	1574.560	20.000	0.000	1.000	0.000	0.000
64.000	14794.000	1574.560	20.000	0.000	1.000	0.000	0.000
65.000	14786.000	1574.680	20.000	0.000	1.000	0.000	0.000
64.000	14800.000	1574.680	20.000	0.000	1.000	0.000	0.000
63.000	14807.000	1574.680	20.000	0.000	1.000	0.000	0.000
64.000	14810.000	1574.560	20.000	0.000	1.000	0.000	0.000
64.000	14813.000	1574.680	20.000	0.000	1.000	0.000	0.000
63.000	14823.000	1574.560	20.000	0.000	1.000	0.000	0.000
65.000	14820.000	1574.560	20.000	0.000	1.000	0.000	0.000
63.000	14830.000	1574.560	20.000	0.000	1.000	0.000	0.000
80.000	14830.000	1574.560	20.000	0.000	1.000	0.000	0.000
65.000	14832.000	1574.560	20.000	0.000	1.000	0.000	0.000
63.000	14835.000	1574.560	20.000	0.000	1.000	0.000	0.000
65.000	14842.000	1574.680	20.000	0.000	1.000	0.000	0.000
64.000	14846.000	1574.560	20.000	0.000	1.000	0.000	0.000
63.000	14848.000	1574.680	20.000	0.000	1.000	0.000	0.000
64.000	14848.000	1574.560	20.000	0.000	1.000	0.000	0.000
64.000	14851.000	1574.560	20.000	0.000	1.000	0.000	0.000
63.000	14853.000	1574.680	20.000	0.000	1.000	0.000	0.000
65.000	14850.000	1574.560	20.000	0.000	1.000	0.000	0.000
64.000	14859.000	1574.560	20.000	0.000	1.000	0.000	0.000
79.000	14859.000	1574.560	20.000	0.000	1.000	0.000	0.000
65.000	14863.000	1574.560	20.000	0.000	1.000	0.000	0.000
63.000	14870.000	1574.560	20.000	0.000	1.000	0.000	0.000
65.000	14869.000	1574.560	20.000	0.000	1.000	0.000	0.000
64.000	14867.000	1574.560	20.000	0.000	1.000	0.000	0.000
64.000	14872.000	1574.560	20.000	0.000	1.000	0.000	0.000
63.000	14872.000	1574.680	20.000	0.000	1.000	0.000	0.000
64.000	14875.000	1574.560	20.000	0.000	1.000	0.000	0.000
64.000	14880.000	1574.560	20.000	0.000	1.000	0.000	0.000
64.000	14882.000	1574.680	20.000	0.000	1.000	0.000	0.000
64.000	14885.000	1574.560	20.000	0.000	1.000	0.000	0.000
64.000	14887.000	1574.560	20.000	0.000	1.000	0.000	0.000
80.000	14894.000	1574.560	20.000	0.000	1.000	0.000	0.000
64.000	14895.000	1574.560	20.000	0.000	1.000	0.000	0.000
63.000	14900.000	1574.810	20.000	0.000	1.000	0.000	0.000
64.000	14904.000	1574.560	20.000	0.000	1.000	0.000	0.000
64.000	14907.000	1574.430	20.000	0.000	1.000	0.000	0.000
65.000	14913.000	1574.560	20.000	0.000	1.000	0.000	0.000
64.000	14910.000	1574.560	20.000	0.000	1.000	0.000	0.000
63.000	14921.000	1574.560	20.000	0.000	1.000	0.000	0.000
64.000	14917.000	1574.560	20.000	0.000	1.000	0.000	0.000
64.000	14923.000	1574.560	20.000	0.000	1.000	0.000	0.000
63.000	14947.000	1574.560	20.000	0.000	1.000	0.000	0.000
65.000	14961.000	1574.560	20.000	0.000	1.000	0.000	0.000
80.000	14952.000	1574.560	20.000	0.000	1.000	0.000	0.000
63.000	14955.000	1574.430	20.000	0.000	1.000	0.000	0.000
64.000	14957.000	1574.680	20.000	0.000	1.000	0.000	0.000
64.000	14965.000	1574.680	20.000	0.000	1.000	0.000	0.000
64.000	14975.000	1574.560	20.000	0.000	1.000	0.000	0.000
65.000	14983.000	1574.680	20.000	0.000	1.000	0.000	0.000
63.000	14996.000	1574.560	20.000	0.000	1.000	0.000	0.000
64.000	14993.000	1574.560	20.000	0.000	1.000	0.000	0.000
65.000	15001.000	1574.560	20.000	0.000	1.000	0.000	0.000
63.000	15003.000	1574.560	20.000	0.000	1.000	0.000	0.000
64.000	15016.000	1574.560	20.000	0.000	1.000	0.000	0.000
80.000	15019.000	1574.560	20.000	0.000	1.000	0.000	0.000
64.000	15028.000	1574.560	20.000	0.000	1.000	0.000	0.000
64.000	15039.000	1574.560	20.000	0.000	1.000	0.000	0.000
64.000	15046.000	1574.680	20.000	0.000	1.000	0.000	0.000
63.000	15049.000	1574.560	20.000	0.000	1.000	0.000	0.000
64.000	15055.000	1574.560	20.000	0.000	1.000	0.000	0.000
64.000	15063.000	1574.560	20.000	0.000	1.000	0.000	0.000
65.000	15065.000	1574.560	20.000	0.000	1.000	0.000	0.000
63.000	15069.000	1574.560	20.000	0.000	1.000	0.000	0.000
64.000	15068.000	1574.560	20.000	0.000	1.000	0.000	0.000
64.000	15085.000	1574.680	20.000	0.000	1.000	0.000	0.000
64.000	15078.000	1574.560	20.000	0.000	1.000	0.000	0.000
80.000	15085.000	1574.560	20.000	0.000	1.000	0.000	0.000
64.000	15095.000	1574.560	20.000	0.000	1.000	0.000	0.000
63.000	15093.000	1574.430	20.000	0.000	1.000	0.000	0.000
65.000	15093.000	1574.560	20.000	0.000	1.000	0.000	0.000
64.000	15104.000	1574.560	20.000	0.000	1.000	0.000	0.000
63.000	15118.000	1574.560	20.000	0.000	1.000	0.000	0.000
64.000	15128.000	1574.560	20.000	0.000	1.000	0.000	0.000
64.000	15129.000	1574.680	20.000	0.000	1.000	0.000	0.000
64.000	15133.000	1574.430	20.000	0.000	1.000	0.000	0.000
64.000	15138.000	1574.560	20.000	0.000	1.000	0.000	0.000
63.000	15137.000	1574.560	20.000	0.000	1.000	0.000	0.000
65.000	15148.000	1574.560	20.000	0.000	1.000	0.000	0.000
80.000	15149.000	1574.560	20.000	0.000	1.000	0.000	0.000
63.000	15152.000	1574.560	20.000	0.000	1.000	0.000	0.000
65.000	15163.000	1574.560	20.000	0.000	1.000	0.000	0.000
63.000	15162.000	1574.560	20.000	0.000	1.000	0.000	0.000
65.000	15161.000	1574.560	20.000	0.000	1.000	0.000	0.000
63.000	15167.000	1574.560	20.000	0.000	1.000	0.000	0.000
65.000	15174.000	1574.560	20.000	0.000	1.000	0.000	0.000
63.000	15169.000	1574.560	20.000	0.000	1.000	0.000	0.000
65.000	15176.000	1574.560	20.000	0.000	1.000	0.000	0.000
63.000	15175.000	1574.680	20.000	0.000	1.000	0.000	0.000
65.000	15171.000	1574.560	20.000	0.000	1.000	0.000	0.000
79.000	15184.000	1574.560	20.000	0.000	1.000	0.000	0.000
64.000	15183.000	1574.680	20.000	0.000	1.000	0.000	0.000
64.000	15178.000	1574.430	20.000	0.000	1.000	0.000	0.000
64.000	15183.000	1574.560	20.000	0.000	1.000	0.000	0.000
64.000	15181.000	1574.560	20.000	0.000	1.000	0.000	0.000
64.000	15187.000	1574.560	20.000	0.000	1.000	0.000	0.000
64.000	15186.000	1574.430	20.000	0.000	1.000	0.000	0.000
64.000	15191.000	1574.560	20.000	0.000	1.000	0.000	0.000
63.000	15185.000	1574.560	20.000	0.000	1.000	0.000	0.000
64.000	15195.000	1574.680	20.000	0.000	1.000	0.000	0.000
64.000	15191.000	1574.560	20.000	0.000	1.000	0.000	0.000
64.000	15192.000	1574.560	20.000	0.000	1.000	0.000	0.000
80.000	15199.000	1574.430	20.000	0.000	1.000	0.000	0.000
65.000	15197.000	1574.430	20.000	0.000	1.000	0.000	0.000
63.000	15206.000	1574.560	20.000	0.000	1.000	0.000	0.000
64.000	15205.000	1574.560	20.000	0.000	1.000	0.000	0.000
64.000	15208.000	1574.560	20.000	0.000	1.000	0.000	0.000
64.000	15208.000	1574.560	20.000	0.000	1.000	0.000	0.000
64.000	15177.000	1574.430	20.000	0.000	1.000	0.000	0.000
64.000	14942.000	1573.790	20.000	0.000	1.000	0.000	0.000
63.000	14591.000	1572.770	20.000	0.000	1.000	0.000	0.000
65.000	14219.000	1571.750	20.000	0.000	1.000	0.000	0.000
63.000	14113.000	1570.990	20.000	0.000	1.000	0.000	0.000
64.000	13199.000	1570.610	20.000	0.000	1.000	0.000	0.000
80.000	12446.000	1570.480	20.000	0.000	1.000	0.000	0.000
64.000	11866.000	1570.480	20.000	0.000	1.000	0.000	0.000
64.000	11412.000	1570.480	20.000	0.000	1.000	0.000	0.000
64.000	11113.000	1570.350	20.000	0.000	1.000	0.000	0.000
64.000	10911.000	1570.480	20.000	0.000	1.000	0.000	0.000
64.000	10764.000	1570.610	20.000	0.000	1.000	0.000	0.000
64.000	10658.000	1570.350	20.000	0.000	1.000	0.000	0.000
63.000	10561.000	1570.610	20.000	0.000	1.000	0.000	0.000
64.000	10433.000	1570.480	20.000	0.000	1.000	0.000	0.000
64.000	10427.000	1570.610	20.000	0.000	1.000	0.000	0.000
64.000	10386.000	1570.480	20.000	0.000	1.000	0.000	0.000
81.000	10052.000	1570.480	20.000	0.000	1.000	0.000	0.000
63.000	8869.000	1570.480	20.000	0.000	1.000	0.000	0.000
64.000	8427.000	1570.480	20.000	0.000	1.000	0.000	0.000
64.000	8172.000	1570.350	20.000	0.000	1.000	0.000	0.000
64.000	8102.000	1570.610	20.000	0.000	1.000	0.000	0.000
64.000	8075.000	1570.480	20.000	0.000	1.000	0.000	0.000
63.000	8049.000	1570.480	20.000	0.000	1.000	0.000	0.000
65.000	8050.000	1570.480	20.000	0.000	1.000	0.000	0.000
64.000	8054.000	1570.480	20.000	0.000	1.000	0.000	0.000
64.000	8062.000	1570.480	20.000	0.000	1.000	0.000	0.000
64.000	8072.000	1570.480	20.000	0.000	1.000	0.000	0.000
64.000	8078.000	1570.480	20.000	0.000	1.000	0.000	0.000
80.000	8093.000	1570.480	20.000	0.000	1.000	0.000	0.000
64.000	8101.000	1570.480	20.000	0.000	1.000	0.000	0.000
64.000	8115.000	1570.350	20.000	0.000	1.000	0.000	0.000
63.000	8120.000	1570.480	20.000	0.000	1.000	0.000	0.000
64.000	8129.000	1570.480	20.000	0.000	1.000	0.000	0.000
64.000	8138.000	1570.480	20.000	0.000	1.000	0.000	0.000
64.000	8149.000	1570.350	20.000	0.000	1.000	0.000	0.000
64.000	8156.000	1570.480	20.000	0.000	1.000	0.000	0.000
64.000	8164.000	1570.480	20.000	0.000	1.000	0.000	0.000
63.000	8173.000	1570.480	20.000	0.000	1.000	0.000	0.000
64.000	8177.000	1570.350	20.000	0.000	1.000	0.000	0.000
65.000	8181.000	1570.480	20.000	0.000	1.000	0.000	0.000
80.000	8190.000	1570.480	20.000	0.000	1.000	0.000	0.000
63.000	8201.000	1570.480	20.000	0.000	1.000	0.000	0.000
65.000	8251.000	1570.480	20.000	0.000	1.000	0.000	0.000
65.000	8253.000	1570.610	20.000	0.000	1.000	0.000	0.000
62.000	8258.000	1570.480	20.000	0.000	1.000	0.000	0.000
64.000	8263.000	1570.610	20.000	0.000	1.000	0.000	0.000
65.000	8268.000	1570.480	20.000	0.000	1.000	0.000	0.000
63.000	8269.000	1570.480	20.000	0.000	1.000	0.000	0.000
64.000	8271.000	1570.480	20.000	0.000	1.000	0.000	0.000
64.000	8279.000	1570.480	20.000	0.000	1.000	0.000	0.000
64.000	8277.000	1570.350	20.000	0.000	1.000	0.000	0.000
80.000	8279.000	1570.480	20.000	0.000	1.000	0.000	0.000
64.000	8281.000	1570.480	20.000	0.000	1.000	0.000	0.000
64.000	8297.000	1570.480	20.000	0.000	1.000	0.000	0.000
64.000	8297.000	1570.480	20.000	0.000	1.000	0.000	0.000
63.000	8309.000	1570.610	20.000	0.000	1.000	0.000	0.000
65.000	8315.000	1570.480	20.000	0.000	1.000	0.000	0.000
63.000	8313.000	1570.480	20.000	0.000	1.000	0.000	0.000
64.000	8319.000	1570.480	20.000	0.000	1.000	0.000	0.000
64.000	8353.000	1570.350	20.000	0.000	1.000	0.000	0.000
64.000	8355.000	1570.480	20.000	0.000	1.000	0.000	0.000
64.000	8353.000	1570.480	20.000	0.000	1.000	0.000	0.000
64.000	8352.000	1570.480	20.000	0.000	1.000	0.000	0.000
80.000	8379.000	1570.610	20.000	0.000	1.000	0.000	0.000
63.000	8380.000	1570.480	20.000	0.000	1.000	0.000	0.000
64.000	8384.000	1570.480	20.000	0.000	1.000	0.000	0.000
65.000	8384.000	1570.480	20.000	0.000	1.000	0.000	0.000
64.000	8384.000	1570.480	20.000	0.000	1.000	0.000	0.000
64.000	8385.000	1570.480	20.000	0.000	1.000	0.000	0.000
63.000	8384.000	1570.480	20.000	0.000	1.000	0.000	0.000
64.000	8389.000	1570.480	20.000	0.000	1.000	0.000	0.000
64.000	8390.000	1570.610	20.000	0.000	1.000	0.000	0.000
64.000	8386.000	1570.480	20.000	0.000	1.000	0.000	0.000
64.000	8384.000	1570.480	20.000	0.000	1.000	0.000	0.000
64.000	8382.000	1570.480	20.000	0.000	1.000	0.000	0.000
80.000	8385.000	1570.480	20.000	0.000	1.000	0.000	0.000
64.000	8379.000	1570.480	20.000	0.000	1.000	0.000	0.000
63.000	8388.000	1570.480	20.000	0.000	1.000	0.000	0.000
64.000	8384.000	1570.480	20.000	0.000	1.000	0.000	0.000
65.000	8388.000	1570.610	20.000	0.000	1.000	0.000	0.000
63.000	8387.000	1570.480	20.000	0.000	1.000	0.000	0.000
64.000	8385.000	1570.480	20.000	0.000	1.000	0.000	0.000
64.000	8379.000	1570.480	20.000	0.000	1.000	0.000	0.000
64.000	8379.000	1570.480	20.000	0.000	1.000	0.000	0.000
64.000	8382.000	1570.480	20.000	0.000	1.000	0.000	0.000
64.000	8379.000	1570.610	20.000	0.000	1.000	0.000	0.000
80.000	8388.000	1570.480	20.000	0.000	1.000	0.000	0.000
64.000	8382.000	1570.480	20.000	0.000	1.000	0.000	0.000
63.000	8378.000	1570.610	20.000	0.000	1.000	0.000	0.000
66.000	8373.000	1570.610	20.000	0.000	1.000	0.000	0.000
62.000	8380.000	1570.480	20.000	0.000	1.000	0.000	0.000
65.000	8376.000	1570.350	20.000	0.000	1.000	0.000	0.000
64.000	8376.000	1570.610	20.000	0.000	1.000	0.000	0.000
63.000	8378.000	1570.480	20.000	0.000	1.000	0.000	0.000
64.000	8371.000	1570.610	20.000	0.000	1.000	0.000	0.000
64.000	8373.000	1570.350	20.000	0.000	1.000	0.000	0.000
64.000	8381.000	1570.610	20.000	0.000	1.000	0.000	0.000
64.000	8376.000	1570.480	20.000	0.000	1.000	0.000	0.000
80.000	8378.000	1570.480	20.000	0.000	1.000	0.000	0.000
64.000	8374.000	1570.480	20.000	0.000	1.000	0.000	0.000
64.000	8381.000	1570.610	20.000	0.000	1.000	0.000	0.000
64.000	8377.000	1570.610	20.000	0.000	1.000	0.000	0.000
64.000	8376.000	1570.480	20.000	0.000	1.000	0.000	0.000
63.000	8379.000	1570.610	20.000	0.000	1.000	0.000	0.000
64.000	8379.000	1570.480	20.000	0.000	1.000	0.000	0.000
64.000	8382.000	1570.610	20.000	0.000	1.000	0.000	0.000
65.000	8382.000	1570.610	20.000	0.000	1.000	0.000	0.000
63.000	8378.000	1570.480	20.000	0.000	1.000	0.000	0.000
64.000	8383.000	1570.480	20.000	0.000	1.000	0.000	0.000
64.000	8382.000	1570.610	20.000	0.000	1.000	0.000	0.000
80.000	8376.000	1570.610	20.000	0.000	1.000	0.000	0.000
64.000	8381.000	1570.480	20.000	0.000	1.000	0.000	0.000
64.000	8379.000	1570.480	20.000	0.000	1.000	0.000	0.000
64.000	8380.000	1570.610	20.000	0.000	1.000	0.000	0.000
64.000	8377.000	1570.610	20.000	0.000	1.000	0.000	0.000
64.000	8378.000	1570.480	20.000	0.000	1.000	0.000	0.000
63.000	8383.000	1570.480	20.000	0.000	1.000	0.000	0.000
64.000	8373.000	1570.610	20.000	0.000	1.000	0.000	0.000
65.000	8374.000	1570.480	20.000	0.000	1.000	0.000	0.000
63.000	8375.000	1570.480	20.000	0.000	1.000	0.000	0.000
65.000	8372.000	1570.480	20.000	0.000	1.000	0.000	0.000
79.000	8373.000	1570.610	20.000	0.000	1.000	0.000	0.000
64.000	8377.000	1570.480	20.000	0.000	1.000	0.000	0.000
64.000	8378.000	1570.610	20.000	0.000	1.000	0.000	0.000
64.000	8376.000	1570.610	20.000	0.000	1.000	0.000	0.000
64.000	8377.000	1570.480	20.000	0.000	1.000	0.000	0.000
64.000	8370.000	1570.610	20.000	0.000	1.000	0.000	0.000
64.000	8370.000	1570.610	20.000	0.000	1.000	0.000	0.000
63.000	8373.000	1570.610	20.000	0.000	1.000	0.000	0.000
65.000	8372.000	1570.610	20.000	0.000	1.000	0.000	0.000
63.000	8374.000	1570.480	20.000	0.000	1.000	0.000	0.000
64.000	8378.000	1570.480	20.000	0.000	1.000	0.000	0.000
65.000	8376.000	1570.610	20.000	0.000	1.000	0.000	0.000
79.000	8374.000	1570.610	20.000	0.000	1.000	0.000	0.000
64.000	8371.000	1570.610	20.000	0.000	1.000	0.000	0.000
64.000	8372.000	1570.480	20.000	0.000	1.000	0.000	0.000
64.000	8366.000	1570.610	20.000	0.000	1.000	0.000	0.000
63.000	8371.000	1570.610	20.000	0.000	1.000	0.000	0.000
64.000	8366.000	1570.740	20.000	0.000	1.000	0.000	0.000
65.000	8367.000	1570.480	20.000	0.000	1.000	0.000	0.000
64.000	8366.000	1570.610	20.000	0.000	1.000	0.000	0.000
64.000	8368.000	1570.610	20.000	0.000	1.000	0.000	0.000
64.000	8365.000	1570.610	20.000	0.000	1.000	0.000	0.000
63.000	8366.000	1570.610	20.000	0.000	1.000	0.000	0.000
64.000	8366.000	1570.610	20.000	0.000	1.000	0.000	0.000
80.000	8369.000	1570.610	20.000	0.000	1.000	0.000	0.000
65.000	8362.000	1570.480	20.000	0.000	1.000	0.000	0.000
63.000	8362.000	1570.610	20.000	0.000	1.000	0.000	0.000
64.000	8359.000	1570.480	20.000	0.000	1.000	0.000	0.000
64.000	8361.000	1570.610	20.000	0.000	1.000	0.000	0.000
64.000	8363.000	1570.610	20.000	0.000	1.000	0.000	0.000
64.000	8361.000	1570.480	20.000	0.000	1.000	0.000	0.000
64.000	8359.000	1570.610	20.000	0.000	1.000	0.000	0.000
63.000	8355.000	1570.610	20.000	0.000	1.000	0.000	0.000
65.000	8363.000	1570.610	20.000	0.000	1.000	0.000	0.000
64.000	8365.000	1570.480	20.000	0.000	1.000	0.000	0.000
79.000	8357.000	1570.610	20.000	0.000	1.000	0.000	0.000
65.000	8356.000	1570.610	20.000	0.000	1.000	0.000	0.000
63.000	8365.000	1570.610	20.000	0.000	1.000	0.000	0.000
64.000	8358.000	1570.610	20.000	0.000	1.000	0.000	0.000
64.000	8359.000	1570.610	20.000	0.000	1.000	0.000	0.000
64.000	8358.000	1570.480	20.000	0.000	1.000	0.000	0.000
64.000	8354.000	1570.610	20.000	0.000	1.000	0.000	0.000
64.000	8353.000	1570.480	20.000	0.000	1.000	0.000	0.000
63.000	8352.000	1570.610	20.000	0.000	1.000	0.000	0.000
65.000	8354.000	1570.610	20.000	0.000	1.000	0.000	0.000
64.000	8353.000	1570.610	20.000	0.000	1.000	0.000	0.000
63.000	8353.000	1570.610	20.000	0.000	1.000	0.000	0.000
81.000	8349.000	1570.610	20.000	0.000	1.000	0.000	0.000
63.000	8350.000	1570.610	20.000	0.000	1.000	0.000	0.000
65.000	8347.000	1570.610	20.000	0.000	1.000	0.000	0.000
63.000	8352.000	1570.480	20.000	0.000	1.000	0.000	0.000
64.000	8350.000	1570.610	20.000	0.000	1.000	0.000	0.000
64.000	8346.000	1570.610	20.000	0.000	1.000	0.000	0.000
64.000	8348.000	1570.480	20.000	0.000	1.000	0.000	0.000
64.000	8347.000	1570.480	20.000	0.000	1.000	0.000	0.000
63.000	8342.000	1570.480	20.000	0.000	1.000	0.000	0.000
65.000	8339.000	1570.480	20.000	0.000	1.000	0.000	0.000
64.000	8341.000	1570.610	20.000	0.000	1.000	0.000	0.000
64.000	8341.000	1570.480	20.000	0.000	1.000	0.000	0.000
80.000	8347.000	1570.610	20.000	0.000	1.000	0.000	0.000
64.000	8344.000	1570.610	20.000	0.000	1.000	0.000	0.000
63.000	8338.000	1570.610	20.000	0.000	1.000	0.000	0.000
64.000	8335.000	1570.480	20.000	0.000	1.000	0.000	0.000
64.000	8339.000	1570.610	20.000	0.000	1.000	0.000	0.000
64.000	8341.000	1570.610	20.000	0.000	1.000	0.000	0.000
64.000	8335.000	1570.610	20.000	0.000	1.000	0.000	0.000
64.000	8335.000	1570.610	20.000	0.000	1.000	0.000	0.000
64.000	8331.000	1570.610	20.000	0.000	1.000	0.000	0.000
64.000	8331.000	1570.610	20.000	0.000	1.000	0.000	0.000
64.000	8329.000	1570.610	20.000	0.000	1.000	0.000	0.000
80.000	8327.000	1570.480	20.000	0.000	1.000	0.000	0.000
64.000	8324.000	1570.610	20.000	0.000	1.000	0.000	0.000
64.000	8324.000	1570.610	20.000	0.000	1.000	0.000	0.000
64.000	8322.000	1570.610	20.000	0.000	1.000	0.000	0.000
64.000	8314.000	1570.480	20.000	0.000	1.000	0.000	0.000
63.000	8312.000	1570.610	20.000	0.000	1.000	0.000	0.000
64.000	8307.000	1570.610	20.000	0.000	1.000	0.000	0.000
64.000	8305.000	1570.610	20.000	0.000	1.000	0.000	0.000
64.000	8296.000	1570.480	20.000	0.000	1.000	0.000	0.000
64.000	8166.000	1570.610	20.000	0.000	1.000	0.000	0.000
64.000	7896.000	1570.610	20.000	0.000	1.000	0.000	0.000
64.000	7720.000	1570.610	20.000	0.000	1.000	0.000	0.000
80.000	7624.000	1570.480	20.000	0.000	1.000	0.000	0.000
64.000	7558.000	1570.610	20.000	0.000	1.000	0.000	0.000
64.000	7518.000	1570.480	20.000	0.000	1.000	0.000	0.000
64.000	7481.000	1570.480	20.000	0.000	1.000	0.000	0.000
63.000	7452.000	1570.610	20.000	0.000	1.000	0.000	0.000
64.000	7434.000	1570.610	20.000	0.000	1.000	0.000	0.000
64.000	7414.000	1570.480	20.000	0.000	1.000	0.000	0.000
64.000	7395.000	1570.610	20.000	0.000	1.000	0.000	0.000
64.000	7374.000	1570.480	20.000	0.000	1.000	0.000	0.000
64.000	7362.000	1570.610	20.000	0.000	1.000	0.000	0.000
64.000	7348.000	1570.480	20.000	0.000	1.000	0.000	0.000
64.000	7334.000	1570.610	20.000	0.000	1.000	0.000	0.000
80.000	7324.000	1570.610	20.000	0.000	1.000	0.000	0.000
63.000	7311.000	1570.480	20.000	0.000	1.000	0.000	0.000
65.000	7306.000	1570.610	20.000	0.000	1.000	0.000	0.000
63.000	7293.000	1570.350	20.000	0.000	1.000	0.000	0.000
64.000	7293.000	1570.610	20.000	0.000	1.000	0.000	0.000
64.000	7289.000	1570.480	20.000	0.000	1.000	0.000	0.000
64.000	7275.000	1570.480	20.000	0.000	1.000	0.000	0.000
64.000	7273.000	1570.610	20.000	0.000	1.000	0.000	0.000
64.000	7265.000	1570.480	20.000	0.000	1.000	0.000	0.000
64.000	7266.000	1570.610	20.000	0.000	1.000	0.000	0.000
63.000	7248.000	1570.610	20.000	0.000	1.000	0.000	0.000
80.000	7250.000	1570.610	20.000	0.000	1.000	0.000	0.000
65.000	7248.000	1570.480	20.000	0.000	1.000	0.000	0.000
63.000	7236.000	1570.480	20.000	0.000	1.000	0.000	0.000
64.000	7237.000	1570.480	20.000	0.000	1.000	0.000	0.000
65.000	7231.000	1570.610	20.000	0.000	1.000	0.000	0.000
63.000	7231.000	1570.480	20.000	0.000	1.000	0.000	0.000
