Loop Time (ms)	IR (16 bit)	Force (N)	Force (N)	Color	Speed (mm/s)	Spatial (mm)	Angle (deg)
239.000	7074.000	1571.250	40.000	0.000	1.000	0.000	0.000
3285.000	7081.000	1571.370	40.000	0.000	1.000	0.000	0.000
64.000	7077.000	1571.250	40.000	0.000	1.000	0.000	0.000
63.000	7078.000	1571.250	40.000	0.000	1.000	0.000	0.000
64.000	7073.000	1571.370	40.000	0.000	1.000	0.000	0.000
80.000	7078.000	1571.370	40.000	0.000	1.000	0.000	0.000
64.000	7079.000	1571.250	40.000	0.000	1.000	0.000	0.000
64.000	7077.000	1571.250	40.000	0.000	1.000	0.000	0.000
64.000	7075.000	1571.250	40.000	0.000	1.000	0.000	0.000
63.000	7076.000	1571.370	40.000	0.000	1.000	0.000	0.000
65.000	7078.000	1571.250	40.000	0.000	1.000	0.000	0.000
64.000	7078.000	1571.250	40.000	0.000	1.000	0.000	0.000
64.000	7075.000	1571.250	40.000	0.000	1.000	0.000	0.000
63.000	7079.000	1571.370	40.000	0.000	1.000	0.000	0.000
64.000	7080.000	1571.250	40.000	0.000	1.000	0.000	0.000
64.000	7077.000	1571.250	40.000	0.000	1.000	0.000	0.000
65.000	7076.000	1571.370	40.000	0.000	1.000	0.000	0.000
79.000	7077.000	1571.370	40.000	0.000	1.000	0.000	0.000
65.000	7083.000	1571.250	40.000	0.000	1.000	0.000	0.000
63.000	7082.000	1571.250	40.000	0.000	1.000	0.000	0.000
64.000	7078.000	1571.370	40.000	0.000	1.000	0.000	0.000
64.000	7078.000	1571.370	40.000	0.000	1.000	0.000	0.000
64.000	7078.000	1571.370	40.000	0.000	1.000	0.000	0.000
63.000	7082.000	1571.250	40.000	0.000	1.000	0.000	0.000
64.000	7083.000	1571.370	40.000	0.000	1.000	0.000	0.000
65.000	7077.000	1571.370	40.000	0.000	1.000	0.000	0.000
63.000	7080.000	1571.370	40.000	0.000	1.000	0.000	0.000
64.000	7081.000	1571.250	40.000	0.000	1.000	0.000	0.000
64.000	7081.000	1571.250	40.000	0.000	1.000	0.000	0.000
80.000	7082.000	1571.370	40.000	0.000	1.000	0.000	0.000
64.000	7088.000	1571.370	40.000	0.000	1.000	0.000	0.000
64.000	7082.000	1571.250	40.000	0.000	1.000	0.000	0.000
64.000	7076.000	1571.370	40.000	0.000	1.000	0.000	0.000
64.000	7087.000	1571.370	40.000	0.000	1.000	0.000	0.000
64.000	7077.000	1571.370	40.000	0.000	1.000	0.000	0.000
64.000	7084.000	1571.250	40.000	0.000	1.000	0.000	0.000
64.000	7090.000	1571.370	40.000	0.000	1.000	0.000	0.000
64.000	7086.000	1571.370	40.000	0.000	1.000	0.000	0.000
63.000	7079.000	1571.250	40.000	0.000	1.000	0.000	0.000
64.000	7086.000	1571.250	40.000	0.000	1.000	0.000	0.000
80.000	7088.000	1571.250	40.000	0.000	1.000	0.000	0.000
65.000	7090.000	1571.250	40.000	0.000	1.000	0.000	0.000
64.000	7086.000	1571.250	40.000	0.000	1.000	0.000	0.000
63.000	7086.000	1571.370	40.000	0.000	1.000	0.000	0.000
64.000	7086.000	1571.250	40.000	0.000	1.000	0.000	0.000
64.000	7093.000	1571.250	40.000	0.000	1.000	0.000	0.000
64.000	7085.000	1571.250	40.000	0.000	1.000	0.000	0.000
64.000	7088.000	1571.250	40.000	0.000	1.000	0.000	0.000
64.000	7086.000	1571.250	40.000	0.000	1.000	0.000	0.000
64.000	7084.000	1571.370	40.000	0.000	1.000	0.000	0.000
63.000	7086.000	1571.370	40.000	0.000	1.000	0.000	0.000
64.000	7086.000	1571.250	40.000	0.000	1.000	0.000	0.000
81.000	7093.000	1571.370	40.000	0.000	1.000	0.000	0.000
64.000	7088.000	1571.370	40.000	0.000	1.000	0.000	0.000
63.000	7090.000	1571.250	40.000	0.000	1.000	0.000	0.000
64.000	7091.000	1571.370	40.000	0.000	1.000	0.000	0.000
64.000	7094.000	1571.250	40.000	0.000	1.000	0.000	0.000
64.000	7087.000	1571.250	40.000	0.000	1.000	0.000	0.000
63.000	7086.000	1571.250	40.000	0.000	1.000	0.000	0.000
65.000	7087.000	1571.250	40.000	0.000	1.000	0.000	0.000
64.000	7089.000	1571.250	40.000	0.000	1.000	0.000	0.000
64.000	7088.000	1571.370	40.000	0.000	1.000	0.000	0.000
64.000	7093.000	1571.120	40.000	0.000	1.000	0.000	0.000
64.000	7086.000	1571.250	40.000	0.000	1.000	0.000	0.000
80.000	7093.000	1571.250	40.000	0.000	1.000	0.000	0.000
63.000	7095.000	1571.370	40.000	0.000	1.000	0.000	0.000
64.000	7093.000	1571.370	40.000	0.000	1.000	0.000	0.000
64.000	7089.000	1571.250	40.000	0.000	1.000	0.000	0.000
64.000	7091.000	1571.250	40.000	0.000	1.000	0.000	0.000
64.000	7095.000	1571.250	40.000	0.000	1.000	0.000	0.000
64.000	7092.000	1571.250	40.000	0.000	1.000	0.000	0.000
63.000	7091.000	1571.370	40.000	0.000	1.000	0.000	0.000
65.000	7093.000	1571.250	40.000	0.000	1.000	0.000	0.000
64.000	7089.000	1571.370	40.000	0.000	1.000	0.000	0.000
63.000	7089.000	1571.370	40.000	0.000	1.000	0.000	0.000
80.000	7092.000	1571.250	40.000	0.000	1.000	0.000	0.000
64.000	7095.000	1571.370	40.000	0.000	1.000	0.000	0.000
65.000	7089.000	1571.370	40.000	0.000	1.000	0.000	0.000
63.000	7092.000	1571.250	40.000	0.000	1.000	0.000	0.000
64.000	7089.000	1571.250	40.000	0.000	1.000	0.000	0.000
64.000	7088.000	1571.370	40.000	0.000	1.000	0.000	0.000
64.000	7094.000	1571.370	40.000	0.000	1.000	0.000	0.000
64.000	7091.000	1571.370	40.000	0.000	1.000	0.000	0.000
64.000	7093.000	1571.370	40.000	0.000	1.000	0.000	0.000
64.000	7097.000	1571.250	40.000	0.000	1.000	0.000	0.000
64.000	7091.000	1571.250	40.000	0.000	1.000	0.000	0.000
63.000	7093.000	1571.250	40.000	0.000	1.000	0.000	0.000
80.000	7094.000	1571.250	40.000	0.000	1.000	0.000	0.000
64.000	7096.000	1571.250	40.000	0.000	1.000	0.000	0.000
64.000	7092.000	1571.370	40.000	0.000	1.000	0.000	0.000
64.000	7098.000	1571.250	40.000	0.000	1.000	0.000	0.000
64.000	7099.000	1571.370	40.000	0.000	1.000	0.000	0.000
64.000	7101.000	1571.250	40.000	0.000	1.000	0.000	0.000
64.000	7098.000	1571.370	40.000	0.000	1.000	0.000	0.000
64.000	7100.000	1571.370	40.000	0.000	1.000	0.000	0.000
64.000	7101.000	1571.250	40.000	0.000	1.000	0.000	0.000
64.000	7101.000	1571.250	40.000	0.000	1.000	0.000	0.000
64.000	7102.000	1571.250	40.000	0.000	1.000	0.000	0.000
63.000	7096.000	1571.250	40.000	0.000	1.000	0.000	0.000
81.000	7098.000	1571.250	40.000	0.000	1.000	0.000	0.000
64.000	7103.000	1571.370	40.000	0.000	1.000	0.000	0.000
63.000	7097.000	1571.250	40.000	0.000	1.000	0.000	0.000
65.000	7105.000	1571.250	40.000	0.000	1.000	0.000	0.000
63.000	7095.000	1571.370	40.000	0.000	1.000	0.000	0.000
64.000	7095.000	1571.370	40.000	0.000	1.000	0.000	0.000
64.000	7100.000	1571.370	40.000	0.000	1.000	0.000	0.000
64.000	7100.000	1571.370	40.000	0.000	1.000	0.000	0.000
64.000	7105.000	1571.250	40.000	0.000	1.000	0.000	0.000
65.000	7098.000	1571.370	40.000	0.000	1.000	0.000	0.000
63.000	7100.000	1571.250	40.000	0.000	1.000	0.000	0.000
80.000	7105.000	1571.370	40.000	0.000	1.000	0.000	0.000
64.000	7103.000	1571.250	40.000	0.000	1.000	0.000	0.000
64.000	7096.000	1571.250	40.000	0.000	1.000	0.000	0.000
64.000	7103.000	1571.370	40.000	0.000	1.000	0.000	0.000
64.000	7100.000	1571.370	40.000	0.000	1.000	0.000	0.000
64.000	7100.000	1571.370	40.000	0.000	1.000	0.000	0.000
64.000	7104.000	1571.250	40.000	0.000	1.000	0.000	0.000
64.000	7106.000	1571.370	40.000	0.000	1.000	0.000	0.000
63.000	7101.000	1571.250	40.000	0.000	1.000	0.000	0.000
64.000	7097.000	1571.120	40.000	0.000	1.000	0.000	0.000
64.000	7101.000	1571.370	40.000	0.000	1.000	0.000	0.000
64.000	7102.000	1571.370	40.000	0.000	1.000	0.000	0.000
80.000	7109.000	1571.250	40.000	0.000	1.000	0.000	0.000
64.000	7105.000	1571.250	40.000	0.000	1.000	0.000	0.000
64.000	7105.000	1571.370	40.000	0.000	1.000	0.000	0.000
64.000	7106.000	1571.370	40.000	0.000	1.000	0.000	0.000
63.000	7109.000	1571.250	40.000	0.000	1.000	0.000	0.000
65.000	7107.000	1571.370	40.000	0.000	1.000	0.000	0.000
64.000	7111.000	1571.370	40.000	0.000	1.000	0.000	0.000
63.000	7107.000	1571.370	40.000	0.000	1.000	0.000	0.000
64.000	7110.000	1571.120	40.000	0.000	1.000	0.000	0.000
64.000	7106.000	1571.250	40.000	0.000	1.000	0.000	0.000
64.000	7108.000	1571.370	40.000	0.000	1.000	0.000	0.000
64.000	7102.000	1571.370	40.000	0.000	1.000	0.000	0.000
80.000	7103.000	1571.250	40.000	0.000	1.000	0.000	0.000
64.000	7106.000	1571.250	40.000	0.000	1.000	0.000	0.000
63.000	7108.000	1571.370	40.000	0.000	1.000	0.000	0.000
65.000	7101.000	1571.250	40.000	0.000	1.000	0.000	0.000
63.000	7105.000	1571.370	40.000	0.000	1.000	0.000	0.000
65.000	7108.000	1571.370	40.000	0.000	1.000	0.000	0.000
63.000	7111.000	1571.370	40.000	0.000	1.000	0.000	0.000
64.000	7108.000	1571.370	40.000	0.000	1.000	0.000	0.000
65.000	7104.000	1571.370	40.000	0.000	1.000	0.000	0.000
64.000	7111.000	1571.370	40.000	0.000	1.000	0.000	0.000
63.000	7104.000	1571.370	40.000	0.000	1.000	0.000	0.000
80.000	7114.000	1571.250	40.000	0.000	1.000	0.000	0.000
64.000	7110.000	1571.370	40.000	0.000	1.000	0.000	0.000
64.000	7114.000	1571.250	40.000	0.000	1.000	0.000	0.000
64.000	7108.000	1571.250	40.000	0.000	1.000	0.000	0.000
63.000	7111.000	1571.250	40.000	0.000	1.000	0.000	0.000
64.000	7112.000	1571.370	40.000	0.000	1.000	0.000	0.000
65.000	7111.000	1571.370	40.000	0.000	1.000	0.000	0.000
63.000	7112.000	1571.250	40.000	0.000	1.000	0.000	0.000
65.000	7111.000	1571.250	40.000	0.000	1.000	0.000	0.000
63.000	7112.000	1571.370	40.000	0.000	1.000	0.000	0.000
65.000	7106.000	1571.250	40.000	0.000	1.000	0.000	0.000
64.000	7112.000	1571.250	40.000	0.000	1.000	0.000	0.000
80.000	7117.000	1571.370	40.000	0.000	1.000	0.000	0.000
63.000	7111.000	1571.370	40.000	0.000	1.000	0.000	0.000
64.000	7108.000	1571.370	40.000	0.000	1.000	0.000	0.000
64.000	7113.000	1571.250	40.000	0.000	1.000	0.000	0.000
64.000	7116.000	1571.250	40.000	0.000	1.000	0.000	0.000
64.000	7111.000	1571.370	40.000	0.000	1.000	0.000	0.000
64.000	7112.000	1571.370	40.000	0.000	1.000	0.000	0.000
63.000	7112.000	1571.370	40.000	0.000	1.000	0.000	0.000
64.000	7111.000	1571.250	40.000	0.000	1.000	0.000	0.000
65.000	7117.000	1571.250	40.000	0.000	1.000	0.000	0.000
63.000	7111.000	1571.250	40.000	0.000	1.000	0.000	0.000
65.000	7126.000	1571.250	40.000	0.000	1.000	0.000	0.000
80.000	7112.000	1571.370	40.000	0.000	1.000	0.000	0.000
63.000	7111.000	1571.250	40.000	0.000	1.000	0.000	0.000
64.000	7121.000	1571.370	40.000	0.000	1.000	0.000	0.000
64.000	7109.000	1571.370	40.000	0.000	1.000	0.000	0.000
64.000	7115.000	1571.370	40.000	0.000	1.000	0.000	0.000
64.000	7119.000	1571.250	40.000	0.000	1.000	0.000	0.000
64.000	7121.000	1571.250	40.000	0.000	1.000	0.000	0.000
64.000	7113.000	1571.250	40.000	0.000	1.000	0.000	0.000
64.000	7112.000	1571.250	40.000	0.000	1.000	0.000	0.000
64.000	7115.000	1571.250	40.000	0.000	1.000	0.000	0.000
64.000	7115.000	1571.250	40.000	0.000	1.000	0.000	0.000
79.000	7120.000	1571.370	40.000	0.000	1.000	0.000	0.000
64.000	7114.000	1571.370	40.000	0.000	1.000	0.000	0.000
64.000	7116.000	1571.250	40.000	0.000	1.000	0.000	0.000
64.000	7120.000	1571.250	40.000	0.000	1.000	0.000	0.000
64.000	7117.000	1571.250	40.000	0.000	1.000	0.000	0.000
63.000	7121.000	1571.370	40.000	0.000	1.000	0.000	0.000
65.000	7117.000	1571.370	40.000	0.000	1.000	0.000	0.000
64.000	7120.000	1571.250	40.000	0.000	1.000	0.000	0.000
64.000	7120.000	1571.370	40.000	0.000	1.000	0.000	0.000
64.000	7118.000	1571.370	40.000	0.000	1.000	0.000	0.000
64.000	7123.000	1571.250	40.000	0.000	1.000	0.000	0.000
64.000	7123.000	1571.120	40.000	0.000	1.000	0.000	0.000
80.000	7119.000	1571.370	40.000	0.000	1.000	0.000	0.000
63.000	7120.000	1571.250	40.000	0.000	1.000	0.000	0.000
64.000	7115.000	1571.370	40.000	0.000	1.000	0.000	0.000
65.000	7117.000	1571.250	40.000	0.000	1.000	0.000	0.000
63.000	7115.000	1571.370	40.000	0.000	1.000	0.000	0.000
64.000	7122.000	1571.370	40.000	0.000	1.000	0.000	0.000
64.000	7123.000	1571.370	40.000	0.000	1.000	0.000	0.000
65.000	7125.000	1571.250	40.000	0.000	1.000	0.000	0.000
63.000	7128.000	1571.370	40.000	0.000	1.000	0.000	0.000
64.000	7121.000	1571.250	40.000	0.000	1.000	0.000	0.000
64.000	7129.000	1571.370	40.000	0.000	1.000	0.000	0.000
63.000	7121.000	1571.370	40.000	0.000	1.000	0.000	0.000
81.000	7123.000	1571.370	40.000	0.000	1.000	0.000	0.000
63.000	7123.000	1571.250	40.000	0.000	1.000	0.000	0.000
64.000	7117.000	1571.370	40.000	0.000	1.000	0.000	0.000
65.000	7124.000	1571.250	40.000	0.000	1.000	0.000	0.000
64.000	7124.000	1571.370	40.000	0.000	1.000	0.000	0.000
64.000	7125.000	1571.370	40.000	0.000	1.000	0.000	0.000
63.000	7123.000	1571.370	40.000	0.000	1.000	0.000	0.000
64.000	7129.000	1571.250	40.000	0.000	1.000	0.000	0.000
64.000	7119.000	1571.250	40.000	0.000	1.000	0.000	0.000
64.000	7129.000	1571.370	40.000	0.000	1.000	0.000	0.000
64.000	7123.000	1571.250	40.000	0.000	1.000	0.000	0.000
80.000	7127.000	1571.370	40.000	0.000	1.000	0.000	0.000
64.000	7126.000	1571.250	40.000	0.000	1.000	0.000	0.000
64.000	7129.000	1571.250	40.000	0.000	1.000	0.000	0.000
63.000	7125.000	1571.250	40.000	0.000	1.000	0.000	0.000
64.000	7124.000	1571.370	40.000	0.000	1.000	0.000	0.000
64.000	7131.000	1571.370	40.000	0.000	1.000	0.000	0.000
64.000	7126.000	1571.370	40.000	0.000	1.000	0.000	0.000
64.000	7125.000	1571.250	40.000	0.000	1.000	0.000	0.000
64.000	7124.000	1571.370	40.000	0.000	1.000	0.000	0.000
64.000	7134.000	1571.250	40.000	0.000	1.000	0.000	0.000
64.000	7120.000	1571.250	40.000	0.000	1.000	0.000	0.000
64.000	7125.000	1571.370	40.000	0.000	1.000	0.000	0.000
79.000	7125.000	1571.370	40.000	0.000	1.000	0.000	0.000
64.000	7123.000	1571.250	40.000	0.000	1.000	0.000	0.000
65.000	7125.000	1571.250	40.000	0.000	1.000	0.000	0.000
64.000	7127.000	1571.250	40.000	0.000	1.000	0.000	0.000
64.000	7130.000	1571.250	40.000	0.000	1.000	0.000	0.000
63.000	7127.000	1571.370	40.000	0.000	1.000	0.000	0.000
65.000	7123.000	1571.250	40.000	0.000	1.000	0.000	0.000
64.000	7133.000	1571.250	40.000	0.000	1.000	0.000	0.000
64.000	7134.000	1571.250	40.000	0.000	1.000	0.000	0.000
64.000	7131.000	1571.370	40.000	0.000	1.000	0.000	0.000
63.000	7127.000	1571.250	40.000	0.000	1.000	0.000	0.000
64.000	7129.000	1571.370	40.000	0.000	1.000	0.000	0.000
80.000	7128.000	1571.250	40.000	0.000	1.000	0.000	0.000
64.000	7133.000	1571.250	40.000	0.000	1.000	0.000	0.000
64.000	7131.000	1571.370	40.000	0.000	1.000	0.000	0.000
64.000	7126.000	1571.370	40.000	0.000	1.000	0.000	0.000
64.000	7126.000	1571.370	40.000	0.000	1.000	0.000	0.000
64.000	7121.000	1571.250	40.000	0.000	1.000	0.000	0.000
63.000	7133.000	1571.250	40.000	0.000	1.000	0.000	0.000
64.000	7133.000	1571.120	40.000	0.000	1.000	0.000	0.000
65.000	7132.000	1571.250	40.000	0.000	1.000	0.000	0.000
63.000	7129.000	1571.370	40.000	0.000	1.000	0.000	0.000
65.000	7127.000	1571.250	40.000	0.000	1.000	0.000	0.000
63.000	7130.000	1571.250	40.000	0.000	1.000	0.000	0.000
80.000	7131.000	1571.250	40.000	0.000	1.000	0.000	0.000
64.000	7134.000	1571.370	40.000	0.000	1.000	0.000	0.000
64.000	7137.000	1571.250	40.000	0.000	1.000	0.000	0.000
64.000	7130.000	1571.250	40.000	0.000	1.000	0.000	0.000
64.000	7132.000	1571.370	40.000	0.000	1.000	0.000	0.000
64.000	7136.000	1571.250	40.000	0.000	1.000	0.000	0.000
63.000	7123.000	1571.250	40.000	0.000	1.000	0.000	0.000
65.000	7133.000	1571.370	40.000	0.000	1.000	0.000	0.000
64.000	7133.000	1571.250	40.000	0.000	1.000	0.000	0.000
64.000	7136.000	1571.250	40.000	0.000	1.000	0.000	0.000
63.000	7127.000	1571.250	40.000	0.000	1.000	0.000	0.000
80.000	7132.000	1571.250	40.000	0.000	1.000	0.000	0.000
64.000	7137.000	1571.250	40.000	0.000	1.000	0.000	0.000
64.000	7145.000	1571.250	40.000	0.000	1.000	0.000	0.000
64.000	7150.000	1571.250	40.000	0.000	1.000	0.000	0.000
63.000	7157.000	1571.120	40.000	0.000	1.000	0.000	0.000
65.000	7156.000	1571.370	40.000	0.000	1.000	0.000	0.000
64.000	7164.000	1571.250	40.000	0.000	1.000	0.000	0.000
64.000	7174.000	1571.370	40.000	0.000	1.000	0.000	0.000
64.000	7171.000	1571.250	40.000	0.000	1.000	0.000	0.000
64.000	7188.000	1571.250	40.000	0.000	1.000	0.000	0.000
63.000	7188.000	1571.250	40.000	0.000	1.000	0.000	0.000
64.000	7203.000	1571.250	40.000	0.000	1.000	0.000	0.000
80.000	7209.000	1571.250	40.000	0.000	1.000	0.000	0.000
64.000	7221.000	1571.370	40.000	0.000	1.000	0.000	0.000
64.000	7227.000	1571.370	40.000	0.000	1.000	0.000	0.000
64.000	7233.000	1571.250	40.000	0.000	1.000	0.000	0.000
63.000	7244.000	1571.250	40.000	0.000	1.000	0.000	0.000
65.000	7251.000	1571.250	40.000	0.000	1.000	0.000	0.000
64.000	7261.000	1571.250	40.000	0.000	1.000	0.000	0.000
64.000	7265.000	1571.370	40.000	0.000	1.000	0.000	0.000
64.000	7274.000	1571.250	40.000	0.000	1.000	0.000	0.000
64.000	7285.000	1571.250	40.000	0.000	1.000	0.000	0.000
63.000	7290.000	1571.370	40.000	0.000	1.000	0.000	0.000
64.000	7302.000	1571.250	40.000	0.000	1.000	0.000	0.000
81.000	7311.000	1571.250	40.000	0.000	1.000	0.000	0.000
64.000	7324.000	1571.250	40.000	0.000	1.000	0.000	0.000
63.000	7332.000	1571.250	40.000	0.000	1.000	0.000	0.000
65.000	7338.000	1571.370	40.000	0.000	1.000	0.000	0.000
63.000	7351.000	1571.250	40.000	0.000	1.000	0.000	0.000
64.000	7366.000	1571.250	40.000	0.000	1.000	0.000	0.000
64.000	7376.000	1571.250	40.000	0.000	1.000	0.000	0.000
64.000	7389.000	1571.250	40.000	0.000	1.000	0.000	0.000
64.000	7400.000	1571.370	40.000	0.000	1.000	0.000	0.000
64.000	7415.000	1571.250	40.000	0.000	1.000	0.000	0.000
64.000	7433.000	1571.250	40.000	0.000	1.000	0.000	0.000
79.000	7444.000	1571.370	40.000	0.000	1.000	0.000	0.000
64.000	7456.000	1571.250	40.000	0.000	1.000	0.000	0.000
64.000	7471.000	1571.370	40.000	0.000	1.000	0.000	0.000
65.000	7487.000	1571.250	40.000	0.000	1.000	0.000	0.000
63.000	7500.000	1571.250	40.000	0.000	1.000	0.000	0.000
64.000	7516.000	1571.370	40.000	0.000	1.000	0.000	0.000
65.000	7542.000	1571.250	40.000	0.000	1.000	0.000	0.000
63.000	7563.000	1571.120	40.000	0.000	1.000	0.000	0.000
64.000	7577.000	1571.370	40.000	0.000	1.000	0.000	0.000
64.000	7594.000	1571.250	40.000	0.000	1.000	0.000	0.000
64.000	7617.000	1571.250	40.000	0.000	1.000	0.000	0.000
64.000	7636.000	1571.250	40.000	0.000	1.000	0.000	0.000
80.000	7662.000	1571.250	40.000	0.000	1.000	0.000	0.000
63.000	7685.000	1571.250	40.000	0.000	1.000	0.000	0.000
64.000	7706.000	1571.250	40.000	0.000	1.000	0.000	0.000
64.000	7721.000	1571.370	40.000	0.000	1.000	0.000	0.000
65.000	7750.000	1571.370	40.000	0.000	1.000	0.000	0.000
63.000	7784.000	1571.370	40.000	0.000	1.000	0.000	0.000
64.000	7806.000	1571.250	40.000	0.000	1.000	0.000	0.000
64.000	7837.000	1571.370	40.000	0.000	1.000	0.000	0.000
64.000	7870.000	1571.370	40.000	0.000	1.000	0.000	0.000
64.000	7897.000	1571.250	40.000	0.000	1.000	0.000	0.000
64.000	7930.000	1571.370	40.000	0.000	1.000	0.000	0.000
64.000	7964.000	1571.370	40.000	0.000	1.000	0.000	0.000
80.000	7999.000	1571.250	40.000	0.000	1.000	0.000	0.000
64.000	8038.000	1571.370	40.000	0.000	1.000	0.000	0.000
64.000	8082.000	1571.370	40.000	0.000	1.000	0.000	0.000
63.000	8114.000	1571.370	40.000	0.000	1.000	0.000	0.000
65.000	8174.000	1571.370	40.000	0.000	1.000	0.000	0.000
63.000	8215.000	1571.250	40.000	0.000	1.000	0.000	0.000
64.000	8272.000	1571.250	40.000	0.000	1.000	0.000	0.000
64.000	8327.000	1571.250	40.000	0.000	1.000	0.000	0.000
64.000	8398.000	1571.250	40.000	0.000	1.000	0.000	0.000
64.000	8463.000	1571.250	40.000	0.000	1.000	0.000	0.000
64.000	8532.000	1571.370	40.000	0.000	1.000	0.000	0.000
80.000	8640.000	1571.370	40.000	0.000	1.000	0.000	0.000
64.000	8818.000	1571.370	40.000	0.000	1.000	0.000	0.000
64.000	8990.000	1571.370	40.000	0.000	1.000	0.000	0.000
64.000	9199.000	1571.370	40.000	0.000	1.000	0.000	0.000
63.000	9538.000	1571.370	40.000	0.000	1.000	0.000	0.000
65.000	9770.000	1571.370	40.000	0.000	1.000	0.000	0.000
63.000	9879.000	1571.370	40.000	0.000	1.000	0.000	0.000
65.000	9951.000	1571.500	40.000	0.000	1.000	0.000	0.000
63.000	10060.000	1571.630	40.000	0.000	1.000	0.000	0.000
64.000	10178.000	1571.630	40.000	0.000	1.000	0.000	0.000
64.000	10274.000	1571.630	40.000	0.000	1.000	0.000	0.000
64.000	10362.000	1571.880	40.000	0.000	1.000	0.000	0.000
80.000	10429.000	1572.010	40.000	0.000	1.000	0.000	0.000
64.000	10469.000	1572.010	40.000	0.000	1.000	0.000	0.000
65.000	10502.000	1572.140	40.000	0.000	1.000	0.000	0.000
63.000	10540.000	1572.260	40.000	0.000	1.000	0.000	0.000
64.000	10584.000	1572.390	40.000	0.000	1.000	0.000	0.000
64.000	10629.000	1572.650	40.000	0.000	1.000	0.000	0.000
64.000	10685.000	1572.900	40.000	0.000	1.000	0.000	0.000
63.000	10745.000	1572.900	40.000	0.000	1.000	0.000	0.000
65.000	10809.000	1573.160	40.000	0.000	1.000	0.000	0.000
64.000	10922.000	1573.280	40.000	0.000	1.000	0.000	0.000
63.000	10998.000	1573.410	40.000	0.000	1.000	0.000	0.000
64.000	11082.000	1573.670	40.000	0.000	1.000	0.000	0.000
80.000	11199.000	1573.790	40.000	0.000	1.000	0.000	0.000
64.000	11328.000	1574.050	40.000	0.000	1.000	0.000	0.000
64.000	11550.000	1574.170	40.000	0.000	1.000	0.000	0.000
64.000	11783.000	1574.560	40.000	0.000	1.000	0.000	0.000
64.000	12065.000	1574.680	40.000	0.000	1.000	0.000	0.000
63.000	12396.000	1574.810	40.000	0.000	1.000	0.000	0.000
65.000	12755.000	1575.190	40.000	0.000	1.000	0.000	0.000
64.000	13080.000	1575.450	40.000	0.000	1.000	0.000	0.000
63.000	13454.000	1575.700	40.000	0.000	1.000	0.000	0.000
64.000	13775.000	1575.960	40.000	0.000	1.000	0.000	0.000
64.000	14137.000	1576.210	40.000	0.000	1.000	0.000	0.000
80.000	14454.000	1576.470	40.000	0.000	1.000	0.000	0.000
64.000	14760.000	1576.720	40.000	0.000	1.000	0.000	0.000
64.000	15016.000	1576.980	40.000	0.000	1.000	0.000	0.000
64.000	15079.000	1577.100	40.000	0.000	1.000	0.000	0.000
64.000	15208.000	1577.360	40.000	0.000	1.000	0.000	0.000
64.000	15419.000	1577.610	40.000	0.000	1.000	0.000	0.000
64.000	15565.000	1577.870	40.000	0.000	1.000	0.000	0.000
63.000	15777.000	1578.250	40.000	0.000	1.000	0.000	0.000
65.000	15978.000	1578.500	40.000	0.000	1.000	0.000	0.000
64.000	16072.000	1579.010	40.000	0.000	1.000	0.000	0.000
63.000	16178.000	1579.270	40.000	0.000	1.000	0.000	0.000
64.000	16205.000	1579.140	40.000	0.000	1.000	0.000	0.000
80.000	16211.000	1578.890	40.000	0.000	1.000	0.000	0.000
64.000	16265.000	1578.760	40.000	0.000	1.000	0.000	0.000
64.000	16287.000	1578.760	40.000	0.000	1.000	0.000	0.000
64.000	16304.000	1578.760	40.000	0.000	1.000	0.000	0.000
64.000	16305.000	1578.760	40.000	0.000	1.000	0.000	0.000
64.000	16327.000	1578.630	40.000	0.000	1.000	0.000	0.000
63.000	16329.000	1578.500	40.000	0.000	1.000	0.000	0.000
65.000	16323.000	1578.630	40.000	0.000	1.000	0.000	0.000
64.000	16335.000	1578.500	40.000	0.000	1.000	0.000	0.000
64.000	16331.000	1578.630	40.000	0.000	1.000	0.000	0.000
63.000	16320.000	1578.500	40.000	0.000	1.000	0.000	0.000
64.000	16318.000	1578.500	40.000	0.000	1.000	0.000	0.000
81.000	16312.000	1578.500	40.000	0.000	1.000	0.000	0.000
64.000	16313.000	1578.630	40.000	0.000	1.000	0.000	0.000
63.000	16320.000	1578.630	40.000	0.000	1.000	0.000	0.000
64.000	16319.000	1578.500	40.000	0.000	1.000	0.000	0.000
65.000	16319.000	1578.380	40.000	0.000	1.000	0.000	0.000
63.000	16314.000	1578.500	40.000	0.000	1.000	0.000	0.000
64.000	16311.000	1578.380	40.000	0.000	1.000	0.000	0.000
64.000	16305.000	1578.500	40.000	0.000	1.000	0.000	0.000
64.000	16314.000	1578.380	40.000	0.000	1.000	0.000	0.000
64.000	16310.000	1578.630	40.000	0.000	1.000	0.000	0.000
64.000	16317.000	1578.380	40.000	0.000	1.000	0.000	0.000
64.000	16295.000	1578.380	40.000	0.000	1.000	0.000	0.000
79.000	16297.000	1578.500	40.000	0.000	1.000	0.000	0.000
64.000	16303.000	1578.380	40.000	0.000	1.000	0.000	0.000
64.000	16310.000	1578.500	40.000	0.000	1.000	0.000	0.000
65.000	16325.000	1578.380	40.000	0.000	1.000	0.000	0.000
63.000	16331.000	1578.380	40.000	0.000	1.000	0.000	0.000
65.000	16345.000	1578.380	40.000	0.000	1.000	0.000	0.000
63.000	16340.000	1578.380	40.000	0.000	1.000	0.000	0.000
64.000	16345.000	1578.250	40.000	0.000	1.000	0.000	0.000
64.000	16351.000	1578.380	40.000	0.000	1.000	0.000	0.000
64.000	16361.000	1578.250	40.000	0.000	1.000	0.000	0.000
64.000	16370.000	1578.380	40.000	0.000	1.000	0.000	0.000
80.000	16383.000	1578.380	40.000	0.000	1.000	0.000	0.000
63.000	16387.000	1578.380	40.000	0.000	1.000	0.000	0.000
64.000	16388.000	1578.380	40.000	0.000	1.000	0.000	0.000
64.000	16392.000	1578.380	40.000	0.000	1.000	0.000	0.000
65.000	16395.000	1578.380	40.000	0.000	1.000	0.000	0.000
63.000	16391.000	1578.380	40.000	0.000	1.000	0.000	0.000
64.000	16406.000	1578.380	40.000	0.000	1.000	0.000	0.000
64.000	16409.000	1578.380	40.000	0.000	1.000	0.000	0.000
64.000	16407.000	1578.380	40.000	0.000	1.000	0.000	0.000
64.000	16427.000	1578.250	40.000	0.000	1.000	0.000	0.000
64.000	16425.000	1578.250	40.000	0.000	1.000	0.000	0.000
64.000	16441.000	1578.250	40.000	0.000	1.000	0.000	0.000
80.000	16451.000	1578.380	40.000	0.000	1.000	0.000	0.000
63.000	16452.000	1578.250	40.000	0.000	1.000	0.000	0.000
64.000	16469.000	1578.250	40.000	0.000	1.000	0.000	0.000
64.000	16480.000	1578.380	40.000	0.000	1.000	0.000	0.000
64.000	16478.000	1578.500	40.000	0.000	1.000	0.000	0.000
64.000	16476.000	1578.250	40.000	0.000	1.000	0.000	0.000
64.000	16482.000	1578.250	40.000	0.000	1.000	0.000	0.000
65.000	16481.000	1578.250	40.000	0.000	1.000	0.000	0.000
63.000	16481.000	1578.250	40.000	0.000	1.000	0.000	0.000
64.000	16471.000	1578.250	40.000	0.000	1.000	0.000	0.000
64.000	16466.000	1578.380	40.000	0.000	1.000	0.000	0.000
64.000	16463.000	1578.380	40.000	0.000	1.000	0.000	0.000
80.000	16453.000	1578.250	40.000	0.000	1.000	0.000	0.000
64.000	16460.000	1578.250	40.000	0.000	1.000	0.000	0.000
64.000	16462.000	1578.380	40.000	0.000	1.000	0.000	0.000
63.000	16457.000	1578.250	40.000	0.000	1.000	0.000	0.000
65.000	16457.000	1578.250	40.000	0.000	1.000	0.000	0.000
63.000	16469.000	1578.250	40.000	0.000	1.000	0.000	0.000
64.000	16473.000	1578.380	40.000	0.000	1.000	0.000	0.000
65.000	16469.000	1578.250	40.000	0.000	1.000	0.000	0.000
63.000	16473.000	1578.250	40.000	0.000	1.000	0.000	0.000
64.000	16474.000	1578.250	40.000	0.000	1.000	0.000	0.000
65.000	16472.000	1578.380	40.000	0.000	1.000	0.000	0.000
79.000	16475.000	1578.250	40.000	0.000	1.000	0.000	0.000
64.000	16472.000	1578.250	40.000	0.000	1.000	0.000	0.000
64.000	16464.000	1578.250	40.000	0.000	1.000	0.000	0.000
64.000	16479.000	1578.120	40.000	0.000	1.000	0.000	0.000
64.000	16470.000	1578.250	40.000	0.000	1.000	0.000	0.000
63.000	16465.000	1578.250	40.000	0.000	1.000	0.000	0.000
64.000	16476.000	1578.250	40.000	0.000	1.000	0.000	0.000
64.000	16464.000	1578.250	40.000	0.000	1.000	0.000	0.000
64.000	16469.000	1578.250	40.000	0.000	1.000	0.000	0.000
64.000	16462.000	1578.250	40.000	0.000	1.000	0.000	0.000
64.000	16467.000	1578.120	40.000	0.000	1.000	0.000	0.000
64.000	16461.000	1578.250	40.000	0.000	1.000	0.000	0.000
80.000	16455.000	1578.250	40.000	0.000	1.000	0.000	0.000
64.000	16450.000	1578.120	40.000	0.000	1.000	0.000	0.000
64.000	16454.000	1578.250	40.000	0.000	1.000	0.000	0.000
64.000	16451.000	1578.120	40.000	0.000	1.000	0.000	0.000
64.000	16449.000	1578.250	40.000	0.000	1.000	0.000	0.000
64.000	16444.000	1578.120	40.000	0.000	1.000	0.000	0.000
64.000	16444.000	1578.120	40.000	0.000	1.000	0.000	0.000
64.000	16439.000	1578.250	40.000	0.000	1.000	0.000	0.000
64.000	16441.000	1578.250	40.000	0.000	1.000	0.000	0.000
63.000	16434.000	1578.250	40.000	0.000	1.000	0.000	0.000
65.000	16437.000	1578.250	40.000	0.000	1.000	0.000	0.000
63.000	16439.000	1578.250	40.000	0.000	1.000	0.000	0.000
80.000	16436.000	1578.250	40.000	0.000	1.000	0.000	0.000
64.000	16436.000	1578.120	40.000	0.000	1.000	0.000	0.000
65.000	16441.000	1578.250	40.000	0.000	1.000	0.000	0.000
63.000	16436.000	1578.120	40.000	0.000	1.000	0.000	0.000
64.000	16434.000	1578.120	40.000	0.000	1.000	0.000	0.000
64.000	16437.000	1578.250	40.000	0.000	1.000	0.000	0.000
64.000	16432.000	1578.120	40.000	0.000	1.000	0.000	0.000
64.000	16441.000	1578.250	40.000	0.000	1.000	0.000	0.000
64.000	16443.000	1578.120	40.000	0.000	1.000	0.000	0.000
63.000	16442.000	1578.120	40.000	0.000	1.000	0.000	0.000
65.000	16448.000	1578.250	40.000	0.000	1.000	0.000	0.000
79.000	16443.000	1578.120	40.000	0.000	1.000	0.000	0.000
65.000	16449.000	1578.120	40.000	0.000	1.000	0.000	0.000
63.000	16434.000	1578.120	40.000	0.000	1.000	0.000	0.000
64.000	16431.000	1578.120	40.000	0.000	1.000	0.000	0.000
64.000	16427.000	1578.120	40.000	0.000	1.000	0.000	0.000
64.000	16431.000	1578.250	40.000	0.000	1.000	0.000	0.000
64.000	16434.000	1578.120	40.000	0.000	1.000	0.000	0.000
64.000	16431.000	1578.120	40.000	0.000	1.000	0.000	0.000
64.000	16436.000	1578.120	40.000	0.000	1.000	0.000	0.000
64.000	16428.000	1578.250	40.000	0.000	1.000	0.000	0.000
64.000	16435.000	1578.250	40.000	0.000	1.000	0.000	0.000
64.000	16441.000	1578.120	40.000	0.000	1.000	0.000	0.000
79.000	16440.000	1578.250	40.000	0.000	1.000	0.000	0.000
64.000	16438.000	1578.120	40.000	0.000	1.000	0.000	0.000
64.000	16440.000	1578.250	40.000	0.000	1.000	0.000	0.000
64.000	16445.000	1578.120	40.000	0.000	1.000	0.000	0.000
64.000	16444.000	1578.120	40.000	0.000	1.000	0.000	0.000
64.000	16449.000	1578.120	40.000	0.000	1.000	0.000	0.000
63.000	16445.000	1578.120	40.000	0.000	1.000	0.000	0.000
65.000	16455.000	1578.120	40.000	0.000	1.000	0.000	0.000
64.000	16459.000	1578.250	40.000	0.000	1.000	0.000	0.000
63.000	16463.000	1578.120	40.000	0.000	1.000	0.000	0.000
65.000	16466.000	1578.250	40.000	0.000	1.000	0.000	0.000
64.000	16467.000	1578.120	40.000	0.000	1.000	0.000	0.000
79.000	16459.000	1577.870	40.000	0.000	1.000	0.000	0.000
64.000	16381.000	1576.470	40.000	0.000	1.000	0.000	0.000
64.000	16078.000	1574.810	40.000	0.000	1.000	0.000	0.000
64.000	15457.000	1573.540	40.000	0.000	1.000	0.000	0.000
64.000	15004.000	1572.260	40.000	0.000	1.000	0.000	0.000
64.000	14175.000	1571.630	40.000	0.000	1.000	0.000	0.000
64.000	9244.000	1571.250	40.000	0.000	1.000	0.000	0.000
64.000	8699.000	1571.500	40.000	0.000	1.000	0.000	0.000
64.000	8256.000	1571.370	40.000	0.000	1.000	0.000	0.000
64.000	7980.000	1571.370	40.000	0.000	1.000	0.000	0.000
64.000	7813.000	1571.370	40.000	0.000	1.000	0.000	0.000
64.000	7521.000	1571.370	40.000	0.000	1.000	0.000	0.000
80.000	6856.000	1571.370	40.000	0.000	1.000	0.000	0.000
66.000	6827.000	1571.370	40.000	0.000	1.000	0.000	0.000
61.000	6825.000	1571.370	40.000	0.000	1.000	0.000	0.000
64.000	6847.000	1571.370	40.000	0.000	1.000	0.000	0.000
65.000	6860.000	1571.370	40.000	0.000	1.000	0.000	0.000
63.000	6881.000	1571.370	40.000	0.000	1.000	0.000	0.000
64.000	6891.000	1571.370	40.000	0.000	1.000	0.000	0.000
64.000	6898.000	1571.370	40.000	0.000	1.000	0.000	0.000
64.000	6905.000	1571.370	40.000	0.000	1.000	0.000	0.000
64.000	6903.000	1571.370	40.000	0.000	1.000	0.000	0.000
64.000	6918.000	1571.500	40.000	0.000	1.000	0.000	0.000
80.000	6921.000	1571.370	40.000	0.000	1.000	0.000	0.000
64.000	6931.000	1571.370	40.000	0.000	1.000	0.000	0.000
64.000	6933.000	1571.370	40.000	0.000	1.000	0.000	0.000
64.000	6942.000	1571.370	40.000	0.000	1.000	0.000	0.000
64.000	6945.000	1571.370	40.000	0.000	1.000	0.000	0.000
64.000	6949.000	1571.250	40.000	0.000	1.000	0.000	0.000
63.000	6951.000	1571.370	40.000	0.000	1.000	0.000	0.000
64.000	6959.000	1571.250	40.000	0.000	1.000	0.000	0.000
65.000	6959.000	1571.250	40.000	0.000	1.000	0.000	0.000
63.000	6964.000	1571.250	40.000	0.000	1.000	0.000	0.000
64.000	6972.000	1571.370	40.000	0.000	1.000	0.000	0.000
64.000	6971.000	1571.370	40.000	0.000	1.000	0.000	0.000
80.000	6979.000	1571.370	40.000	0.000	1.000	0.000	0.000
64.000	6978.000	1571.370	40.000	0.000	1.000	0.000	0.000
64.000	6984.000	1571.370	40.000	0.000	1.000	0.000	0.000
64.000	6984.000	1571.250	40.000	0.000	1.000	0.000	0.000
64.000	6986.000	1571.370	40.000	0.000	1.000	0.000	0.000
64.000	6991.000	1571.500	40.000	0.000	1.000	0.000	0.000
64.000	6995.000	1571.370	40.000	0.000	1.000	0.000	0.000
63.000	6990.000	1571.370	40.000	0.000	1.000	0.000	0.000
65.000	6998.000	1571.370	40.000	0.000	1.000	0.000	0.000
63.000	6993.000	1571.250	40.000	0.000	1.000	0.000	0.000
64.000	6995.000	1571.370	40.000	0.000	1.000	0.000	0.000
64.000	7000.000	1571.250	40.000	0.000	1.000	0.000	0.000
80.000	6997.000	1571.370	40.000	0.000	1.000	0.000	0.000
64.000	7001.000	1571.500	40.000	0.000	1.000	0.000	0.000
64.000	7008.000	1571.370	40.000	0.000	1.000	0.000	0.000
64.000	7008.000	1571.370	40.000	0.000	1.000	0.000	0.000
64.000	7009.000	1571.370	40.000	0.000	1.000	0.000	0.000
63.000	7008.000	1571.370	40.000	0.000	1.000	0.000	0.000
65.000	7010.000	1571.370	40.000	0.000	1.000	0.000	0.000
63.000	7012.000	1571.370	40.000	0.000	1.000	0.000	0.000
64.000	7018.000	1571.370	40.000	0.000	1.000	0.000	0.000
65.000	7021.000	1571.500	40.000	0.000	1.000	0.000	0.000
63.000	7024.000	1571.370	40.000	0.000	1.000	0.000	0.000
80.000	7019.000	1571.370	40.000	0.000	1.000	0.000	0.000
64.000	7025.000	1571.370	40.000	0.000	1.000	0.000	0.000
64.000	7022.000	1571.370	40.000	0.000	1.000	0.000	0.000
63.000	7026.000	1571.370	40.000	0.000	1.000	0.000	0.000
65.000	7029.000	1571.500	40.000	0.000	1.000	0.000	0.000
64.000	7032.000	1571.370	40.000	0.000	1.000	0.000	0.000
63.000	7034.000	1571.370	40.000	0.000	1.000	0.000	0.000
64.000	7028.000	1571.370	40.000	0.000	1.000	0.000	0.000
64.000	7038.000	1571.370	40.000	0.000	1.000	0.000	0.000
65.000	7035.000	1571.370	40.000	0.000	1.000	0.000	0.000
63.000	7035.000	1571.370	40.000	0.000	1.000	0.000	0.000
64.000	7037.000	1571.250	40.000	0.000	1.000	0.000	0.000
80.000	7037.000	1571.250	40.000	0.000	1.000	0.000	0.000
64.000	7039.000	1571.370	40.000	0.000	1.000	0.000	0.000
64.000	7043.000	1571.370	40.000	0.000	1.000	0.000	0.000
63.000	7044.000	1571.370	40.000	0.000	1.000	0.000	0.000
65.000	7039.000	1571.370	40.000	0.000	1.000	0.000	0.000
64.000	7049.000	1571.370	40.000	0.000	1.000	0.000	0.000
64.000	7042.000	1571.370	40.000	0.000	1.000	0.000	0.000
64.000	7045.000	1571.370	40.000	0.000	1.000	0.000	0.000
63.000	7050.000	1571.250	40.000	0.000	1.000	0.000	0.000
64.000	7045.000	1571.250	40.000	0.000	1.000	0.000	0.000
64.000	7052.000	1571.370	40.000	0.000	1.000	0.000	0.000
65.000	7047.000	1571.500	40.000	0.000	1.000	0.000	0.000
79.000	7054.000	1571.500	40.000	0.000	1.000	0.000	0.000
64.000	7055.000	1571.370	40.000	0.000	1.000	0.000	0.000
64.000	7050.000	1571.370	40.000	0.000	1.000	0.000	0.000
64.000	7057.000	1571.370	40.000	0.000	1.000	0.000	0.000
63.000	7054.000	1571.370	40.000	0.000	1.000	0.000	0.000
64.000	7050.000	1571.370	40.000	0.000	1.000	0.000	0.000
64.000	7048.000	1571.370	40.000	0.000	1.000	0.000	0.000
65.000	7052.000	1571.370	40.000	0.000	1.000	0.000	0.000
64.000	7061.000	1571.250	40.000	0.000	1.000	0.000	0.000
63.000	7058.000	1571.500	40.000	0.000	1.000	0.000	0.000
