Loop Time (ms)	IR (16 bit)	Force (N)	Force (N)	Color	Speed (mm/s)	Spatial (mm)	Angle (deg)
265.000	5968.000	1568.320	100.000	0.000	1.000	0.000	0.000
3284.000	5968.000	1568.190	100.000	0.000	1.000	0.000	0.000
64.000	5971.000	1568.320	100.000	0.000	1.000	0.000	0.000
64.000	5975.000	1568.320	100.000	0.000	1.000	0.000	0.000
63.000	5971.000	1568.320	100.000	0.000	1.000	0.000	0.000
80.000	5975.000	1568.320	100.000	0.000	1.000	0.000	0.000
65.000	5968.000	1568.320	100.000	0.000	1.000	0.000	0.000
64.000	5972.000	1568.190	100.000	0.000	1.000	0.000	0.000
64.000	5976.000	1568.190	100.000	0.000	1.000	0.000	0.000
64.000	5968.000	1568.320	100.000	0.000	1.000	0.000	0.000
63.000	5972.000	1568.190	100.000	0.000	1.000	0.000	0.000
64.000	5983.000	1568.320	100.000	0.000	1.000	0.000	0.000
64.000	5983.000	1568.320	100.000	0.000	1.000	0.000	0.000
64.000	5973.000	1568.320	100.000	0.000	1.000	0.000	0.000
64.000	5973.000	1568.190	100.000	0.000	1.000	0.000	0.000
64.000	5971.000	1568.320	100.000	0.000	1.000	0.000	0.000
64.000	5976.000	1568.190	100.000	0.000	1.000	0.000	0.000
80.000	5972.000	1568.190	100.000	0.000	1.000	0.000	0.000
63.000	5973.000	1568.320	100.000	0.000	1.000	0.000	0.000
64.000	5975.000	1568.320	100.000	0.000	1.000	0.000	0.000
64.000	5975.000	1568.320	100.000	0.000	1.000	0.000	0.000
65.000	5975.000	1568.320	100.000	0.000	1.000	0.000	0.000
63.000	5976.000	1568.320	100.000	0.000	1.000	0.000	0.000
64.000	5970.000	1568.320	100.000	0.000	1.000	0.000	0.000
64.000	5974.000	1568.320	100.000	0.000	1.000	0.000	0.000
64.000	5978.000	1568.320	100.000	0.000	1.000	0.000	0.000
64.000	5977.000	1568.320	100.000	0.000	1.000	0.000	0.000
64.000	5976.000	1568.320	100.000	0.000	1.000	0.000	0.000
79.000	5977.000	1568.320	100.000	0.000	1.000	0.000	0.000
65.000	5977.000	1568.320	100.000	0.000	1.000	0.000	0.000
64.000	5983.000	1568.190	100.000	0.000	1.000	0.000	0.000
64.000	5986.000	1568.190	100.000	0.000	1.000	0.000	0.000
64.000	5983.000	1568.320	100.000	0.000	1.000	0.000	0.000
63.000	5979.000	1568.190	100.000	0.000	1.000	0.000	0.000
64.000	5978.000	1568.320	100.000	0.000	1.000	0.000	0.000
64.000	5977.000	1568.320	100.000	0.000	1.000	0.000	0.000
64.000	5974.000	1568.320	100.000	0.000	1.000	0.000	0.000
64.000	5983.000	1568.320	100.000	0.000	1.000	0.000	0.000
65.000	5982.000	1568.190	100.000	0.000	1.000	0.000	0.000
64.000	5978.000	1568.320	100.000	0.000	1.000	0.000	0.000
79.000	5980.000	1568.190	100.000	0.000	1.000	0.000	0.000
64.000	5982.000	1568.190	100.000	0.000	1.000	0.000	0.000
65.000	5983.000	1568.320	100.000	0.000	1.000	0.000	0.000
63.000	5981.000	1568.190	100.000	0.000	1.000	0.000	0.000
64.000	5980.000	1568.320	100.000	0.000	1.000	0.000	0.000
63.000	5987.000	1568.320	100.000	0.000	1.000	0.000	0.000
64.000	5977.000	1568.320	100.000	0.000	1.000	0.000	0.000
64.000	5984.000	1568.320	100.000	0.000	1.000	0.000	0.000
64.000	5984.000	1568.190	100.000	0.000	1.000	0.000	0.000
65.000	5989.000	1568.320	100.000	0.000	1.000	0.000	0.000
63.000	5986.000	1568.190	100.000	0.000	1.000	0.000	0.000
64.000	5987.000	1568.320	100.000	0.000	1.000	0.000	0.000
80.000	5987.000	1568.320	100.000	0.000	1.000	0.000	0.000
64.000	5985.000	1568.320	100.000	0.000	1.000	0.000	0.000
64.000	5986.000	1568.190	100.000	0.000	1.000	0.000	0.000
64.000	5994.000	1568.190	100.000	0.000	1.000	0.000	0.000
64.000	5979.000	1568.320	100.000	0.000	1.000	0.000	0.000
64.000	5986.000	1568.190	100.000	0.000	1.000	0.000	0.000
63.000	5984.000	1568.190	100.000	0.000	1.000	0.000	0.000
64.000	5982.000	1568.190	100.000	0.000	1.000	0.000	0.000
64.000	5984.000	1568.190	100.000	0.000	1.000	0.000	0.000
64.000	5989.000	1568.320	100.000	0.000	1.000	0.000	0.000
64.000	5985.000	1568.320	100.000	0.000	1.000	0.000	0.000
80.000	5982.000	1568.190	100.000	0.000	1.000	0.000	0.000
64.000	5992.000	1568.320	100.000	0.000	1.000	0.000	0.000
64.000	5989.000	1568.320	100.000	0.000	1.000	0.000	0.000
64.000	5995.000	1568.190	100.000	0.000	1.000	0.000	0.000
63.000	5990.000	1568.320	100.000	0.000	1.000	0.000	0.000
65.000	5993.000	1568.190	100.000	0.000	1.000	0.000	0.000
64.000	5992.000	1568.320	100.000	0.000	1.000	0.000	0.000
64.000	5997.000	1568.190	100.000	0.000	1.000	0.000	0.000
64.000	5994.000	1568.320	100.000	0.000	1.000	0.000	0.000
63.000	5994.000	1568.190	100.000	0.000	1.000	0.000	0.000
64.000	5996.000	1568.320	100.000	0.000	1.000	0.000	0.000
64.000	5995.000	1568.190	100.000	0.000	1.000	0.000	0.000
80.000	5999.000	1568.190	100.000	0.000	1.000	0.000	0.000
64.000	5991.000	1568.190	100.000	0.000	1.000	0.000	0.000
64.000	5993.000	1568.320	100.000	0.000	1.000	0.000	0.000
64.000	5997.000	1568.320	100.000	0.000	1.000	0.000	0.000
64.000	5999.000	1568.190	100.000	0.000	1.000	0.000	0.000
64.000	6000.000	1568.190	100.000	0.000	1.000	0.000	0.000
64.000	5997.000	1568.190	100.000	0.000	1.000	0.000	0.000
64.000	6001.000	1568.190	100.000	0.000	1.000	0.000	0.000
64.000	6001.000	1568.190	100.000	0.000	1.000	0.000	0.000
64.000	5992.000	1568.320	100.000	0.000	1.000	0.000	0.000
64.000	5999.000	1568.190	100.000	0.000	1.000	0.000	0.000
63.000	6001.000	1568.190	100.000	0.000	1.000	0.000	0.000
81.000	6002.000	1568.190	100.000	0.000	1.000	0.000	0.000
63.000	5999.000	1568.320	100.000	0.000	1.000	0.000	0.000
64.000	5997.000	1568.320	100.000	0.000	1.000	0.000	0.000
64.000	6000.000	1568.320	100.000	0.000	1.000	0.000	0.000
64.000	6000.000	1568.190	100.000	0.000	1.000	0.000	0.000
64.000	5997.000	1568.320	100.000	0.000	1.000	0.000	0.000
64.000	6005.000	1568.320	100.000	0.000	1.000	0.000	0.000
64.000	5996.000	1568.320	100.000	0.000	1.000	0.000	0.000
64.000	6007.000	1568.190	100.000	0.000	1.000	0.000	0.000
64.000	6006.000	1568.190	100.000	0.000	1.000	0.000	0.000
64.000	6006.000	1568.320	100.000	0.000	1.000	0.000	0.000
64.000	6005.000	1568.190	100.000	0.000	1.000	0.000	0.000
80.000	6001.000	1568.320	100.000	0.000	1.000	0.000	0.000
64.000	5999.000	1568.320	100.000	0.000	1.000	0.000	0.000
64.000	6005.000	1568.320	100.000	0.000	1.000	0.000	0.000
63.000	6011.000	1568.320	100.000	0.000	1.000	0.000	0.000
64.000	6004.000	1568.320	100.000	0.000	1.000	0.000	0.000
64.000	6013.000	1568.190	100.000	0.000	1.000	0.000	0.000
64.000	6013.000	1568.320	100.000	0.000	1.000	0.000	0.000
64.000	6002.000	1568.190	100.000	0.000	1.000	0.000	0.000
64.000	6008.000	1568.320	100.000	0.000	1.000	0.000	0.000
64.000	6005.000	1568.320	100.000	0.000	1.000	0.000	0.000
64.000	6008.000	1568.190	100.000	0.000	1.000	0.000	0.000
80.000	6010.000	1568.320	100.000	0.000	1.000	0.000	0.000
64.000	6006.000	1568.320	100.000	0.000	1.000	0.000	0.000
64.000	6008.000	1568.190	100.000	0.000	1.000	0.000	0.000
63.000	6011.000	1568.190	100.000	0.000	1.000	0.000	0.000
64.000	6004.000	1568.190	100.000	0.000	1.000	0.000	0.000
64.000	6015.000	1568.190	100.000	0.000	1.000	0.000	0.000
64.000	6009.000	1568.190	100.000	0.000	1.000	0.000	0.000
64.000	6011.000	1568.320	100.000	0.000	1.000	0.000	0.000
64.000	6008.000	1568.320	100.000	0.000	1.000	0.000	0.000
64.000	6012.000	1568.190	100.000	0.000	1.000	0.000	0.000
64.000	6013.000	1568.320	100.000	0.000	1.000	0.000	0.000
63.000	6011.000	1568.190	100.000	0.000	1.000	0.000	0.000
81.000	6013.000	1568.190	100.000	0.000	1.000	0.000	0.000
64.000	6012.000	1568.190	100.000	0.000	1.000	0.000	0.000
64.000	6008.000	1568.190	100.000	0.000	1.000	0.000	0.000
64.000	6009.000	1568.190	100.000	0.000	1.000	0.000	0.000
64.000	6008.000	1568.190	100.000	0.000	1.000	0.000	0.000
63.000	6017.000	1568.320	100.000	0.000	1.000	0.000	0.000
64.000	6011.000	1568.190	100.000	0.000	1.000	0.000	0.000
64.000	6014.000	1568.190	100.000	0.000	1.000	0.000	0.000
64.000	6015.000	1568.320	100.000	0.000	1.000	0.000	0.000
64.000	6016.000	1568.190	100.000	0.000	1.000	0.000	0.000
64.000	6018.000	1568.320	100.000	0.000	1.000	0.000	0.000
64.000	6011.000	1568.190	100.000	0.000	1.000	0.000	0.000
80.000	6014.000	1568.190	100.000	0.000	1.000	0.000	0.000
64.000	6021.000	1568.190	100.000	0.000	1.000	0.000	0.000
64.000	6010.000	1568.190	100.000	0.000	1.000	0.000	0.000
64.000	6018.000	1568.190	100.000	0.000	1.000	0.000	0.000
64.000	6010.000	1568.320	100.000	0.000	1.000	0.000	0.000
64.000	6018.000	1568.320	100.000	0.000	1.000	0.000	0.000
63.000	6012.000	1568.320	100.000	0.000	1.000	0.000	0.000
65.000	6018.000	1568.320	100.000	0.000	1.000	0.000	0.000
63.000	6018.000	1568.320	100.000	0.000	1.000	0.000	0.000
64.000	6017.000	1568.320	100.000	0.000	1.000	0.000	0.000
64.000	6018.000	1568.190	100.000	0.000	1.000	0.000	0.000
80.000	6023.000	1568.190	100.000	0.000	1.000	0.000	0.000
64.000	6025.000	1568.190	100.000	0.000	1.000	0.000	0.000
64.000	6022.000	1568.320	100.000	0.000	1.000	0.000	0.000
64.000	6022.000	1568.190	100.000	0.000	1.000	0.000	0.000
64.000	6022.000	1568.320	100.000	0.000	1.000	0.000	0.000
64.000	6020.000	1568.320	100.000	0.000	1.000	0.000	0.000
64.000	6017.000	1568.320	100.000	0.000	1.000	0.000	0.000
64.000	6019.000	1568.320	100.000	0.000	1.000	0.000	0.000
63.000	6017.000	1568.320	100.000	0.000	1.000	0.000	0.000
64.000	6019.000	1568.320	100.000	0.000	1.000	0.000	0.000
64.000	6023.000	1568.320	100.000	0.000	1.000	0.000	0.000
64.000	6024.000	1568.190	100.000	0.000	1.000	0.000	0.000
80.000	6016.000	1568.320	100.000	0.000	1.000	0.000	0.000
64.000	6017.000	1568.190	100.000	0.000	1.000	0.000	0.000
64.000	6023.000	1568.190	100.000	0.000	1.000	0.000	0.000
63.000	6017.000	1568.190	100.000	0.000	1.000	0.000	0.000
65.000	6026.000	1568.190	100.000	0.000	1.000	0.000	0.000
64.000	6026.000	1568.320	100.000	0.000	1.000	0.000	0.000
64.000	6022.000	1568.190	100.000	0.000	1.000	0.000	0.000
63.000	6023.000	1568.190	100.000	0.000	1.000	0.000	0.000
64.000	6023.000	1568.320	100.000	0.000	1.000	0.000	0.000
64.000	6026.000	1568.190	100.000	0.000	1.000	0.000	0.000
64.000	6020.000	1568.190	100.000	0.000	1.000	0.000	0.000
64.000	6022.000	1568.190	100.000	0.000	1.000	0.000	0.000
80.000	6023.000	1568.320	100.000	0.000	1.000	0.000	0.000
64.000	6021.000	1568.320	100.000	0.000	1.000	0.000	0.000
64.000	6025.000	1568.320	100.000	0.000	1.000	0.000	0.000
64.000	6017.000	1568.190	100.000	0.000	1.000	0.000	0.000
63.000	6027.000	1568.190	100.000	0.000	1.000	0.000	0.000
65.000	6026.000	1568.320	100.000	0.000	1.000	0.000	0.000
63.000	6027.000	1568.320	100.000	0.000	1.000	0.000	0.000
65.000	6032.000	1568.320	100.000	0.000	1.000	0.000	0.000
64.000	6028.000	1568.320	100.000	0.000	1.000	0.000	0.000
64.000	6029.000	1568.190	100.000	0.000	1.000	0.000	0.000
63.000	6028.000	1568.320	100.000	0.000	1.000	0.000	0.000
80.000	6024.000	1568.190	100.000	0.000	1.000	0.000	0.000
64.000	6023.000	1568.190	100.000	0.000	1.000	0.000	0.000
64.000	6025.000	1568.320	100.000	0.000	1.000	0.000	0.000
64.000	6024.000	1568.320	100.000	0.000	1.000	0.000	0.000
64.000	6025.000	1568.190	100.000	0.000	1.000	0.000	0.000
64.000	6029.000	1568.190	100.000	0.000	1.000	0.000	0.000
64.000	6037.000	1568.320	100.000	0.000	1.000	0.000	0.000
63.000	6027.000	1568.190	100.000	0.000	1.000	0.000	0.000
64.000	6026.000	1568.320	100.000	0.000	1.000	0.000	0.000
65.000	6035.000	1568.440	100.000	0.000	1.000	0.000	0.000
63.000	6031.000	1568.320	100.000	0.000	1.000	0.000	0.000
64.000	6034.000	1568.320	100.000	0.000	1.000	0.000	0.000
81.000	6036.000	1568.190	100.000	0.000	1.000	0.000	0.000
64.000	6030.000	1568.190	100.000	0.000	1.000	0.000	0.000
64.000	6032.000	1568.320	100.000	0.000	1.000	0.000	0.000
63.000	6028.000	1568.320	100.000	0.000	1.000	0.000	0.000
63.000	6035.000	1568.190	100.000	0.000	1.000	0.000	0.000
65.000	6028.000	1568.320	100.000	0.000	1.000	0.000	0.000
64.000	6028.000	1568.320	100.000	0.000	1.000	0.000	0.000
64.000	6031.000	1568.320	100.000	0.000	1.000	0.000	0.000
64.000	6034.000	1568.190	100.000	0.000	1.000	0.000	0.000
64.000	6034.000	1568.320	100.000	0.000	1.000	0.000	0.000
64.000	6033.000	1568.320	100.000	0.000	1.000	0.000	0.000
64.000	6029.000	1568.320	100.000	0.000	1.000	0.000	0.000
80.000	6032.000	1568.320	100.000	0.000	1.000	0.000	0.000
64.000	6035.000	1568.190	100.000	0.000	1.000	0.000	0.000
63.000	6030.000	1568.440	100.000	0.000	1.000	0.000	0.000
64.000	6030.000	1568.190	100.000	0.000	1.000	0.000	0.000
64.000	6035.000	1568.320	100.000	0.000	1.000	0.000	0.000
64.000	6032.000	1568.190	100.000	0.000	1.000	0.000	0.000
64.000	6037.000	1568.320	100.000	0.000	1.000	0.000	0.000
63.000	6035.000	1568.320	100.000	0.000	1.000	0.000	0.000
65.000	6033.000	1568.320	100.000	0.000	1.000	0.000	0.000
64.000	6040.000	1568.320	100.000	0.000	1.000	0.000	0.000
64.000	6037.000	1568.190	100.000	0.000	1.000	0.000	0.000
64.000	6037.000	1568.320	100.000	0.000	1.000	0.000	0.000
80.000	6034.000	1568.320	100.000	0.000	1.000	0.000	0.000
64.000	6034.000	1568.320	100.000	0.000	1.000	0.000	0.000
63.000	6036.000	1568.190	100.000	0.000	1.000	0.000	0.000
65.000	6033.000	1568.320	100.000	0.000	1.000	0.000	0.000
64.000	6038.000	1568.320	100.000	0.000	1.000	0.000	0.000
64.000	6042.000	1568.320	100.000	0.000	1.000	0.000	0.000
63.000	6037.000	1568.320	100.000	0.000	1.000	0.000	0.000
64.000	6035.000	1568.320	100.000	0.000	1.000	0.000	0.000
64.000	6036.000	1568.320	100.000	0.000	1.000	0.000	0.000
64.000	6034.000	1568.320	100.000	0.000	1.000	0.000	0.000
64.000	6040.000	1568.190	100.000	0.000	1.000	0.000	0.000
80.000	6041.000	1568.320	100.000	0.000	1.000	0.000	0.000
63.000	6041.000	1568.320	100.000	0.000	1.000	0.000	0.000
65.000	6042.000	1568.320	100.000	0.000	1.000	0.000	0.000
63.000	6039.000	1568.320	100.000	0.000	1.000	0.000	0.000
64.000	6044.000	1568.320	100.000	0.000	1.000	0.000	0.000
65.000	6044.000	1568.320	100.000	0.000	1.000	0.000	0.000
63.000	6039.000	1568.320	100.000	0.000	1.000	0.000	0.000
64.000	6041.000	1568.320	100.000	0.000	1.000	0.000	0.000
65.000	6046.000	1568.320	100.000	0.000	1.000	0.000	0.000
63.000	6043.000	1568.320	100.000	0.000	1.000	0.000	0.000
64.000	6040.000	1568.320	100.000	0.000	1.000	0.000	0.000
64.000	6043.000	1568.190	100.000	0.000	1.000	0.000	0.000
79.000	6041.000	1568.320	100.000	0.000	1.000	0.000	0.000
64.000	6040.000	1568.190	100.000	0.000	1.000	0.000	0.000
64.000	6040.000	1568.320	100.000	0.000	1.000	0.000	0.000
64.000	6042.000	1568.320	100.000	0.000	1.000	0.000	0.000
64.000	6041.000	1568.320	100.000	0.000	1.000	0.000	0.000
64.000	6041.000	1568.320	100.000	0.000	1.000	0.000	0.000
64.000	6043.000	1568.320	100.000	0.000	1.000	0.000	0.000
64.000	6050.000	1568.320	100.000	0.000	1.000	0.000	0.000
64.000	6044.000	1568.320	100.000	0.000	1.000	0.000	0.000
64.000	6045.000	1568.320	100.000	0.000	1.000	0.000	0.000
64.000	6042.000	1568.320	100.000	0.000	1.000	0.000	0.000
64.000	6045.000	1568.320	100.000	0.000	1.000	0.000	0.000
80.000	6050.000	1568.320	100.000	0.000	1.000	0.000	0.000
63.000	6042.000	1568.320	100.000	0.000	1.000	0.000	0.000
65.000	6048.000	1568.190	100.000	0.000	1.000	0.000	0.000
63.000	6051.000	1568.320	100.000	0.000	1.000	0.000	0.000
65.000	6050.000	1568.320	100.000	0.000	1.000	0.000	0.000
64.000	6050.000	1568.320	100.000	0.000	1.000	0.000	0.000
63.000	6051.000	1568.320	100.000	0.000	1.000	0.000	0.000
64.000	6043.000	1568.320	100.000	0.000	1.000	0.000	0.000
64.000	6042.000	1568.190	100.000	0.000	1.000	0.000	0.000
64.000	6047.000	1568.320	100.000	0.000	1.000	0.000	0.000
64.000	6046.000	1568.320	100.000	0.000	1.000	0.000	0.000
80.000	6046.000	1568.320	100.000	0.000	1.000	0.000	0.000
64.000	6049.000	1568.320	100.000	0.000	1.000	0.000	0.000
64.000	6051.000	1568.320	100.000	0.000	1.000	0.000	0.000
64.000	6051.000	1568.190	100.000	0.000	1.000	0.000	0.000
63.000	6056.000	1568.320	100.000	0.000	1.000	0.000	0.000
64.000	6058.000	1568.190	100.000	0.000	1.000	0.000	0.000
65.000	6067.000	1568.320	100.000	0.000	1.000	0.000	0.000
63.000	6071.000	1568.320	100.000	0.000	1.000	0.000	0.000
65.000	6079.000	1568.320	100.000	0.000	1.000	0.000	0.000
63.000	6090.000	1568.320	100.000	0.000	1.000	0.000	0.000
64.000	6092.000	1568.320	100.000	0.000	1.000	0.000	0.000
64.000	6095.000	1568.320	100.000	0.000	1.000	0.000	0.000
81.000	6102.000	1568.320	100.000	0.000	1.000	0.000	0.000
63.000	6107.000	1568.320	100.000	0.000	1.000	0.000	0.000
64.000	6116.000	1568.190	100.000	0.000	1.000	0.000	0.000
64.000	6124.000	1568.320	100.000	0.000	1.000	0.000	0.000
64.000	6131.000	1568.190	100.000	0.000	1.000	0.000	0.000
63.000	6128.000	1568.320	100.000	0.000	1.000	0.000	0.000
65.000	6141.000	1568.440	100.000	0.000	1.000	0.000	0.000
64.000	6152.000	1568.190	100.000	0.000	1.000	0.000	0.000
63.000	6155.000	1568.320	100.000	0.000	1.000	0.000	0.000
65.000	6166.000	1568.320	100.000	0.000	1.000	0.000	0.000
64.000	6171.000	1568.440	100.000	0.000	1.000	0.000	0.000
63.000	6183.000	1568.190	100.000	0.000	1.000	0.000	0.000
80.000	6186.000	1568.320	100.000	0.000	1.000	0.000	0.000
64.000	6194.000	1568.440	100.000	0.000	1.000	0.000	0.000
64.000	6206.000	1568.190	100.000	0.000	1.000	0.000	0.000
64.000	6214.000	1568.320	100.000	0.000	1.000	0.000	0.000
64.000	6226.000	1568.320	100.000	0.000	1.000	0.000	0.000
64.000	6238.000	1568.320	100.000	0.000	1.000	0.000	0.000
64.000	6246.000	1568.190	100.000	0.000	1.000	0.000	0.000
64.000	6256.000	1568.190	100.000	0.000	1.000	0.000	0.000
64.000	6274.000	1568.320	100.000	0.000	1.000	0.000	0.000
63.000	6283.000	1568.320	100.000	0.000	1.000	0.000	0.000
65.000	6289.000	1568.320	100.000	0.000	1.000	0.000	0.000
80.000	6298.000	1568.320	100.000	0.000	1.000	0.000	0.000
63.000	6312.000	1568.440	100.000	0.000	1.000	0.000	0.000
64.000	6324.000	1568.320	100.000	0.000	1.000	0.000	0.000
64.000	6340.000	1568.440	100.000	0.000	1.000	0.000	0.000
64.000	6354.000	1568.320	100.000	0.000	1.000	0.000	0.000
64.000	6364.000	1568.320	100.000	0.000	1.000	0.000	0.000
64.000	6377.000	1568.320	100.000	0.000	1.000	0.000	0.000
63.000	6392.000	1568.320	100.000	0.000	1.000	0.000	0.000
65.000	6403.000	1568.320	100.000	0.000	1.000	0.000	0.000
64.000	6430.000	1568.190	100.000	0.000	1.000	0.000	0.000
64.000	6444.000	1568.320	100.000	0.000	1.000	0.000	0.000
64.000	6454.000	1568.320	100.000	0.000	1.000	0.000	0.000
80.000	6476.000	1568.190	100.000	0.000	1.000	0.000	0.000
64.000	6495.000	1568.320	100.000	0.000	1.000	0.000	0.000
63.000	6517.000	1568.320	100.000	0.000	1.000	0.000	0.000
64.000	6530.000	1568.190	100.000	0.000	1.000	0.000	0.000
64.000	6551.000	1568.320	100.000	0.000	1.000	0.000	0.000
64.000	6571.000	1568.320	100.000	0.000	1.000	0.000	0.000
64.000	6596.000	1568.190	100.000	0.000	1.000	0.000	0.000
64.000	6620.000	1568.440	100.000	0.000	1.000	0.000	0.000
64.000	6648.000	1568.320	100.000	0.000	1.000	0.000	0.000
63.000	6673.000	1568.440	100.000	0.000	1.000	0.000	0.000
65.000	6691.000	1568.320	100.000	0.000	1.000	0.000	0.000
64.000	6717.000	1568.190	100.000	0.000	1.000	0.000	0.000
79.000	6749.000	1568.190	100.000	0.000	1.000	0.000	0.000
65.000	6780.000	1568.320	100.000	0.000	1.000	0.000	0.000
63.000	6807.000	1568.320	100.000	0.000	1.000	0.000	0.000
64.000	6839.000	1568.320	100.000	0.000	1.000	0.000	0.000
64.000	6871.000	1568.190	100.000	0.000	1.000	0.000	0.000
64.000	6906.000	1568.320	100.000	0.000	1.000	0.000	0.000
64.000	6944.000	1568.190	100.000	0.000	1.000	0.000	0.000
64.000	6979.000	1568.320	100.000	0.000	1.000	0.000	0.000
64.000	7029.000	1568.190	100.000	0.000	1.000	0.000	0.000
64.000	7078.000	1568.190	100.000	0.000	1.000	0.000	0.000
63.000	7132.000	1568.320	100.000	0.000	1.000	0.000	0.000
80.000	7177.000	1568.320	100.000	0.000	1.000	0.000	0.000
65.000	7252.000	1568.320	100.000	0.000	1.000	0.000	0.000
63.000	7343.000	1568.320	100.000	0.000	1.000	0.000	0.000
64.000	7783.000	1568.320	100.000	0.000	1.000	0.000	0.000
64.000	8135.000	1568.320	100.000	0.000	1.000	0.000	0.000
64.000	8463.000	1568.440	100.000	0.000	1.000	0.000	0.000
64.000	9008.000	1568.440	100.000	0.000	1.000	0.000	0.000
64.000	9410.000	1568.440	100.000	0.000	1.000	0.000	0.000
64.000	9730.000	1568.700	100.000	0.000	1.000	0.000	0.000
64.000	9975.000	1568.570	100.000	0.000	1.000	0.000	0.000
64.000	10089.000	1568.830	100.000	0.000	1.000	0.000	0.000
64.000	10192.000	1569.210	100.000	0.000	1.000	0.000	0.000
80.000	10305.000	1569.970	100.000	0.000	1.000	0.000	0.000
63.000	10396.000	1570.100	100.000	0.000	1.000	0.000	0.000
65.000	10483.000	1570.480	100.000	0.000	1.000	0.000	0.000
64.000	10554.000	1570.480	100.000	0.000	1.000	0.000	0.000
63.000	10619.000	1570.610	100.000	0.000	1.000	0.000	0.000
64.000	10672.000	1570.860	100.000	0.000	1.000	0.000	0.000
65.000	10714.000	1570.990	100.000	0.000	1.000	0.000	0.000
63.000	10765.000	1571.120	100.000	0.000	1.000	0.000	0.000
64.000	10800.000	1571.370	100.000	0.000	1.000	0.000	0.000
64.000	10859.000	1571.500	100.000	0.000	1.000	0.000	0.000
64.000	10900.000	1571.630	100.000	0.000	1.000	0.000	0.000
64.000	10958.000	1571.880	100.000	0.000	1.000	0.000	0.000
80.000	11089.000	1571.880	100.000	0.000	1.000	0.000	0.000
64.000	11161.000	1572.140	100.000	0.000	1.000	0.000	0.000
63.000	11258.000	1572.390	100.000	0.000	1.000	0.000	0.000
64.000	11360.000	1572.520	100.000	0.000	1.000	0.000	0.000
64.000	11481.000	1572.770	100.000	0.000	1.000	0.000	0.000
64.000	11640.000	1573.030	100.000	0.000	1.000	0.000	0.000
64.000	11842.000	1573.160	100.000	0.000	1.000	0.000	0.000
64.000	12115.000	1573.540	100.000	0.000	1.000	0.000	0.000
64.000	12426.000	1573.670	100.000	0.000	1.000	0.000	0.000
64.000	12778.000	1574.050	100.000	0.000	1.000	0.000	0.000
64.000	13162.000	1574.170	100.000	0.000	1.000	0.000	0.000
80.000	13552.000	1574.430	100.000	0.000	1.000	0.000	0.000
64.000	13943.000	1574.560	100.000	0.000	1.000	0.000	0.000
64.000	14319.000	1574.810	100.000	0.000	1.000	0.000	0.000
63.000	14619.000	1575.070	100.000	0.000	1.000	0.000	0.000
64.000	14901.000	1575.320	100.000	0.000	1.000	0.000	0.000
65.000	15092.000	1575.580	100.000	0.000	1.000	0.000	0.000
63.000	15245.000	1575.830	100.000	0.000	1.000	0.000	0.000
65.000	15370.000	1575.960	100.000	0.000	1.000	0.000	0.000
64.000	15484.000	1576.080	100.000	0.000	1.000	0.000	0.000
64.000	15661.000	1576.470	100.000	0.000	1.000	0.000	0.000
63.000	15848.000	1576.590	100.000	0.000	1.000	0.000	0.000
64.000	16014.000	1576.980	100.000	0.000	1.000	0.000	0.000
80.000	16158.000	1577.360	100.000	0.000	1.000	0.000	0.000
64.000	16215.000	1577.870	100.000	0.000	1.000	0.000	0.000
64.000	16353.000	1578.250	100.000	0.000	1.000	0.000	0.000
63.000	16305.000	1578.760	100.000	0.000	1.000	0.000	0.000
65.000	16235.000	1579.140	100.000	0.000	1.000	0.000	0.000
64.000	16185.000	1579.780	100.000	0.000	1.000	0.000	0.000
64.000	16028.000	1580.290	100.000	0.000	1.000	0.000	0.000
63.000	15779.000	1580.920	100.000	0.000	1.000	0.000	0.000
65.000	15454.000	1581.820	100.000	0.000	1.000	0.000	0.000
64.000	15044.000	1582.580	100.000	0.000	1.000	0.000	0.000
63.000	14507.000	1583.600	100.000	0.000	1.000	0.000	0.000
65.000	13875.000	1584.870	100.000	0.000	1.000	0.000	0.000
79.000	13161.000	1586.140	100.000	0.000	1.000	0.000	0.000
64.000	12365.000	1587.800	100.000	0.000	1.000	0.000	0.000
64.000	11510.000	1590.090	100.000	0.000	1.000	0.000	0.000
64.000	11093.000	1589.840	100.000	0.000	1.000	0.000	0.000
64.000	10999.000	1589.460	100.000	0.000	1.000	0.000	0.000
64.000	10932.000	1589.330	100.000	0.000	1.000	0.000	0.000
64.000	10859.000	1589.200	100.000	0.000	1.000	0.000	0.000
64.000	10801.000	1589.070	100.000	0.000	1.000	0.000	0.000
63.000	10785.000	1588.950	100.000	0.000	1.000	0.000	0.000
64.000	10763.000	1588.950	100.000	0.000	1.000	0.000	0.000
65.000	10746.000	1588.820	100.000	0.000	1.000	0.000	0.000
64.000	10711.000	1588.690	100.000	0.000	1.000	0.000	0.000
80.000	10700.000	1588.690	100.000	0.000	1.000	0.000	0.000
63.000	10674.000	1588.690	100.000	0.000	1.000	0.000	0.000
64.000	10676.000	1588.560	100.000	0.000	1.000	0.000	0.000
64.000	10664.000	1588.560	100.000	0.000	1.000	0.000	0.000
64.000	10664.000	1588.440	100.000	0.000	1.000	0.000	0.000
64.000	10648.000	1588.560	100.000	0.000	1.000	0.000	0.000
63.000	10642.000	1588.560	100.000	0.000	1.000	0.000	0.000
65.000	10627.000	1588.560	100.000	0.000	1.000	0.000	0.000
64.000	10608.000	1588.440	100.000	0.000	1.000	0.000	0.000
64.000	10597.000	1588.440	100.000	0.000	1.000	0.000	0.000
64.000	10597.000	1588.310	100.000	0.000	1.000	0.000	0.000
80.000	10599.000	1588.440	100.000	0.000	1.000	0.000	0.000
63.000	10594.000	1588.310	100.000	0.000	1.000	0.000	0.000
65.000	10587.000	1588.310	100.000	0.000	1.000	0.000	0.000
64.000	10585.000	1588.440	100.000	0.000	1.000	0.000	0.000
63.000	10576.000	1588.310	100.000	0.000	1.000	0.000	0.000
64.000	10579.000	1588.180	100.000	0.000	1.000	0.000	0.000
64.000	10571.000	1588.180	100.000	0.000	1.000	0.000	0.000
64.000	10570.000	1588.310	100.000	0.000	1.000	0.000	0.000
64.000	10569.000	1588.180	100.000	0.000	1.000	0.000	0.000
64.000	10553.000	1588.180	100.000	0.000	1.000	0.000	0.000
64.000	10551.000	1588.180	100.000	0.000	1.000	0.000	0.000
64.000	10553.000	1588.050	100.000	0.000	1.000	0.000	0.000
79.000	10540.000	1588.180	100.000	0.000	1.000	0.000	0.000
65.000	10516.000	1588.180	100.000	0.000	1.000	0.000	0.000
64.000	10510.000	1588.180	100.000	0.000	1.000	0.000	0.000
63.000	10512.000	1588.050	100.000	0.000	1.000	0.000	0.000
64.000	10516.000	1588.050	100.000	0.000	1.000	0.000	0.000
64.000	10507.000	1588.050	100.000	0.000	1.000	0.000	0.000
65.000	10506.000	1588.050	100.000	0.000	1.000	0.000	0.000
62.000	10503.000	1588.050	100.000	0.000	1.000	0.000	0.000
65.000	10501.000	1587.930	100.000	0.000	1.000	0.000	0.000
63.000	10500.000	1588.050	100.000	0.000	1.000	0.000	0.000
64.000	10498.000	1587.930	100.000	0.000	1.000	0.000	0.000
64.000	10502.000	1588.050	100.000	0.000	1.000	0.000	0.000
80.000	10498.000	1587.930	100.000	0.000	1.000	0.000	0.000
65.000	10487.000	1587.930	100.000	0.000	1.000	0.000	0.000
63.000	10481.000	1587.930	100.000	0.000	1.000	0.000	0.000
64.000	10482.000	1587.930	100.000	0.000	1.000	0.000	0.000
64.000	10483.000	1587.930	100.000	0.000	1.000	0.000	0.000
64.000	10483.000	1587.930	100.000	0.000	1.000	0.000	0.000
64.000	10482.000	1587.930	100.000	0.000	1.000	0.000	0.000
64.000	10478.000	1587.930	100.000	0.000	1.000	0.000	0.000
63.000	10474.000	1587.800	100.000	0.000	1.000	0.000	0.000
65.000	10469.000	1587.930	100.000	0.000	1.000	0.000	0.000
64.000	10470.000	1587.800	100.000	0.000	1.000	0.000	0.000
79.000	10465.000	1587.930	100.000	0.000	1.000	0.000	0.000
65.000	10465.000	1587.930	100.000	0.000	1.000	0.000	0.000
64.000	10457.000	1587.930	100.000	0.000	1.000	0.000	0.000
64.000	10458.000	1587.930	100.000	0.000	1.000	0.000	0.000
63.000	10448.000	1587.800	100.000	0.000	1.000	0.000	0.000
64.000	10444.000	1587.930	100.000	0.000	1.000	0.000	0.000
64.000	10445.000	1587.800	100.000	0.000	1.000	0.000	0.000
64.000	10445.000	1587.800	100.000	0.000	1.000	0.000	0.000
64.000	10441.000	1587.800	100.000	0.000	1.000	0.000	0.000
64.000	10438.000	1587.800	100.000	0.000	1.000	0.000	0.000
64.000	10438.000	1587.800	100.000	0.000	1.000	0.000	0.000
64.000	10434.000	1587.800	100.000	0.000	1.000	0.000	0.000
80.000	10429.000	1587.670	100.000	0.000	1.000	0.000	0.000
63.000	10434.000	1587.670	100.000	0.000	1.000	0.000	0.000
65.000	10431.000	1587.670	100.000	0.000	1.000	0.000	0.000
64.000	10427.000	1587.670	100.000	0.000	1.000	0.000	0.000
64.000	10432.000	1587.800	100.000	0.000	1.000	0.000	0.000
63.000	10426.000	1587.800	100.000	0.000	1.000	0.000	0.000
65.000	10424.000	1587.800	100.000	0.000	1.000	0.000	0.000
63.000	10426.000	1587.670	100.000	0.000	1.000	0.000	0.000
64.000	10430.000	1587.800	100.000	0.000	1.000	0.000	0.000
64.000	10428.000	1587.670	100.000	0.000	1.000	0.000	0.000
64.000	10427.000	1587.800	100.000	0.000	1.000	0.000	0.000
63.000	10423.000	1587.670	100.000	0.000	1.000	0.000	0.000
81.000	10425.000	1587.800	100.000	0.000	1.000	0.000	0.000
64.000	10423.000	1587.800	100.000	0.000	1.000	0.000	0.000
63.000	10419.000	1587.670	100.000	0.000	1.000	0.000	0.000
65.000	10414.000	1587.800	100.000	0.000	1.000	0.000	0.000
63.000	10410.000	1587.670	100.000	0.000	1.000	0.000	0.000
65.000	10402.000	1587.670	100.000	0.000	1.000	0.000	0.000
64.000	10396.000	1587.670	100.000	0.000	1.000	0.000	0.000
63.000	10401.000	1587.670	100.000	0.000	1.000	0.000	0.000
64.000	10394.000	1587.670	100.000	0.000	1.000	0.000	0.000
64.000	10386.000	1587.670	100.000	0.000	1.000	0.000	0.000
65.000	10380.000	1587.550	100.000	0.000	1.000	0.000	0.000
79.000	10376.000	1587.800	100.000	0.000	1.000	0.000	0.000
64.000	10381.000	1587.550	100.000	0.000	1.000	0.000	0.000
64.000	10375.000	1587.670	100.000	0.000	1.000	0.000	0.000
64.000	10375.000	1587.670	100.000	0.000	1.000	0.000	0.000
64.000	10369.000	1587.800	100.000	0.000	1.000	0.000	0.000
64.000	10366.000	1587.670	100.000	0.000	1.000	0.000	0.000
64.000	10366.000	1587.670	100.000	0.000	1.000	0.000	0.000
63.000	10371.000	1587.670	100.000	0.000	1.000	0.000	0.000
65.000	10374.000	1587.670	100.000	0.000	1.000	0.000	0.000
63.000	10368.000	1587.670	100.000	0.000	1.000	0.000	0.000
65.000	10369.000	1587.550	100.000	0.000	1.000	0.000	0.000
63.000	10365.000	1587.670	100.000	0.000	1.000	0.000	0.000
81.000	10367.000	1587.670	100.000	0.000	1.000	0.000	0.000
63.000	10372.000	1587.670	100.000	0.000	1.000	0.000	0.000
64.000	10366.000	1587.550	100.000	0.000	1.000	0.000	0.000
64.000	10367.000	1587.670	100.000	0.000	1.000	0.000	0.000
64.000	10369.000	1587.550	100.000	0.000	1.000	0.000	0.000
64.000	10375.000	1587.550	100.000	0.000	1.000	0.000	0.000
64.000	10369.000	1587.550	100.000	0.000	1.000	0.000	0.000
64.000	10374.000	1587.550	100.000	0.000	1.000	0.000	0.000
64.000	10368.000	1587.550	100.000	0.000	1.000	0.000	0.000
63.000	10374.000	1587.550	100.000	0.000	1.000	0.000	0.000
64.000	10369.000	1587.670	100.000	0.000	1.000	0.000	0.000
64.000	10377.000	1587.550	100.000	0.000	1.000	0.000	0.000
80.000	10369.000	1587.550	100.000	0.000	1.000	0.000	0.000
64.000	10370.000	1587.550	100.000	0.000	1.000	0.000	0.000
64.000	10372.000	1587.550	100.000	0.000	1.000	0.000	0.000
64.000	10378.000	1587.550	100.000	0.000	1.000	0.000	0.000
64.000	10371.000	1587.550	100.000	0.000	1.000	0.000	0.000
64.000	10369.000	1587.670	100.000	0.000	1.000	0.000	0.000
64.000	10366.000	1587.670	100.000	0.000	1.000	0.000	0.000
63.000	10364.000	1587.550	100.000	0.000	1.000	0.000	0.000
64.000	10362.000	1587.550	100.000	0.000	1.000	0.000	0.000
65.000	10359.000	1587.550	100.000	0.000	1.000	0.000	0.000
63.000	10358.000	1587.550	100.000	0.000	1.000	0.000	0.000
80.000	10353.000	1587.550	100.000	0.000	1.000	0.000	0.000
64.000	10355.000	1587.550	100.000	0.000	1.000	0.000	0.000
64.000	10357.000	1587.550	100.000	0.000	1.000	0.000	0.000
65.000	10352.000	1587.420	100.000	0.000	1.000	0.000	0.000
63.000	10352.000	1587.420	100.000	0.000	1.000	0.000	0.000
64.000	10346.000	1587.420	100.000	0.000	1.000	0.000	0.000
64.000	10344.000	1587.550	100.000	0.000	1.000	0.000	0.000
64.000	10346.000	1587.420	100.000	0.000	1.000	0.000	0.000
64.000	10342.000	1587.550	100.000	0.000	1.000	0.000	0.000
64.000	10344.000	1587.550	100.000	0.000	1.000	0.000	0.000
63.000	10341.000	1587.420	100.000	0.000	1.000	0.000	0.000
65.000	10340.000	1587.550	100.000	0.000	1.000	0.000	0.000
79.000	10333.000	1587.420	100.000	0.000	1.000	0.000	0.000
65.000	10334.000	1587.420	100.000	0.000	1.000	0.000	0.000
63.000	10334.000	1587.550	100.000	0.000	1.000	0.000	0.000
64.000	10333.000	1587.550	100.000	0.000	1.000	0.000	0.000
64.000	10332.000	1587.420	100.000	0.000	1.000	0.000	0.000
64.000	10331.000	1587.420	100.000	0.000	1.000	0.000	0.000
64.000	10332.000	1587.420	100.000	0.000	1.000	0.000	0.000
64.000	10333.000	1587.420	100.000	0.000	1.000	0.000	0.000
63.000	10328.000	1587.420	100.000	0.000	1.000	0.000	0.000
65.000	10331.000	1587.550	100.000	0.000	1.000	0.000	0.000
63.000	10329.000	1587.420	100.000	0.000	1.000	0.000	0.000
64.000	10324.000	1587.420	100.000	0.000	1.000	0.000	0.000
81.000	10422.000	1586.400	100.000	0.000	1.000	0.000	0.000
64.000	11452.000	1580.540	100.000	0.000	1.000	0.000	0.000
63.000	13863.000	1575.580	100.000	0.000	1.000	0.000	0.000
64.000	16084.000	1572.770	100.000	0.000	1.000	0.000	0.000
64.000	16298.000	1570.740	100.000	0.000	1.000	0.000	0.000
64.000	13659.000	1569.340	100.000	0.000	1.000	0.000	0.000
65.000	11733.000	1568.950	100.000	0.000	1.000	0.000	0.000
63.000	6878.000	1568.440	100.000	0.000	1.000	0.000	0.000
64.000	6577.000	1568.060	100.000	0.000	1.000	0.000	0.000
63.000	6122.000	1568.060	100.000	0.000	1.000	0.000	0.000
65.000	5875.000	1568.060	100.000	0.000	1.000	0.000	0.000
64.000	5749.000	1567.930	100.000	0.000	1.000	0.000	0.000
80.000	5664.000	1568.060	100.000	0.000	1.000	0.000	0.000
63.000	5612.000	1568.060	100.000	0.000	1.000	0.000	0.000
65.000	5574.000	1568.060	100.000	0.000	1.000	0.000	0.000
63.000	5553.000	1568.060	100.000	0.000	1.000	0.000	0.000
64.000	5542.000	1568.060	100.000	0.000	1.000	0.000	0.000
64.000	5549.000	1568.190	100.000	0.000	1.000	0.000	0.000
65.000	5559.000	1568.190	100.000	0.000	1.000	0.000	0.000
63.000	5560.000	1568.060	100.000	0.000	1.000	0.000	0.000
64.000	5563.000	1568.060	100.000	0.000	1.000	0.000	0.000
64.000	5569.000	1568.060	100.000	0.000	1.000	0.000	0.000
64.000	5572.000	1568.190	100.000	0.000	1.000	0.000	0.000
80.000	5576.000	1568.190	100.000	0.000	1.000	0.000	0.000
63.000	5574.000	1568.060	100.000	0.000	1.000	0.000	0.000
65.000	5579.000	1568.060	100.000	0.000	1.000	0.000	0.000
63.000	5582.000	1568.190	100.000	0.000	1.000	0.000	0.000
65.000	5590.000	1568.060	100.000	0.000	1.000	0.000	0.000
64.000	5586.000	1568.060	100.000	0.000	1.000	0.000	0.000
64.000	5587.000	1568.190	100.000	0.000	1.000	0.000	0.000
63.000	5591.000	1568.190	100.000	0.000	1.000	0.000	0.000
64.000	5596.000	1568.060	100.000	0.000	1.000	0.000	0.000
64.000	5595.000	1568.060	100.000	0.000	1.000	0.000	0.000
64.000	5600.000	1568.060	100.000	0.000	1.000	0.000	0.000
64.000	5604.000	1568.190	100.000	0.000	1.000	0.000	0.000
80.000	5607.000	1568.190	100.000	0.000	1.000	0.000	0.000
64.000	5609.000	1568.190	100.000	0.000	1.000	0.000	0.000
64.000	5614.000	1568.190	100.000	0.000	1.000	0.000	0.000
64.000	5613.000	1568.190	100.000	0.000	1.000	0.000	0.000
63.000	5616.000	1568.060	100.000	0.000	1.000	0.000	0.000
65.000	5619.000	1568.190	100.000	0.000	1.000	0.000	0.000
63.000	5619.000	1568.060	100.000	0.000	1.000	0.000	0.000
64.000	5620.000	1568.060	100.000	0.000	1.000	0.000	0.000
64.000	5627.000	1568.190	100.000	0.000	1.000	0.000	0.000
64.000	5628.000	1568.190	100.000	0.000	1.000	0.000	0.000
64.000	5628.000	1568.190	100.000	0.000	1.000	0.000	0.000
63.000	5628.000	1568.190	100.000	0.000	1.000	0.000	0.000
81.000	5631.000	1568.190	100.000	0.000	1.000	0.000	0.000
64.000	5635.000	1568.190	100.000	0.000	1.000	0.000	0.000
64.000	5638.000	1568.060	100.000	0.000	1.000	0.000	0.000
64.000	5639.000	1568.060	100.000	0.000	1.000	0.000	0.000
63.000	5636.000	1568.190	100.000	0.000	1.000	0.000	0.000
64.000	5648.000	1568.190	100.000	0.000	1.000	0.000	0.000
64.000	5642.000	1568.060	100.000	0.000	1.000	0.000	0.000
64.000	5645.000	1568.060	100.000	0.000	1.000	0.000	0.000
64.000	5642.000	1568.060	100.000	0.000	1.000	0.000	0.000
64.000	5649.000	1568.190	100.000	0.000	1.000	0.000	0.000
64.000	5648.000	1568.060	100.000	0.000	1.000	0.000	0.000
80.000	5654.000	1568.190	100.000	0.000	1.000	0.000	0.000
64.000	5658.000	1568.190	100.000	0.000	1.000	0.000	0.000
64.000	5657.000	1568.190	100.000	0.000	1.000	0.000	0.000
65.000	5661.000	1568.190	100.000	0.000	1.000	0.000	0.000
62.000	5658.000	1568.190	100.000	0.000	1.000	0.000	0.000
64.000	5665.000	1568.190	100.000	0.000	1.000	0.000	0.000
64.000	5662.000	1568.190	100.000	0.000	1.000	0.000	0.000
64.000	5665.000	1568.190	100.000	0.000	1.000	0.000	0.000
64.000	5667.000	1568.190	100.000	0.000	1.000	0.000	0.000
64.000	5669.000	1568.190	100.000	0.000	1.000	0.000	0.000
65.000	5670.000	1568.190	100.000	0.000	1.000	0.000	0.000
63.000	5670.000	1568.190	100.000	0.000	1.000	0.000	0.000
80.000	5666.000	1568.060	100.000	0.000	1.000	0.000	0.000
64.000	5668.000	1568.190	100.000	0.000	1.000	0.000	0.000
64.000	5672.000	1568.190	100.000	0.000	1.000	0.000	0.000
64.000	5675.000	1567.930	100.000	0.000	1.000	0.000	0.000
64.000	5675.000	1568.060	100.000	0.000	1.000	0.000	0.000
64.000	5678.000	1568.060	100.000	0.000	1.000	0.000	0.000
64.000	5682.000	1568.060	100.000	0.000	1.000	0.000	0.000
63.000	5677.000	1568.190	100.000	0.000	1.000	0.000	0.000
64.000	5683.000	1568.190	100.000	0.000	1.000	0.000	0.000
64.000	5681.000	1568.190	100.000	0.000	1.000	0.000	0.000
64.000	5684.000	1568.060	100.000	0.000	1.000	0.000	0.000
64.000	5686.000	1568.060	100.000	0.000	1.000	0.000	0.000
80.000	5690.000	1568.190	100.000	0.000	1.000	0.000	0.000
64.000	5687.000	1568.190	100.000	0.000	1.000	0.000	0.000
64.000	5689.000	1568.190	100.000	0.000	1.000	0.000	0.000
64.000	5689.000	1568.190	100.000	0.000	1.000	0.000	0.000
64.000	5693.000	1568.190	100.000	0.000	1.000	0.000	0.000
64.000	5692.000	1568.190	100.000	0.000	1.000	0.000	0.000
63.000	5692.000	1568.060	100.000	0.000	1.000	0.000	0.000
65.000	5694.000	1568.060	100.000	0.000	1.000	0.000	0.000
64.000	5698.000	1568.060	100.000	0.000	1.000	0.000	0.000
