895460	11702 1562.51
941728	11700 1562.38
987996	11696 1562.38
034260	11699 1562.38
080524	11707 1562.51
126784	11701 1562.38
173056	11702 1562.51
219328	11700 1562.64
265624	11700 1562.38
311896	11697 1562.51
358160	11701 1562.38
404436	11702 1562.51
450712	11705 1562.38
496976	11702 1562.51
543236	11702 1562.38
589508	11697 1562.38
635768	11702 1562.38
682048	11698 1562.38
728312	11701 1562.38
774576	11704 1562.51
820844	11699 1562.38
867124	11699 1562.38
913392	11707 1562.51
959664	11699 1562.38
005944	11698 1562.38
052208	11695 1562.51
098476	11696 1562.38
144744	11700 1562.38
191008	11703 1562.51
237280	11702 1562.38
283540	11705 1562.38
329800	11702 1562.38
376060	11701 1562.25
422328	11700 1562.38
468612	11701 1562.38
514900	11705 1562.51
561176	11704 1562.38
607444	11699 1562.51
653708	11705 1562.38
699976	11704 1562.38
746240	11700 1562.38
792508	11703 1562.38
838776	11700 1562.38
885032	11702 1562.38
931312	11701 1562.38
977580	11702 1562.25
023848	11698 1562.25
070120	11703 1562.38
116380	11700 1562.25
162652	11701 1562.25
208924	11706 1562.25
255188	11702 1562.12
301452	11704 1562.25
347724	11704 1562.38
393980	11701 1562.38
440248	11699 1562.25
486516	11704 1562.38
532780	11704 1562.25
579052	11716 1562.38
625336	11715 1562.25
671600	11722 1562.25
717880	11729 1562.25
764184	11739 1562.25
810456	11744 1562.25
856720	11748 1562.25
902996	11761 1562.38
949272	11763 1562.25
995528	11767 1562.25
041792	11770 1562.25
088056	11782 1562.25
134312	11788 1562.25
180592	11795 1562.38
226852	11799 1562.25
273128	11804 1562.38
319400	11812 1562.25
365660	11819 1562.25
411928	11835 1562.25
458204	11841 1562.25
504472	11850 1562.12
550736	11860 1562.25
597008	11870 1562.25
643276	11869 1562.25
689548	11884 1562.12
735820	11894 1562.25
782088	11903 1562.25
828360	11922 1562.12
874624	11919 1562.12
920896	11944 1562.25
967176	11951 1562.12
013460	11957 1562.25
059740	11967 1562.12
106008	11980 1562.12
152284	11996 1562.25
198560	12001 1562.12
244820	12009 1562.12
291088	12025 1562.12
337364	12033 1562.12
383632	12045 1562.25
429904	12065 1562.64
476172	12074 1563.43
522428	12089 1564.48
568696	12092 1565.66
614972	12104 1567.23
661244	12112 1568.68
707524	12121 1570.38
753808	12120 1572.48
800088	12139 1574.85
846356	12132 1577.87
892632	12143 1581.28
938904	12154 1584.95
985168	12156 1588.76
031428	12166 1593.09
077700	12176 1597.55
123952	12177 1602.41
170236	12188 1608.05
216496	12194 1613.57
262756	12204 1618.82
309032	12219 1623.67
355292	12227 1628.27
401568	12242 1634.04
447840	12253 1641.65
494092	12276 1651.37
540356	12289 1660.82
586628	12313 1670.53
632892	12322 1680.50
679160	12339 1690.22
725420	12360 1699.93
771692	12375 1709.77
817964	12384 1720.01
864244	12395 1730.51
910504	12424 1741.27
956792	12459 1752.30
003096	12474 1763.58
049364	12476 1774.22
095628	12471 1785.50
141904	12476 1797.05
188164	12473 1808.60
234424	12459 1820.15
280688	12461 1832.36
326960	12495 1844.83
373212	12495 1858.08
419492	12549 1871.21
465752	12607 1884.73
512024	12627 1883.94
558296	12635 1855.07
604564	12640 1822.91
650828	12631 1796.79
697096	12602 1773.43
743360	12553 1752.69
789624	12464 1733.66
835888	12343 1716.33
882144	12173 1700.58
928424	11945 1686.41
974688	11640 1674.07
020964	11297 1663.05
067236	10932 1653.47
113520	10655 1645.33
159792	10473 1639.29
206076	10305 1635.09
252376	10175 1630.76
298644	10053 1626.03
344912	9942 1620.65
391180	9817 1615.67
437408	9738 1610.68
483628	9693 1605.82
529848	9670 1601.23
576064	9657 1596.63
622276	9654 1592.83
668496	9647 1589.55
714716	9658 1586.27
760944	9655 1583.12
807164	9654 1580.49
853404	9664 1577.87
899616	9662 1575.37
945832	9662 1573.14
992052	9667 1571.17
0038264	9677 1568.94
0084536	9682 1566.97
0130820	9682 1565.00
0177092	9696 1563.30
0223360	9700 1561.20
0269652	9696 1559.10
0315892	9704 1557.00
0362164	9704 1555.16
0408440	9718 1553.85
0454684	9708 1553.19
0500948	9698 1553.72
0547200	9704 1554.11
0593476	9695 1554.63
0639752	9687 1554.90
0686016	9693 1555.03
0732292	9686 1555.16
0778588	9676 1555.42
0824848	9678 1555.42
0871112	9678 1555.55
0917404	9659 1555.42
0963688	9663 1555.68
1009944	9658 1555.68
1056200	9650 1555.55
1102476	9650 1555.68
1148740	9645 1555.55
1195016	9645 1555.55
1241280	9638 1555.55
1287528	9635 1555.55
1333812	9635 1555.42
1380096	9627 1555.42
1426372	9615 1555.55
1472656	9610 1555.29
1518944	9615 1555.29
1565204	9606 1555.29
1611468	9603 1555.16
1657752	9589 1555.16
1704020	9597 1555.03
1750276	9594 1555.03
1796536	9594 1555.16
1842800	9579 1555.16
1889056	9587 1554.90
1935320	9579 1555.03
1981584	9578 1554.90
2027872	9579 1554.77
2074116	9565 1554.63
2120372	9568 1554.63
2166652	9562 1554.50
2212912	9556 1554.50
2259168	9558 1554.50
2305408	9547 1554.37
2351676	9546 1554.50
2397940	9539 1554.37
2444200	9533 1554.37
2490484	9534 1554.24
2536756	9536 1554.24
2583016	9530 1554.24
2629292	9538 1554.24
2675568	9540 1554.24
2721828	9549 1554.11
2768096	9546 1553.98
2814356	9550 1553.98
2860612	9548 1553.98
2906884	9554 1553.98
2953152	9549 1553.98
2999436	9550 1553.98
3045732	9554 1553.98
3091988	9553 1553.98
3138252	9560 1553.98
3184540	9558 1553.72
3230820	9560 1553.85
3277076	9557 1553.85
3323336	9562 1553.85
3369604	9566 1553.85
3415872	9573 1553.98
3462152	9564 1553.85
3508420	9567 1553.85
3554668	9582 1553.85
3600944	9574 1553.85
3647216	9572 1553.85
3693484	9575 1553.85
3739764	9575 1553.85
3786032	9573 1553.72
3832284	9577 1553.85
3878556	9576 1553.98
3924824	9585 1553.72
3971084	9584 1553.85
4017348	9576 1553.85
4063600	9577 1553.85
4109876	9586 1553.85
4156148	9582 1553.85
4202416	9592 1553.85
4248696	9593 1553.72
4294948	9587 1553.85
4341200	9591 1553.85
4387464	9587 1553.85
4433732	9591 1553.72
4480004	9594 1553.72
4526256	9594 1553.85
4572520	9593 1553.85
4618796	9591 1553.85
4665072	9597 1553.85
4711336	9594 1553.85
4757612	9595 1553.85
4803864	9600 1553.85
4850120	9594 1553.85
4896392	9604 1553.85
4942668	9601 1553.85
4988932	9609 1553.85
5035188	9610 1553.58
5081452	9606 1553.85
5127736	9603 1553.85
5174012	9608 1553.58
5220292	9608 1553.85
5266572	9608 1553.85
5312868	9606 1558.18
5359120	9611 1558.57
5405392	9620 1558.70
5451672	9611 1558.83
5497932	9622 1558.97
5544180	9618 1559.10
5590436	9622 1559.10
5636704	9619 1559.23
5682964	9627 1559.23
5729244	9626 1559.36
5775508	9619 1559.36
5821800	9624 1559.49
5868072	9627 1559.62
5914356	9617 1559.62
5960620	9615 1559.62
6006920	9622 1559.62
6053220	9624 1559.75
6099476	9632 1559.75
6145740	9633 1559.75
6192024	9634 1559.88
6238284	9620 1559.88
6284540	9631 1559.88
6330800	9626 1559.88
6377068	9628 1559.88
6423336	9636 1559.88
6469600	9633 1559.88
6515860	9632 1560.02
6562148	9638 1560.02
6608432	9641 1560.02
6654700	9636 1560.02
6700960	9645 1560.02
6747232	9637 1560.02
6793472	9641 1560.02
6839736	9644 1560.15
6885992	9655 1560.15
6932256	9650 1560.28
6978524	9658 1560.28
7024788	9668 1560.41
7071076	9676 1560.28
7117352	9663 1560.54
7163624	9682 1560.41
7209892	9697 1560.54
7256164	9696 1560.54
7302416	9697 1560.54
7348680	9702 1560.54
7394956	9715 1560.54
7441220	9724 1560.67
7487496	9724 1560.67
7533760	9733 1560.54
7580008	9737 1560.54
7626280	9751 1560.54
7672560	9758 1560.54
7718828	9763 1560.54
7765108	9780 1560.67
7811380	9785 1560.67
7857632	9790 1560.67
7903912	9791 1560.54
7950184	9803 1560.67
7996452	9813 1560.67
8042716	9830 1560.67
8088968	9834 1560.80
8135236	9843 1560.54
8181496	9843 1560.67
8227752	9861 1560.54
8274028	9872 1560.80
8320284	9878 1560.67
8366532	9883 1560.80
8412792	9908 1560.67
8459052	9904 1560.80
8505312	9925 1560.80
8551568	9935 1560.80
8597856	9944 1560.67
8644112	9941 1560.80
8690380	9964 1560.93
8736660	9975 1560.67
8782916	9982 1560.93
8829176	10002 1561.33
8875428	10008 1562.25
8921748	10021 1563.30
8968060	10033 1564.48
9014376	10050 1566.18
9060664	10052 1567.89
9106972	10069 1569.86
9153296	10073 1572.35
9199608	10082 1575.37
9245912	10107 1578.78
9292236	10113 1582.33
9338548	10127 1586.00
9384888	10151 1590.07
9431192	10175 1594.67
9477508	10221 1599.78
9523836	10252 1605.30
9570148	10304 1610.94
9616452	10350 1616.45
9662744	10404 1621.31
9709056	10470 1626.30
9755388	10529 1631.68
9801700	10576 1638.50
9847992	10607 1647.69
9894288	10639 1657.53
9940604	10711 1666.72
9986916	10764 1676.30
0033228	10798 1685.62
0079528	10846 1694.94
0125824	10879 1704.26
0172152	10899 1714.37
0218464	10998 1724.47
0264780	11129 1735.50
0311092	11194 1746.65
0357400	11261 1757.81
0403724	11331 1768.97
0450044	11408 1780.38
0496368	11478 1792.20
0542692	11577 1803.88
0589008	11649 1815.69
0635304	11733 1828.03
0681616	11844 1840.50
0727932	11992 1853.75
0774256	12241 1867.01
0820576	12393 1880.66
0866884	12446 1881.71
0913180	12468 1853.75
0959500	12491 1820.94
1005816	12484 1794.69
1052128	12462 1771.07
1098432	12408 1750.33
1144728	12305 1731.56
1191044	12163 1714.10
1237352	11942 1698.22
1283648	11691 1684.05
1329948	11352 1671.45
1376260	11013 1660.55
1422568	10742 1650.84
1468880	10501 1642.70
1515180	10310 1636.80
1561484	10115 1632.73
1607796	9986 1628.53
1654104	9853 1623.80
1700376	9736 1618.68
1746660	9616 1613.57
1792924	9556 1608.84
1839196	9533 1603.98
1885468	9533 1599.13
1931752	9518 1595.06
1978016	9505 1591.25
2024276	9492 1587.97
2070536	9489 1584.95
2116800	9501 1581.93
2163080	9502 1579.18
2209344	9494 1576.55
2255592	9500 1574.32
2301868	9493 1572.09
2348152	9517 1570.25
2394412	9530 1568.02
2440692	9543 1566.05
2486964	9549 1564.08
2533208	9557 1562.38
2579468	9555 1560.41
2625728	9569 1558.31
2672004	9564 1556.34
2718264	9575 1554.50
2764524	9567 1552.80
2810788	9560 1552.53
2857068	9558 1552.40
2903336	9555 1553.19
2949608	9539 1553.58
2995856	9538 1553.85
3042112	9538 1554.11
3088372	9522 1554.24
3134640	9528 1554.24
3180904	9517 1554.37
3227164	9516 1554.50
3273444	9516 1554.37
3319716	9510 1554.37
3365976	9498 1554.24
3412256	9496 1554.24
3458536	9492 1553.98
3504796	9492 1553.98
3551064	9484 1553.98
3597344	9475 1553.72
3643620	9464 1553.72
3689888	9468 1553.58
3736140	9464 1553.58
3782384	9458 1553.58
3828656	9452 1553.45
3874936	9451 1553.45
3921200	9443 1553.45
3967484	9435 1553.32
4013756	9436 1553.32
4060016	9441 1553.45
4106292	9425 1553.32
4152564	9424 1553.19
4198832	9424 1553.06
4245104	9420 1553.06
4291356	9416 1553.06
4337608	9400 1553.06
4383872	9410 1552.93
4430128	9401 1552.93
4476412	9393 1552.93
4522680	9398 1552.93
4568932	9384 1552.80
4615208	9389 1552.80
4661476	9389 1552.80
4707720	9385 1552.67
4753964	9379 1552.80
4800228	9378 1552.67
4846492	9380 1552.67
4892748	9362 1552.67
4939032	9355 1552.67
4985292	9372 1552.67
5031552	9364 1552.53
5077836	9362 1552.40
5124108	9375 1552.53
5170368	9363 1552.53
5216632	9385 1552.53
5262884	9378 1552.40
5309164	9383 1552.53
5355436	9391 1552.53
5401696	9385 1552.40
5447968	9389 1552.53
5494244	9385 1552.40
5540488	9382 1552.40
5586756	9389 1552.53
5633016	9396 1552.53
5679284	9385 1552.40
5725568	9395 1552.40
5771812	9383 1552.40
5818084	9396 1552.27
5864324	9395 1552.40
5910576	9410 1552.53
5956848	9398 1552.27
6003100	9399 1552.40
6049364	9402 1552.40
6095612	9406 1552.53
6141880	9407 1552.40
6188148	9399 1552.53
6234408	9406 1552.53
6280692	9411 1552.40
6326964	9409 1552.40
6373208	9413 1552.40
6419464	9413 1552.40
6465712	9404 1552.40
6511968	9414 1552.40
6558220	9410 1552.27
6604512	9420 1552.27
6650772	9413 1552.27
6697036	9410 1552.27
6743320	9420 1552.14
6789588	9417 1552.01
6835844	9418 1557.00
6882104	9418 1557.52
6928352	9421 1558.05
6974608	9420 1558.05
7020872	9431 1558.31
7067148	9422 1558.31
7113448	9429 1558.44
7159724	9426 1558.44
7205996	9442 1558.70
7252260	9419 1558.83
7298532	9437 1558.83
7344776	9432 1558.97
7391040	9437 1558.83
7437304	9441 1558.97
7483572	9436 1559.10
7529840	9433 1558.97
7576096	9435 1558.83
7622372	9445 1559.10
7668652	9449 1558.97
7714916	9440 1558.97
7761176	9440 1559.23
7807436	9439 1559.10
7853692	9442 1559.23
7899952	9443 1559.23
7946224	9456 1559.36
7992492	9440 1559.49
8038764	9444 1559.49
8085028	9442 1559.62
8131300	9448 1559.62
8177580	9450 1559.49
8223848	9447 1559.62
8270120	9448 1559.62
8316396	9448 1559.62
8362652	9453 1559.75
8408920	9453 1559.75
8455192	9449 1559.88
8501456	9456 1559.88
8547716	9464 1559.88
8593972	9465 1559.75
8640232	9460 1559.88
8686508	9465 1559.75
8732772	9466 1559.88
8779052	9465 1560.02
8825320	9457 1559.88
8871572	9461 1559.88
8917820	9459 1560.02
8964088	9462 1560.02
9010352	9460 1559.88
9056608	9456 1560.02
9102856	9463 1560.02
9149148	9461 1560.02
9195396	9464 1560.15
9241660	9469 1560.15
9287944	9481 1560.02
9334212	9481 1560.15
9380468	9489 1560.15
9426716	9496 1560.15
9472976	9505 1560.02
9519244	9514 1560.02
9565504	9510 1560.15
9611776	9514 1560.15
9658084	9529 1560.02
9704360	9536 1560.02
9750624	9538 1560.15
9796884	9548 1560.15
9843144	9553 1560.15
9889400	9563 1560.15
9935668	9570 1560.15
9981936	9574 1560.15
0028204	9583 1560.15
0074472	9583 1560.15
0120740	9596 1560.15
0167016	9603 1560.15
0213296	9611 1560.15
0259576	9616 1560.15
0305848	9621 1560.15
0352128	9636 1560.15
0398432	9640 1560.15
0444692	9647 1560.15
0490972	9666 1560.15
0537244	9663 1560.15
0583532	9670 1560.15
0629808	9681 1560.28
0676072	9689 1560.15
0722356	9693 1560.28
0768632	9712 1560.15
0814896	9717 1560.15
0861168	9729 1560.15
0907424	9749 1560.28
0953692	9759 1560.15
0999956	9754 1560.15
1046236	9776 1560.28
1092508	9786 1560.15
1138792	9793 1560.41
1185068	9806 1560.80
1231348	9816 1561.72
1277608	9828 1562.90
1323900	9843 1564.22
1370208	9849 1565.79
1416472	9861 1567.50
1462744	9877 1569.60
1509020	9884 1572.09
1555276	9896 1575.24
1601524	9917 1578.52
1647768	9922 1582.20
1694040	9936 1585.87
1740308	9966 1590.20
1786588	10013 1594.80
1832848	10094 1599.78
1879168	10146 1605.30
1925480	10196 1611.20
1971796	10268 1616.45
2018096	10320 1621.44
2064404	10388 1626.43
2110720	10452 1632.20
2157052	10530 1639.42
2203356	10570 1648.48
2249648	10620 1657.80
2295948	10661 1667.12
2342264	10736 1676.57
2388584	10767 1685.62
2434888	10805 1694.81
2481188	10873 1704.52
2527500	10903 1714.23
2573828	11022 1724.60
2620144	11168 1735.50
2666456	11239 1746.39
2712740	11307 1757.42
2759064	11375 1768.70
2805372	11471 1779.86
2851680	11538 1791.41
2897972	11625 1803.22
2944280	11699 1814.77
2990600	11798 1827.11
3036908	11950 1839.58
3083208	12105 1852.70
3129504	12352 1865.96
3175812	12488 1879.08
3222116	12543 1881.71
3268420	12600 1854.80
3314716	12632 1821.47
3361036	12635 1794.56
3407352	12613 1771.20
3453660	12558 1750.20
3499964	12461 1730.64
3546244	12312 1713.32
3592572	12117 1697.43
3638892	11863 1683.26
3685200	11539 1670.66
3731504	11199 1659.50
3777808	10874 1649.79
3824124	10631 1641.39
3870440	10428 1635.35
3916748	10224 1630.76
3963052	10058 1626.82
4009372	9921 1622.49
4055684	9799 1617.63
4101948	9683 1612.52
4148200	9598 1607.79
4194456	9540 1602.67
4240720	9533 1598.34
4286984	9519 1594.27
4333252	9516 1590.73
4379528	9499 1587.32
4425820	9490 1584.56
4472096	9490 1581.67
4518360	9493 1579.05
4564640	9491 1576.55
4610924	9485 1574.32
4657176	9494 1572.22
4703436	9496 1570.25
4749696	9510 1568.15
4795960	9517 1566.05
4842252	9528 1564.35
4888520	9537 1562.38
4934768	9550 1560.54
4981036	9551 1558.57
5027312	9556 1556.47
5073576	9561 1554.24
5119852	9557 1552.27
5166108	9560 1551.35
5212376	9557 1551.35
5258644	9548 1551.75
5304912	9539 1552.14
5351176	9540 1552.67
5397436	9534 1552.93
5443696	9523 1553.19
5489964	9515 1553.19
5536240	9518 1553.32
5582508	9510 1553.06
5628784	9499 1552.80
5675048	9500 1552.80
5721308	9493 1552.53
5767560	9483 1552.40
5813820	9478 1552.53
5860100	9462 1552.40
5906348	9462 1552.40
5952608	9456 1552.01
5998864	9461 1552.14
6045120	9444 1551.88
6091412	9445 1551.75
6137676	9435 1551.62
6183928	9436 1551.35
6230180	9434 1551.35
6276444	9429 1551.22
6322712	9422 1551.22
6368988	9420 1551.09
6415256	9419 1551.09
6461540	9412 1550.96
6507784	9408 1550.83
6554048	9400 1557.26
6600340	9394 1557.65
6646632	9393 1557.65
6692888	9393 1557.78
6739136	9392 1557.78
6785400	9379 1558.05
6831664	9384 1558.05
6877924	9376 1558.18
6924172	9372 1557.92
6970468	9370 1558.05
7016744	9364 1558.05
7063024	9367 1558.18
7109284	9354 1558.05
7155572	9358 1558.31
7201840	9356 1558.18
7248088	9357 1558.31
7294352	9340 1558.57
7340624	9348 1558.70
7386888	9349 1558.57
7433160	9351 1558.57
7479404	9357 1558.57
7525676	9357 1558.57
7571944	9355 1558.70
7618220	9355 1558.83
7664516	9369 1558.97
7710820	9364 1558.83
7757096	9368 1558.97
7803380	9359 1558.97
7849648	9364 1559.10
7895920	9370 1559.10
7942168	9363 1559.10
7988424	9371 1559.10
8034692	9364 1559.23
8080960	9376 1559.10
8127244	9371 1559.10
8173516	9365 1559.10
8219760	9372 1559.23
8266040	9378 1559.23
8312328	9373 1559.23
8358600	9382 1559.23
8404880	9374 1559.23
8451180	9372 1559.36
8497460	9382 1559.23
8543748	9381 1559.36
8590024	9372 1559.36
8636304	9375 1559.36
8682604	9384 1559.23
8728880	9389 1559.36
8775160	9391 1559.36
8821428	9392 1559.36
8867720	9395 1559.36
8914028	9390 1559.36
8960304	9393 1559.36
9006576	9385 1559.36
9052844	9393 1559.36
9099132	9385 1559.62
9145404	9402 1559.88
9191680	9387 1560.02
9237948	9394 1560.15
9284228	9387 1560.15
9330500	9393 1560.15
9376768	9393 1560.15
9423048	9402 1560.28
9469320	9397 1560.28
9515580	9396 1560.41
9561868	9403 1560.41
9608128	9409 1560.54
9654384	9403 1560.54
9700668	9416 1560.54
9746948	9406 1560.54
9793220	9404 1560.54
9839500	9410 1560.80
9885796	9408 1560.80
9932068	9406 1560.93
9978332	9407 1561.07
0024608	9412 1561.33
0070884	9409 1561.33
0117132	9419 1561.72
0163392	9423 1561.85
0209664	9419 1561.72
0255920	9410 1561.72
0302196	9418 1561.85
0348464	9421 1561.98
0394728	9418 1561.98
0441004	9418 1562.12
0487280	9416 1561.98
0533548	9413 1562.12
0579840	9433 1562.12
0626148	9424 1562.12
0672428	9424 1562.12
0718696	9420 1562.12
0764968	9426 1562.25
0811264	9424 1562.25
0857564	9430 1562.25
0903820	9423 1562.25
0950092	9430 1562.38
0996384	9433 1562.38
1042668	9427 1562.38
1088920	9435 1562.38
1135168	9429 1562.38
1181432	9429 1562.38
1227700	9433 1562.51
1273964	9437 1562.38
1320224	9440 1562.51
1366500	9432 1562.51
1412780	9435 1562.51
1459048	9437 1562.51
1505320	9443 1562.51
1551612	9439 1562.51
1597888	9436 1562.51
1644160	9446 1562.51
1690428	9455 1562.51
1736712	9464 1562.64
1782972	9461 1562.77
1829240	9470 1562.64
1875492	9473 1562.77
1921760	9489 1562.64
1968028	9500 1562.77
2014300	9498 1562.64
2060564	9507 1562.77
2106852	9514 1562.77
2153136	9520 1562.90
2199400	9516 1562.90
2245664	9523 1562.90
2291932	9539 1562.77
2338176	9543 1562.90
2384416	9557 1562.90
2430672	9563 1563.03
2476928	9563 1562.90
2523184	9572 1562.90
2569468	9577 1562.90
2615764	9590 1563.03
2662004	9589 1562.90
2708272	9602 1563.03
2754524	9602 1563.03
2800772	9614 1563.03
2847016	9630 1562.90
2893284	9638 1563.03
2939540	9643 1563.03
2985800	9647 1563.03
3032076	9654 1562.90
3078324	9661 1563.17
3124572	9678 1563.03
3170820	9686 1563.03
3217088	9702 1563.17
3263360	9700 1563.03
3309620	9714 1563.17
3355912	9724 1563.03
3402216	9736 1563.17
3448484	9740 1563.17
3494768	9756 1563.17
3541036	9775 1563.43
3587332	9775 1563.82
3633624	9790 1564.48
3679892	9794 1565.53
3726152	9819 1566.58
3772440	9817 1567.89
3818700	9830 1568.94
3864956	9836 1570.65
3911216	9855 1572.75
3957476	9859 1575.50
4003748	9872 1578.92
4050012	9886 1582.46
4096276	9923 1586.40
4142568	9935 1590.60
4188840	9974 1595.32
4235104	10048 1600.18
4281376	10122 1605.56
4327700	10164 1611.47
4374020	10225 1616.58
4420340	10296 1621.57
4466644	10362 1626.82
4512952	10411 1632.99
4559256	10501 1641.26
4605568	10558 1650.84
4651896	10602 1659.77
4698204	10658 1668.95
4744512	10728 1678.53
4790816	10781 1687.46
4837136	10836 1696.65
4883448	10887 1706.10
4929760	10929 1716.20
4976064	11135 1726.44
5022352	11213 1737.47
5068676	11293 1748.36
5114988	11357 1759.52
5161292	11426 1770.67
5207592	11532 1781.70
5253908	11604 1793.12
5300212	11688 1804.01
5346512	11773 1816.22
5392824	11884 1828.82
5439124	12039 1841.55
5485448	12259 1854.54
5531752	12456 1867.80
5578056	12554 1881.18
5624364	12626 1880.27
5670668	12672 1849.82
5716980	12695 1817.66
5763300	12696 1791.41
5809604	12676 1768.18
5855916	12619 1747.18
5902236	12531 1728.02
5948548	12378 1710.56
5994848	12175 1694.81
6041148	11937 1680.63
6087468	11613 1668.17
6133792	11279 1657.14
6180112	10942 1647.43
6226432	10694 1639.29
6272756	10505 1633.38
6319076	10306 1628.79
6365384	10113 1625.12
6411684	9961 1620.78
6457996	9851 1615.93
6504268	9715 1610.81
6550560	9634 1606.08
6596840	9580 1600.83
6643088	9563 1596.50
6689340	9552 1592.57
6735596	9555 1589.15
6781848	9549 1585.87
6828124	9541 1582.98
6874388	9540 1580.10
6920676	9535 1577.60
6966948	9546 1575.37
7013232	9542 1573.14
7059504	9537 1571.04
7105796	9540 1569.20
7152096	9542 1566.97
7198348	9541 1565.13
7244620	9552 1563.30
7290908	9550 1561.20
7337192	9568 1559.49
7383436	9560 1557.52
7429696	9567 1555.55
7475976	9567 1553.06
7522244	9563 1550.96
7568516	9570 1549.91
7614760	9569 1549.78
7661032	9564 1550.17
7707308	9552 1550.70
7753584	9551 1550.96
7799852	9549 1551.35
7846140	9531 1551.48
7892444	9525 1551.62
7938712	9525 1551.48
7985000	9510 1551.09
8031268	9506 1550.96
8077540	9501 1550.70
8123792	9486 1550.70
8170044	9479 1556.34
8216304	9459 1558.05
8262560	9472 1558.31
8308824	9467 1558.44
8355092	9465 1558.57
8401388	9446 1558.44
8447664	9448 1558.44
8493948	9438 1558.31
8540228	9439 1558.31
8586512	9437 1558.18
8632812	9421 1558.05
8679092	9424 1558.18
8725368	9412 1558.18
8771632	9410 1558.05
8817916	9411 1558.05
8864180	9409 1558.44
8910440	9407 1558.83
8956704	9392 1559.10
9002968	9388 1559.23
9049232	9380 1559.62
9095500	9383 1560.54
9141772	9380 1560.93
9188044	9378 1561.20
9234320	9360 1561.33
9280588	9364 1561.46
9326868	9361 1561.59
9373156	9361 1561.85
9419432	9355 1561.72
9465696	9351 1561.98
9511968	9352 1562.12
9558248	9345 1561.72
9604504	9347 1560.54
9650768	9346 1559.10
9697048	9339 1558.83
9743308	9337 1558.70
9789580	9343 1558.70
9835848	9347 1558.70
9882092	9351 1558.70
9928356	9343 1558.83
9974612	9352 1558.70
0020888	9357 1558.83
0067156	9357 1558.70
0113408	9354 1558.83
0159676	9359 1558.70
0205948	9360 1558.83
0252204	9362 1558.97
0298476	9362 1558.83
0344748	9360 1558.83
0391016	9361 1558.83
0437296	9370 1558.83
0483576	9375 1558.97
0529844	9362 1558.97
0576136	9376 1558.83
0622436	9372 1558.97
0668696	9383 1558.97
0714956	9375 1558.97
0761244	9367 1558.97
0807512	9378 1558.97
0853780	9373 1558.97
0900044	9380 1558.97
0946312	9377 1558.97
0992580	9384 1558.97
1038856	9384 1558.97
1085124	9384 1559.10
1131392	9389 1559.10
1177660	9389 1558.97
1223940	9391 1558.97
1270212	9384 1559.10
1316492	9392 1558.97
1362784	9389 1558.97
1409040	9394 1558.97
1455300	9393 1559.10
1501592	9390 1559.10
1547856	9403 1559.10
1594112	9394 1559.10
1640376	9395 1558.97
1686640	9402 1559.10
1732908	9398 1559.10
1779176	9405 1559.23
1825444	9406 1559.10
1871720	9400 1559.23
1917992	9402 1558.97
1964264	9394 1559.23
2010532	9396 1559.10
2056812	9407 1559.23
2103080	9401 1559.10
2149340	9416 1559.10
2195604	9406 1559.23
2241872	9407 1559.10
2288144	9417 1559.10
2334416	9418 1559.10
2380672	9410 1559.23
2426944	9410 1559.10
2473224	9421 1559.23
2519488	9417 1559.23
2565776	9420 1559.10
2612068	9418 1559.10
2658340	9419 1559.23
2704600	9423 1559.10
2750880	9433 1559.23
2797160	9423 1559.23
2843420	9426 1559.23
2889684	9414 1559.23
2935956	9421 1559.23
2982220	9427 1559.23
3028488	9424 1559.23
3074764	9428 1559.23
3121040	9434 1559.23
3167304	9420 1559.23
3213576	9424 1559.10
3259848	9430 1559.23
3306120	9431 1559.23
3352420	9427 1559.10
3398696	9433 1559.23
3444976	9434 1559.23
3491244	9432 1559.36
3537540	9437 1559.10
3583844	9440 1559.23
3630120	9434 1559.23
3676392	9434 1559.23
3722664	9442 1559.23
3768964	9446 1559.23
3815268	9441 1559.23
3861548	9443 1559.36
3907836	9444 1559.23
3954104	9445 1559.23
4000392	9447 1559.23
4046696	9457 1559.23
4092972	9464 1559.23
4139240	9466 1559.23
4185512	9475 1559.23
4231808	9478 1559.23
4278108	9480 1559.36
4324376	9498 1559.23
4370648	9493 1559.36
4416932	9496 1559.23
4463220	9504 1559.23
4509496	9519 1559.23
4555772	9524 1559.23
4602036	9524 1559.36
4648308	9542 1559.23
4694572	9539 1559.36
4740844	9544 1559.23
4787108	9551 1559.36
4833368	9558 1559.23
4879636	9565 1559.36
4925912	9564 1559.23
4972180	9581 1559.23
5018476	9589 1559.23
5064756	9600 1559.36
5111028	9613 1559.36
5157296	9611 1559.36
5203592	9627 1559.23
5249896	9636 1559.23
5296164	9636 1559.36
5342436	9654 1559.23
5388716	9667 1559.23
5435016	9669 1559.23
5481320	9679 1559.36
5527596	9683 1559.23
5573880	9697 1559.36
5620144	9700 1559.23
5666440	9720 1559.23
5712744	9726 1559.36
5759020	9733 1559.36
5805308	9738 1559.23
5851580	9750 1559.23
5897864	9769 1559.36
5944168	9781 1559.62
5990444	9786 1560.15
6036712	9800 1560.93
6082984	9821 1561.85
6129276	9826 1563.03
6175548	9831 1564.35
6221796	9844 1566.05
6268092	9848 1568.15
6314368	9857 1570.65
6360644	9865 1573.93
6406912	9890 1577.60
6453192	9902 1581.15
6499460	9912 1585.08
6545712	9947 1589.55
6591972	9977 1594.53
6638224	10079 1599.26
6684524	10123 1604.64
6730848	10180 1610.15
6777164	10236 1615.01
6823476	10312 1619.34
6869788	10360 1624.07
6916100	10412 1630.10
6962424	10492 1637.98
7008728	10554 1647.30
7055032	10593 1655.70
7101336	10637 1665.15
7147652	10677 1674.47
7193972	10742 1683.13
7240292	10788 1692.32
7286592	10847 1702.03
7332912	10882 1711.87
7379228	11009 1722.37
7425544	11176 1733.00
7471856	11255 1744.03
7518172	11325 1755.05
7564480	11402 1766.21
7610812	11502 1777.50
7657128	11582 1789.05
7703440	11673 1800.20
7749760	11761 1812.28
7796064	11867 1824.75
7842368	12041 1837.35
7888668	12219 1850.60
7934972	12467 1863.86
7981300	12592 1876.85
8027612	12658 1883.94
8073920	12695 1862.55
8120220	12746 1826.85
8166536	12756 1798.63
8212848	12741 1774.61
8259156	12703 1752.69
8305460	12621 1733.00
8351776	12486 1714.89
8398084	12325 1698.48
8444380	12094 1683.65
8490688	11812 1670.66
8536988	11473 1659.11
8583308	11148 1648.87
8629624	10841 1639.95
8675936	10627 1633.38
8722244	10433 1628.66
8768552	10233 1624.85
8814872	10061 1620.52
8861188	9923 1615.80
8907496	9781 1610.94
8953748	9663 1606.35
9000008	9587 1601.36
9046276	9526 1596.63
9092548	9519 1592.70
9138824	9519 1588.89
9185104	9506 1585.61
9231348	9496 1582.59
9277624	9488 1579.97
9323908	9487 1577.08
9370176	9485 1574.85
9416428	9478 1572.62
9462676	9472 1570.38
9508944	9478 1568.28
9555216	9489 1566.18
9601488	9497 1564.22
9647756	9509 1562.90
9694056	9510 1561.33
9740324	9530 1559.49
9786584	9533 1557.52
9832864	9534 1555.42
9879144	9533 1556.60
9925416	9549 1559.10
9971684	9542 1559.75
0017960	9528 1560.15
0064232	9532 1560.15
0110500	9529 1560.15
0156780	9514 1560.28
0203056	9508 1560.02
0249312	9505 1559.75
0295568	9496 1559.49
0341844	9481 1558.83
0388120	9477 1558.31
0434416	9467 1557.13
0480692	9463 1556.47
0526968	9450 1556.08
0573236	9446 1555.68
0619520	9440 1555.68
0665828	9439 1555.68
0712104	9432 1555.55
0758376	9433 1555.42
0804648	9425 1555.42
0850940	9421 1555.42
0897212	9402 1555.42
0943488	9410 1555.42
0989756	9396 1555.55
1036040	9404 1555.42
1082304	9394 1555.68
1128564	9391 1555.82
1174836	9387 1555.95
1221104	9386 1555.95
1267372	9369 1556.08
1313636	9370 1556.21
1359904	9370 1556.21
1406184	9371 1556.34
1452464	9365 1556.34
1498744	9360 1556.34
1545012	9355 1556.47
1591312	9354 1556.34
1637608	9344 1556.60
1683880	9351 1556.60
1730160	9346 1556.60
1776420	9339 1556.60
1822696	9336 1556.73
1868936	9330 1556.87
1915212	9331 1556.87
1961480	9335 1556.87
2007744	9334 1556.87
2054020	9323 1556.87
2100276	9316 1557.13
2146536	9326 1557.00
2192812	9303 1557.13
2239068	9329 1557.13
2285336	9334 1557.26
2331624	9337 1557.26
2377896	9331 1557.26
2424164	9334 1557.39
2470436	9340 1557.39
2516708	9340 1557.39
2562968	9336 1557.52
2609232	9337 1557.65
2655500	9338 1557.78
2701768	9345 1557.65
2748040	9341 1557.78
2794308	9345 1557.78
2840588	9343 1557.78
2886884	9362 1557.78
2933160	9349 1557.78
2979444	9350 1557.92
3025708	9355 1557.92
3071996	9358 1557.92
3118296	9352 1557.92
3164564	9353 1557.92
3210832	9352 1558.05
3257116	9356 1557.92
3303400	9357 1557.92
3349656	9365 1558.05
3395920	9361 1558.05
3442192	9357 1558.05
3488440	9358 1558.05
3534720	9371 1558.05
3580960	9360 1558.05
3627232	9369 1558.05
3673484	9376 1558.18
3719744	9364 1558.18
3766044	9380 1558.18
3812312	9379 1558.31
3858584	9382 1558.18
3904856	9380 1558.18
3951132	9374 1558.18
3997400	9381 1558.18
4043672	9383 1558.05
4089948	9383 1558.18
4136196	9386 1558.18
4182460	9387 1558.31
4228740	9381 1558.18
4275016	9382 1558.31
4321296	9386 1558.31
4367588	9397 1558.31
4413860	9393 1558.31
4460136	9390 1558.44
4506408	9393 1558.44
4552708	9403 1558.31
4599012	9390 1558.44
4645292	9402 1558.31
4691556	9403 1558.44
4737832	9407 1558.31
4784132	9403 1558.44
4830436	9406 1558.44
4876712	9404 1558.44
4922996	9401 1558.44
4969260	9409 1558.31
5015548	9394 1558.44
5061820	9397 1558.57
5108096	9406 1558.57
5154364	9407 1558.44
5200648	9409 1558.44
5246912	9409 1558.44
5293172	9407 1558.44
5339444	9410 1558.44
5385716	9414 1558.57
5431984	9415 1558.44
5478256	9419 1558.44
5524528	9419 1558.44
5570792	9419 1558.44
5617068	9420 1558.44
5663332	9431 1558.44
5709604	9421 1558.44
5755880	9423 1558.57
5802140	9427 1558.57
5848392	9432 1558.44
5894668	9422 1558.44
5940928	9432 1558.44
5987208	9428 1558.44
6033468	9432 1558.57
6079716	9431 1558.57
6125996	9423 1558.57
6172264	9428 1558.57
6218540	9437 1558.57
6264812	9443 1558.57
6311068	9434 1558.70
6357324	9438 1558.57
6403592	9441 1558.44
6449848	9440 1558.57
6496136	9447 1558.44
6542400	9463 1558.70
6588648	9456 1558.57
6634916	9458 1558.57
6681168	9467 1558.57
6727452	9477 1558.70
6773708	9485 1558.57
6819964	9491 1558.57
6866204	9490 1558.57
6912472	9496 1558.70
6958744	9511 1558.57
7005008	9515 1558.70
7051280	9522 1558.44
7097576	9527 1558.57
7143852	9544 1558.57
7190132	9547 1558.57
7236400	9555 1558.57
7282684	9567 1558.57
7328952	9570 1558.57
7375204	9578 1558.70
7421480	9576 1558.70
7467744	9591 1558.57
7513996	9599 1558.57
7560252	9613 1558.70
7606524	9617 1558.57
7652792	9622 1558.57
7699060	9624 1558.70
7745328	9642 1558.57
7791608	9638 1558.70
7837856	9655 1558.70
7884104	9669 1558.57
7930376	9668 1558.70
7976636	9668 1558.70
8022916	9692 1558.70
8069180	9703 1558.70
8115428	9712 1558.57
8161684	9724 1558.83
8207948	9730 1558.70
8254232	9746 1558.83
8300504	9759 1558.70
8346752	9757 1558.70
8393032	9784 1558.97
8439304	9785 1559.75
8485576	9796 1560.67
8531848	9813 1561.85
8578112	9820 1563.17
8624360	9833 1564.74
8670636	9832 1566.32
8716916	9847 1568.68
8763184	9860 1571.43
8809472	9875 1574.85
8855780	9887 1578.26
8902056	9909 1582.07
8948340	9927 1586.13
8994600	9955 1590.73
9040892	10014 1595.45
9087196	10100 1600.57
9133524	10142 1605.82
9179840	10181 1611.07
9226156	10255 1615.93
9272460	10316 1620.26
9318752	10375 1625.38
9365096	10446 1631.68
9411416	10507 1640.21
9457724	10551 1649.40
9504032	10601 1658.06
9550340	10659 1667.12
9596640	10703 1676.30
9642948	10759 1684.97
9689264	10813 1693.89
9735564	10869 1703.73
9781892	10910 1713.71
9828204	11136 1724.21
9874520	11211 1735.10
9920832	11295 1746.13
9967144	11366 1757.28
0013484	11453 1768.31
0059808	11534 1779.60
0106136	11631 1790.88
0152452	11714 1802.57
0198768	11799 1814.77
0245084	11945 1827.37
0291408	12113 1839.84
0337732	12374 1852.97
0384052	12521 1866.35
0430368	12640 1879.35
0476696	12693 1874.10
0523020	12730 1840.76
0569344	12755 1810.05
0615664	12760 1784.19
0661964	12733 1761.35
0708248	12677 1740.62
0754568	12576 1721.58
0800884	12428 1704.65
0847192	12235 1689.17
0893508	11993 1675.38
0939820	11666 1663.31
0986140	11348 1652.28
1032456	11027 1642.97
1078776	10761 1635.35
1125092	10560 1629.71
1171420	10375 1625.77
1217740	10178 1621.83
1264048	10016 1617.11
1310352	9875 1612.25
1356672	9742 1607.40
1402936	9643 1602.67
1449192	9584 1597.68
1495444	9545 1593.35
1541732	9527 1589.55
1588012	9525 1586.00
1634280	9512 1582.98
1680544	9514 1580.23
1726824	9510 1577.60
1773084	9518 1574.98
1819352	9519 1572.75
1865632	9519 1570.52
1911896	9520 1568.42
1958160	9524 1566.18
2004432	9527 1564.08
2050700	9525 1564.61
2096968	9543 1563.82
2143232	9540 1562.64
2189508	9552 1561.46
2235788	9545 1560.93
2282084	9548 1561.33
2328360	9544 1560.54
2374632	9544 1560.28
2420908	9548 1560.28
2467180	9538 1560.02
2513432	9540 1559.75
2559700	9531 1559.62
2605960	9521 1559.36
2652228	9504 1559.10
2698508	9499 1558.83
2744776	9480 1557.26
2791040	9481 1556.21
2837308	9472 1555.68
2883584	9464 1555.68
2929860	9453 1555.68
2976140	9456 1556.08
3022436	9446 1555.95
3068688	9435 1556.21
3114948	9429 1556.34
3161236	9424 1556.34
3207528	9432 1556.34
3253804	9419 1556.47
3300076	9415 1556.60
3346368	9409 1556.73
3392656	9410 1556.73
3438928	9394 1556.73
3485200	9398 1556.87
3531468	9395 1556.73
3577756	9391 1557.00
3624024	9387 1556.87
3670276	9383 1557.00
3716524	9383 1557.00
3762784	9371 1557.00
3809028	9378 1557.13
3855284	9368 1557.00
3901548	9365 1557.13
3947800	9370 1557.26
3994052	9367 1557.26
4040324	9353 1557.26
4086596	9348 1557.26
4132868	9348 1557.39
4179140	9339 1557.39
4225424	9342 1557.52
4271716	9334 1557.52
4317996	9323 1557.52
4364264	9329 1557.52
4410540	9324 1557.65
4456840	9319 1557.65
4503144	9320 1557.65
4549424	9319 1557.65
4595696	9325 1557.65
4641964	9335 1557.65
4688236	9327 1557.65
4734492	9324 1557.65
4780748	9330 1557.65
4827016	9331 1557.92
4873284	9338 1557.65
4919564	9338 1557.92
4965840	9338 1557.78
5012112	9340 1557.92
5058392	9334 1557.78
5104664	9340 1557.78
5150940	9349 1558.05
5197208	9355 1557.92
5243492	9341 1558.05
5289776	9353 1557.92
5336036	9348 1557.92
5382300	9351 1558.05
5428588	9351 1558.05
5474856	9355 1558.05
5521100	9368 1558.05
5567376	9364 1558.05
5613628	9360 1557.92
5659904	9358 1558.05
5706156	9361 1558.05
5752424	9362 1558.05
5798700	9360 1558.05
5844964	9365 1558.05
5891232	9363 1558.18
5937512	9377 1558.18
5983764	9367 1558.05
6030032	9368 1558.18
6076312	9372 1558.18
6122580	9363 1558.18
6168848	9375 1558.31
6215124	9369 1558.31
6261400	9376 1558.18
6307668	9379 1558.31
6353936	9379 1558.18
6400212	9381 1558.18
6446476	9379 1558.31
6492776	9378 1558.31
6539060	9384 1558.18
6585344	9384 1558.44
6631612	9387 1558.31
6677896	9391 1558.31
6724200	9379 1558.44
6770476	9383 1558.44
6816760	9396 1558.31
6863020	9391 1558.31
6909300	9396 1558.44
6955572	9385 1558.31
7001836	9396 1558.44
7048136	9387 1558.31
7094424	9394 1558.44
7140688	9396 1558.44
7186952	9396 1558.44
7233228	9399 1558.44
7279496	9394 1558.31
7325760	9398 1558.44
7372044	9402 1558.44
7418320	9408 1558.44
7464580	9402 1558.44
7510852	9408 1558.44
7557124	9402 1558.44
7603396	9403 1558.57
7649680	9411 1558.57
7695980	9404 1558.44
7742260	9412 1558.57
7788532	9407 1558.57
7834800	9416 1558.44
7881092	9417 1558.57
7927396	9412 1558.57
7973676	9418 1558.44
8019944	9418 1558.44
8066216	9419 1558.57
8112492	9414 1558.44
8158764	9413 1558.57
8205020	9416 1558.44
8251296	9413 1558.57
8297560	9433 1558.57
8343832	9418 1558.44
8390104	9426 1558.44
8436368	9421 1558.44
8482632	9417 1558.57
8528900	9421 1558.57
8575172	9423 1558.57
8621456	9425 1558.44
8667756	9427 1558.57
8714028	9425 1558.70
8760304	9438 1558.57
8806568	9430 1558.70
8852860	9437 1558.70
8899152	9453 1558.44
8945392	9449 1558.57
8991676	9459 1558.57
9037960	9459 1558.57
9084228	9466 1558.57
9130496	9471 1558.57
9176780	9485 1558.57
9223048	9487 1558.57
9269316	9492 1558.70
9315592	9502 1558.44
9361860	9502 1558.70
9408108	9514 1558.57
9454380	9521 1558.57
9500640	9532 1558.57
9546912	9534 1558.57
9593196	9533 1558.70
9639468	9558 1558.70
9685736	9552 1558.57
9732020	9574 1558.57
9778312	9575 1558.57
9824580	9584 1558.57
9870848	9586 1558.70
9917120	9592 1558.57
9963380	9598 1558.70
0009644	9614 1558.70
0055900	9613 1558.70
0102156	9630 1558.57
0148448	9635 1558.70
0194708	9645 1558.57
0240980	9655 1558.70
0287256	9660 1558.57
0333512	9668 1558.57
0379760	9674 1558.57
0426012	9688 1558.70
0472284	9690 1558.70
0518556	9711 1558.70
0564824	9714 1558.70
0611088	9729 1558.70
0657376	9737 1558.70
0703632	9754 1558.57
0749892	9752 1558.70
0796184	9782 1559.10
0842468	9783 1559.75
0888708	9801 1560.67
0934972	9805 1561.85
0981240	9816 1563.17
1027504	9835 1564.74
1073776	9835 1566.58
1120056	9853 1568.68
1166316	9866 1571.43
1212592	9881 1574.72
1258876	9888 1578.39
1305144	9909 1582.20
1351432	9938 1586.27
1397728	9962 1590.86
1443992	10039 1595.85
1490256	10104 1600.70
1536592	10146 1606.08
1582900	10210 1611.33
1629184	10278 1616.06
1675508	10333 1620.39
1721824	10391 1625.64
1768128	10467 1632.20
1814432	10526 1640.47
1860744	10560 1649.79
1907076	10612 1658.45
1953388	10664 1667.51
1999700	10732 1676.83
2046008	10779 1685.36
2092324	10836 1694.42
2138648	10874 1704.13
2184972	10934 1714.37
2231296	11155 1725.00
2277620	11227 1735.63
2323928	11305 1746.65
2370220	11375 1757.81
2416532	11479 1768.83
2462848	11562 1780.12
2509176	11647 1791.80
2555492	11729 1803.22
2601800	11810 1815.69
2648084	11962 1828.03
2694396	12159 1840.89
2740712	12353 1853.88
2787028	12550 1867.27
2833336	12675 1880.00
2879644	12714 1869.90
2925952	12753 1835.38
2972248	12777 1805.06
3018544	12774 1779.86
3064840	12741 1757.55
3111152	12690 1736.94
3157460	12581 1718.57
3203776	12448 1701.77
3250076	12228 1686.41
3296388	11977 1672.89
3342716	11652 1661.08
3389028	11336 1650.32
3435324	11027 1641.13
3481624	10774 1633.78
3527936	10569 1628.66
3574248	10390 1624.85
3620560	10200 1620.52
3666860	10033 1615.80
3713168	9898 1610.81
3759484	9760 1606.22
3805748	9657 1601.23
3852040	9615 1596.63
3898340	9587 1592.43
3944612	9560 1588.50
3990880	9554 1585.35
4037148	9545 1582.33
4083432	9537 1579.44
4129692	9533 1576.68
4175944	9534 1574.32
4222216	9529 1571.96
4268484	9530 1569.86
4314760	9527 1567.63
4361024	9523 1565.66
4407276	9524 1563.30
4453548	9524 1564.35
4499812	9537 1563.30
4546092	9538 1562.12
4592356	9547 1561.20
4638604	9541 1561.20
4684868	9545 1561.07
4731112	9544 1560.28
4777364	9551 1560.02
4823640	9535 1559.88
4869904	9537 1559.62
4916192	9531 1559.36
4962456	9524 1559.23
5008720	9519 1559.10
5055004	9509 1558.83
5101288	9495 1557.65
5147548	9478 1556.34
5193792	9472 1555.95
5240068	9468 1555.82
5286324	9451 1555.82
5332616	9444 1555.82
5378880	9447 1555.95
5425132	9442 1555.95
5471404	9439 1555.95
5517672	9425 1556.21
5563940	9419 1556.21
5610224	9413 1556.34
5656492	9413 1556.21
5702764	9411 1556.47
5749052	9404 1556.47
5795336	9400 1556.60
5841600	9395 1556.60
5887860	9398 1556.60
5934104	9389 1556.60
5980368	9383 1556.73
6026632	9384 1556.60
6072888	9370 1556.73
6119160	9379 1556.87
6165408	9364 1556.87
6211660	9367 1556.87
6257940	9361 1556.87
6304200	9361 1556.87
6350468	9352 1556.87
6396724	9351 1557.00
6442980	9345 1557.13
6489244	9339 1557.13
6535504	9345 1557.13
6581788	9329 1557.13
6628072	9333 1557.13
6674344	9329 1557.26
6720616	9317 1557.26
6766892	9325 1557.39
6813168	9317 1557.39
6859436	9326 1557.39
6905700	9321 1557.39
6951952	9310 1557.39
6998224	9313 1557.39
7044492	9316 1557.39
7090764	9325 1557.39
7137040	9323 1557.52
7183332	9329 1557.52
7229612	9322 1557.52
7275880	9331 1557.52
7322148	9334 1557.65
7368428	9341 1557.65
7414680	9333 1557.65
7460940	9335 1557.65
7507208	9340 1557.52
7553472	9343 1557.78
7599752	9349 1557.65
7646016	9342 1557.65
7692284	9350 1557.78
7738556	9344 1557.78
7784828	9351 1557.78
7831092	9361 1557.65
7877372	9354 1557.78
7923648	9352 1557.65
7969892	9355 1557.78
8016168	9356 1557.92
8062440	9362 1557.78
8108708	9362 1557.92
8154984	9368 1557.92
8201236	9362 1557.92
8247500	9366 1558.05
8293784	9369 1557.92
8340052	9378 1557.92
8386324	9367 1557.92
8432612	9372 1557.92
8478892	9359 1557.92
8525156	9369 1558.05
8571428	9373 1558.05
8617704	9374 1557.92
8663952	9373 1558.05
8710200	9382 1558.05
8756464	9377 1558.05
8802724	9382 1558.05
8848992	9379 1558.05
8895240	9377 1558.05
8941536	9386 1558.05
8987792	9377 1558.05
9034080	9389 1558.05
9080340	9378 1558.05
9126628	9382 1558.05
9172880	9392 1558.05
9219128	9388 1558.05
9265380	9392 1558.18
9311640	9384 1558.18
9357916	9392 1558.18
9404184	9385 1558.05
9450476	9401 1558.18
9496756	9399 1558.05
9543036	9397 1558.18
9589300	9393 1558.18
9635592	9392 1558.05
9681892	9396 1558.18
9728164	9398 1558.18
9774436	9394 1558.18
9820708	9403 1558.18
9866988	9397 1558.31
9913260	9403 1558.18
9959512	9402 1558.31
0005788	9404 1558.18
0052060	9403 1558.18
0098324	9407 1558.05
0144604	9406 1558.18
0190868	9405 1558.31
0237128	9409 1558.18
0283400	9407 1558.31
0329668	9414 1558.18
0375952	9410 1558.18
0422252	9416 1558.18
0468528	9414 1558.18
0514804	9429 1558.18
0561072	9410 1558.31
0607360	9419 1558.18
0653668	9419 1558.31
0699940	9419 1558.18
0746212	9425 1558.31
0792488	9429 1558.18
0838784	9423 1558.18
0885080	9432 1558.31
0931352	9425 1558.31
0977628	9436 1558.31
1023908	9426 1558.18
1070196	9430 1558.31
1116468	9435 1558.31
1162736	9434 1558.18
1209020	9433 1558.31
1255304	9435 1558.18
1301572	9445 1558.18
1347844	9451 1558.31
1394124	9461 1558.44
1440400	9469 1558.31
1486660	9472 1558.31
1532944	9470 1558.31
1579220	9479 1558.31
1625492	9492 1558.31
1671756	9496 1558.31
1718028	9503 1558.31
1764296	9501 1558.31
1810576	9516 1558.31
1856876	9521 1558.44
1903156	9530 1558.31
1949436	9528 1558.18
1995704	9538 1558.44
2042000	9537 1558.31
2088296	9553 1558.31
2134580	9559 1558.31
2180852	9562 1558.44
2227124	9576 1558.44
2273412	9585 1558.44
2319716	9601 1558.44
2365976	9601 1558.31
2412252	9603 1558.31
2458524	9618 1558.44
2504808	9625 1558.44
2551076	9630 1558.44
2597328	9645 1558.31
2643612	9656 1558.31
2689872	9658 1558.31
2736144	9666 1558.44
2782416	9679 1558.44
2828680	9691 1558.31
2874944	9696 1558.44
2921224	9704 1558.44
2967492	9728 1558.44
3013776	9730 1558.31
3060068	9740 1558.44
3106344	9755 1558.44
3152608	9767 1558.44
3198884	9773 1558.70
3245160	9793 1559.49
3291412	9789 1560.28
3337668	9804 1561.46
3383944	9824 1562.51
3430212	9823 1564.22
3476492	9843 1565.92
3522760	9848 1568.15
3569008	9857 1570.91
3615284	9864 1574.06
3661560	9880 1577.73
3707828	9898 1581.41
3754108	9924 1585.61
3800424	9951 1590.07
3846692	10011 1594.93
3892964	10088 1599.78
3939288	10140 1605.17
3985600	10195 1610.55
4031924	10266 1615.27
4078244	10319 1619.87
4124564	10371 1624.72
4170884	10445 1631.02
4217220	10500 1639.42
4263548	10551 1648.48
4309848	10590 1657.01
4356160	10655 1666.20
4402456	10715 1675.38
4448764	10762 1684.05
4495088	10822 1693.23
4541396	10863 1702.68
4587700	10909 1712.66
4634016	11152 1723.16
4680332	11225 1733.79
4726640	11304 1744.95
4772948	11376 1755.97
4819252	11471 1767.13
4865560	11544 1778.42
4911880	11636 1789.83
4958188	11727 1801.38
5004508	11814 1813.72
5050828	11961 1826.19
5097144	12154 1839.05
5143480	12410 1851.92
5189792	12551 1865.30
5236100	12683 1878.17
5282412	12744 1872.52
5328732	12778 1838.92
5375040	12806 1808.34
5421360	12809 1782.62
5467680	12776 1759.78
5513996	12728 1739.17
5560308	12638 1720.27
5606624	12488 1703.34
5652940	12299 1687.72
5699256	12051 1673.94
5745604	11720 1662.00
5791920	11402 1651.23
5838216	11089 1641.65
5884532	10822 1634.17
5930844	10613 1628.79
5977160	10425 1624.46
6023476	10249 1620.78
6069776	10062 1616.06
6116100	9917 1611.20
6162408	9796 1606.35
6208656	9670 1601.49
6254948	9612 1596.63
6301220	9575 1592.70
6347496	9541 1588.63
6393760	9535 1585.22
6440044	9523 1582.07
6486304	9509 1579.44
6532568	9521 1576.82
6578844	9517 1574.32
6625108	9529 1572.09
6671380	9526 1569.73
6717648	9513 1567.76
6763900	9525 1565.66
6810172	9519 1563.17
6856444	9526 1563.95
6902712	9534 1563.03
6948984	9543 1561.98
6995296	9548 1560.93
7041556	9551 1560.93
7087824	9557 1560.80
7134108	9552 1560.15
7180392	9548 1559.75
7226636	9542 1559.75
7272908	9539 1559.36
7319176	9543 1559.23
7365444	9534 1558.97
7411724	9527 1558.70
7458000	9518 1558.57
7504244	9515 1557.39
7550528	9491 1556.08
7596804	9487 1555.55
7643072	9478 1555.42
7689352	9463 1555.42
7735656	9463 1555.55
7781932	9450 1555.68
7828220	9449 1555.55
7874488	9438 1555.82
7920772	9437 1555.95
7967076	9432 1555.82
8013356	9427 1555.95
8059640	9418 1556.08
8105904	9408 1556.21
8152184	9411 1556.21
8198436	9403 1556.34
8244704	9397 1556.34
8290976	9402 1556.34
8337244	9402 1556.47
8383508	9387 1556.34
8429772	9390 1556.47
8476012	9382 1556.60
8522288	9390 1556.47
8568552	9380 1556.47
8614812	9382 1556.60
8661096	9366 1556.47
8707348	9368 1556.60
8753612	9360 1556.87
8799880	9366 1556.73
8846132	9359 1556.73
8892404	9345 1556.73
8938672	9345 1557.00
8984940	9351 1557.00
9031200	9338 1556.87
9077432	9348 1557.00
9123696	9337 1557.00
9169952	9337 1557.00
9216200	9326 1557.13
9262428	9329 1557.00
9308692	9326 1557.13
9354952	9324 1557.13
9401224	9326 1557.13
9447492	9326 1557.13
9493764	9333 1557.26
9540044	9334 1557.26
9586316	9331 1557.26
9632580	9334 1557.26
9678860	9347 1557.39
9725136	9345 1557.26
9771400	9331 1557.39
9817672	9341 1557.39
9863944	9349 1557.39
9910212	9356 1557.39
9956496	9341 1557.39
00002796	9356 1557.39
00049116	9347 1557.39
00095448	9349 1557.39
00141784	9351 1557.52
00188088	9354 1557.52
00234392	9355 1557.52
00280740	9346 1557.52
00327076	9354 1557.52
00373388	9363 1557.52
00419696	9363 1557.52
00466032	9362 1557.65
00512368	9361 1557.65
00558700	9365 1557.52
00605004	9371 1557.65
00651340	9369 1557.65
00697676	9365 1557.65
00744004	9372 1557.65
00790312	9373 1557.78
00836656	9373 1557.78
00882992	9375 1557.78
00929340	9379 1557.65
00975644	9376 1557.78
01021988	9377 1557.52
01068320	9378 1557.78
01114656	9386 1557.65
01160988	9377 1557.78
01207324	9381 1557.78
01253656	9385 1557.78
01299992	9398 1557.78
01346332	9387 1557.78
01392656	9390 1557.78
01438992	9391 1557.78
01485332	9394 1557.65
01531680	9396 1557.78
01578016	9396 1557.78
01624352	9382 1557.78
01670688	9394 1557.92
01717016	9389 1557.65
01763356	9394 1557.78
01809688	9399 1557.92
01856024	9403 1557.92
01902364	9397 1557.92
01948688	9401 1557.92
01995028	9398 1557.78
02041364	9405 1557.92
02087712	9394 1557.78
02134048	9394 1557.92
02180384	9393 1557.92
02226732	9401 1558.05
02273052	9406 1557.92
02319384	9403 1557.92
02365692	9406 1558.05
02412020	9408 1557.92
02458316	9414 1557.92
02504616	9406 1558.05
02550956	9410 1558.05
02597296	9404 1557.92
02643592	9421 1557.78
02689888	9423 1558.05
02736224	9419 1557.92
02782540	9418 1558.05
02828864	9411 1558.05
02875160	9427 1558.05
02921464	9423 1557.92
02967768	9419 1557.92
03014076	9421 1557.92
03060392	9418 1558.05
03106700	9425 1557.92
03153036	9425 1558.05
03199352	9427 1558.05
03245684	9426 1558.05
03292016	9425 1558.05
03338328	9431 1557.92
03384656	9435 1558.18
03430976	9441 1558.05
03477280	9441 1558.18
03523608	9444 1558.05
03569920	9440 1557.92
03616244	9432 1557.92
03662540	9438 1558.18
03708860	9446 1558.05
03755200	9451 1558.05
03801524	9465 1558.05
03847816	9459 1558.05
03894116	9472 1558.05
03940432	9477 1558.05
03986760	9484 1558.05
04033080	9491 1558.05
04079384	9494 1558.05
04125680	9497 1558.05
04171984	9512 1558.05
04218284	9512 1558.18
04264584	9521 1558.05
04310884	9539 1558.05
04357212	9534 1558.05
04403532	9545 1558.05
04449848	9549 1558.18
04496152	9559 1558.05
04542456	9564 1558.05
04588780	9575 1558.05
04635076	9580 1558.05
04681388	9590 1558.18
04727696	9594 1558.05
04774004	9604 1558.18
04820344	9610 1558.18
04866656	9617 1558.18
04912960	9623 1558.18
04959288	9633 1558.18
05005616	9644 1558.18
05051960	9655 1558.31
05098272	9665 1558.18
05144608	9671 1558.05
05190940	9679 1558.05
05237284	9682 1558.18
05283600	9701 1558.18
05329916	9711 1558.31
05376216	9718 1558.05
05422544	9727 1558.18
05468840	9740 1558.18
05515132	9761 1558.05
05561476	9757 1558.18
05607812	9781 1558.57
05654124	9793 1558.97
05700432	9802 1560.15
05746760	9816 1561.20
05793092	9821 1562.64
05839420	9831 1564.08
05885724	9846 1565.79
05932056	9858 1567.89
05978364	9865 1570.65
06024688	9885 1574.06
06070996	9891 1577.60
06117304	9913 1581.15
06163608	9938 1585.35
06209920	9965 1589.81
06256256	10044 1594.80
06302564	10102 1599.65
06348956	10154 1605.03
06395320	10219 1610.28
06441664	10273 1615.14
06488008	10346 1619.60
06534396	10396 1624.72
06580788	10464 1631.15
06627120	10510 1639.42
06673504	10554 1648.48
06719884	10607 1657.27
06766268	10654 1666.46
06812620	10736 1675.52
06859000	10778 1684.18
06905384	10837 1693.23
06951736	10887 1702.95
06998124	10957 1713.05
07044504	11163 1723.82
07090864	11240 1734.32
07137212	11315 1745.47
07183592	11383 1756.50
07229976	11489 1767.52
07276340	11571 1778.81
07322696	11665 1790.10
07369084	11756 1801.91
07415464	11839 1814.12
07461828	11984 1826.58
07508212	12163 1839.45
07554592	12432 1852.57
07600940	12561 1865.70
07647332	12682 1878.69
07693700	12750 1869.37
07740060	12796 1834.98
07786416	12811 1804.80
07832800	12808 1779.20
07879160	12779 1756.63
07925532	12720 1736.28
07971884	12625 1717.65
08018268	12471 1700.72
08064644	12286 1685.36
08111004	12034 1671.97
08157384	11700 1659.90
08203760	11391 1649.40
08250128	11087 1640.08
08296484	10822 1632.86
08342848	10619 1627.48
08389200	10431 1623.54
08435556	10239 1619.60
08481952	10068 1615.01
08528324	9923 1610.15
08574656	9811 1605.43
08620948	9684 1600.44
08667296	9640 1595.72
08713624	9603 1591.91
08759936	9576 1587.84
08806248	9556 1584.69
08852572	9556 1581.80
08898896	9534 1579.05
08945212	9534 1576.29
08991504	9535 1573.80
09037816	9523 1571.57
09084140	9529 1569.20
09130456	9527 1566.97
09176756	9519 1565.00
09223048	9529 1562.77
09269372	9529 1563.82
09315676	9538 1562.77
09362008	9546 1561.59
09408316	9539 1560.93
09454648	9556 1560.80
09500992	9552 1560.41
09547324	9553 1559.88
09593636	9551 1559.62
09639960	9552 1559.23
09686276	9544 1559.10
09732612	9538 1558.97
09778964	9534 1558.83
09825268	9526 1558.44
09871596	9520 1558.31
09917924	9499 1556.87
09964228	9498 1555.68
10010568	9494 1555.68
10056908	9481 1555.55
10103240	9476 1555.42
10149544	9461 1555.29
10195848	9454 1555.42
10242196	9448 1555.42
10288528	9447 1555.55
10334840	9435 1555.68
10381148	9432 1555.82
10427484	9435 1555.95
10473820	9421 1555.95
10520148	9414 1555.95
10566456	9420 1556.08
10612780	9411 1556.08
10659116	9398 1556.08
10705452	9406 1556.08
10751760	9403 1556.21
10798064	9403 1556.21
10844376	9393 1556.21
10890708	9394 1556.21
10937016	9386 1556.34
10983324	9383 1556.47
11029672	9379 1556.34
11076008	9369 1556.34
11122316	9367 1556.47
11168632	9366 1556.60
11214964	9366 1556.60
11261292	9359 1556.60
11307592	9353 1556.60
11353884	9352 1556.60
11400200	9348 1556.73
11446516	9344 1556.73
11492820	9340 1556.87
11539128	9342 1556.87
11585428	9340 1556.87
11631764	9336 1556.87
11678096	9325 1556.87
11724408	9326 1556.87
11770744	9324 1556.87
11817076	9334 1556.87
11863408	9327 1557.00
11909748	9339 1557.00
11956040	9331 1557.13
12002320	9341 1557.00
12048612	9347 1557.00
12094928	9337 1557.13
12141216	9343 1557.13
12187520	9346 1557.13
12233876	9347 1557.26
12280208	9342 1557.13
12326528	9349 1557.26
12372836	9358 1557.13
12419176	9353 1557.26
12465508	9347 1557.26
12511836	9351 1557.26
12558140	9350 1557.26
12604468	9360 1557.39
12650812	9363 1557.26
12697148	9357 1557.26
12743448	9351 1557.39
12789776	9363 1557.26
12836112	9356 1557.39
12882452	9365 1557.39
12928796	9373 1557.39
12975136	9369 1557.39
13021472	9372 1557.26
13067820	9377 1557.39
13114144	9371 1557.39
13160484	9376 1557.39
13206812	9372 1557.39
13253160	9388 1557.52
13299484	9380 1557.52
13345820	9378 1557.39
13392160	9382 1557.52
13438504	9380 1557.52
13484828	9391 1557.52
13531168	9380 1557.39
13577504	9372 1557.52
13623852	9399 1557.52
13670172	9386 1557.52
13716496	9385 1557.52
13762832	9394 1557.52
13809172	9391 1557.52
13855520	9387 1557.52
13901856	9386 1557.52
13948192	9400 1557.52
13994532	9398 1557.65
14040856	9396 1557.65
14087188	9395 1557.65
14133520	9399 1557.65
14179860	9392 1557.65
14226204	9403 1557.52
14272544	9397 1557.52
14318880	9405 1557.65
14365220	9404 1557.65
14411544	9401 1557.65
14457880	9406 1557.65
14504216	9402 1557.65
14550552	9403 1557.78
14596892	9404 1557.78
14643228	9407 1557.52
14689560	9416 1557.65
14735896	9408 1557.65
14782236	9412 1557.65
14828572	9414 1557.65
14874904	9408 1557.65
14921240	9417 1557.65
14967580	9419 1557.65
15013908	9416 1557.78
15060244	9413 1557.65
15106580	9421 1557.78
15152924	9418 1557.65
15199260	9424 1557.65
15245596	9417 1557.78
15291928	9424 1557.65
15338268	9425 1557.78
15384608	9430 1557.92
15430940	9434 1557.78
15477288	9427 1557.65
15523608	9434 1557.92
15569944	9429 1557.78
15616276	9435 1557.78
15662616	9433 1557.78
15708952	9433 1557.78
15755292	9428 1557.78
15801620	9437 1557.78
15847956	9430 1557.78
15894296	9430 1557.78
15940624	9443 1557.78
15986960	9445 1557.78
16033300	9440 1557.92
16079644	9441 1557.92
16125980	9448 1557.78
16172312	9450 1557.78
16218648	9471 1557.92
16264988	9468 1557.78
16311324	9476 1557.92
16357656	9488 1557.92
16403992	9489 1557.78
16450332	9497 1557.92
16496668	9491 1557.92
16543000	9506 1557.92
16589336	9515 1557.92
16635676	9518 1557.92
16682004	9528 1557.92
16728340	9535 1558.05
16774676	9541 1557.92
16821012	9549 1557.92
16867320	9561 1557.92
16913652	9561 1557.92
16959984	9577 1557.78
17006300	9582 1557.92
17052636	9591 1557.92
17098972	9584 1557.78
17145304	9597 1557.92
17191608	9621 1557.92
17237916	9623 1557.78
17284268	9622 1557.92
17330600	9635 1557.78
17376908	9636 1557.92
17423220	9648 1557.92
17469556	9668 1557.92
17515888	9663 1557.92
17562220	9681 1557.92
17608524	9691 1557.92
17654864	9707 1557.92
17701200	9711 1557.78
17747532	9721 1557.92
17793836	9733 1557.92
17840168	9732 1557.92
17886504	9754 1557.92
17932852	9758 1557.92
17979168	9782 1558.05
18025508	9781 1558.57
18071832	9800 1559.10
18118164	9807 1560.02
18164508	9822 1561.20
18210820	9838 1562.64
18257120	9845 1564.08
18303428	9850 1566.05
18349728	9857 1568.28
18396020	9879 1571.30
18442340	9888 1574.58
18488668	9901 1578.26
18534976	9930 1582.07
18581288	9944 1586.40
18627620	9978 1590.73
18673932	10075 1595.72
18720236	10122 1600.70
18766608	10181 1606.22
18812984	10238 1611.33
18859360	10303 1615.93
18905744	10367 1620.39
18952112	10421 1626.03
18998496	10484 1632.73
19044876	10529 1641.39
19091236	10576 1650.32
19137616	10630 1659.24
19184004	10672 1668.30
19230388	10747 1677.22
19276736	10796 1685.88
19323100	10860 1695.20
19369472	10905 1705.05
19415840	11039 1715.42
19462196	11200 1726.05
19508576	11272 1736.94
19554948	11340 1747.83
19601284	11417 1758.86
19647672	11526 1769.88
19694052	11614 1781.43
19740412	11689 1792.85
19786800	11786 1804.27
19833200	11881 1816.87
19879584	12043 1829.34
19925940	12215 1842.47
19972320	12491 1855.33
20018704	12617 1868.98
20065080	12736 1880.27
20111456	12806 1864.38
20157832	12835 1828.29
20204212	12843 1799.42
20250564	12841 1774.61
20296944	12807 1752.69
20343332	12746 1732.61
20389708	12648 1714.50
20436084	12490 1697.83
20482456	12290 1682.60
20528820	12022 1669.35
20575164	11697 1657.67
20621524	11383 1647.43
20667900	11073 1638.50
20714268	10826 1631.42
20760640	10619 1626.43
20807012	10421 1622.88
20853392	10249 1618.55
20899756	10079 1613.96
20946144	9939 1608.97
20992528	9809 1604.51
21038876	9690 1599.39
21085212	9643 1594.67
21131544	9610 1590.86
21177876	9573 1587.05
21224220	9559 1584.03
21270544	9558 1581.02
21316848	9543 1578.26
21363148	9528 1575.77
21409464	9529 1573.14
21455768	9529 1570.91
21502120	9528 1568.68
21548456	9522 1566.58
21594764	9521 1564.48
21641072	9523 1562.12
21687400	9526 1563.56
21733732	9539 1562.38
21780060	9542 1561.07
21826360	9546 1560.80
21872696	9549 1560.54
21919020	9545 1560.28
21965356	9553 1559.62
22011676	9550 1559.23
22058012	9549 1559.10
22104344	9547 1558.83
22150676	9539 1558.83
22197020	9530 1558.44
22243364	9521 1558.31
22289696	9521 1558.05
22336044	9507 1556.73
22382356	9500 1555.68
22428668	9487 1555.42
22475000	9475 1555.29
22521332	9476 1555.29
22567640	9459 1555.29
22613948	9462 1555.29
22660288	9452 1555.29
22706620	9439 1555.42
22752924	9437 1555.55
22799232	9437 1555.42
22845576	9425 1555.55
22891916	9426 1555.68
22938248	9421 1555.68
22984564	9421 1555.68
23030892	9411 1555.95
23077216	9400 1555.95
23123548	9399 1555.95
23169852	9402 1555.95
23216184	9393 1556.08
23262532	9389 1555.95
23308864	9388 1556.08
23355168	9379 1556.08
23401500	9380 1556.08
23447808	9374 1556.21
23494112	9363 1556.21
23540412	9363 1556.21
23586752	9367 1556.34
23633088	9365 1556.34
23679416	9357 1556.21
23725720	9355 1556.47
23772028	9360 1556.47
23818364	9340 1556.47
23864704	9347 1556.47
23911040	9341 1556.60
23957348	9338 1556.47
24003688	9341 1556.73
24050016	9338 1556.73
24096348	9329 1556.60
24142652	9334 1556.73
24188984	9334 1556.73
24235316	9320 1556.73
24281660	9339 1556.73
24327968	9341 1556.73
24374304	9333 1556.87
24420640	9336 1556.73
24466984	9338 1556.87
24513308	9346 1556.87
24559644	9350 1556.73
24605976	9345 1556.73
24652316	9350 1556.87
24698652	9348 1557.00
24744980	9352 1557.00
24791300	9354 1557.00
24837592	9356 1556.87
24883884	9356 1556.87
24930172	9358 1557.00
24976508	9360 1557.00
25022832	9362 1557.13
25069116	9370 1557.00
25115424	9355 1557.00
25161748	9370 1557.13
25208032	9357 1557.13
25254324	9364 1557.00
25300640	9360 1557.13
25346964	9362 1557.13
25393260	9372 1557.00
25439604	9370 1557.13
25485924	9381 1557.13
25532220	9375 1557.13
25578556	9364 1557.13
25624904	9387 1557.26
25671240	9379 1557.26
25717548	9384 1557.26
25763896	9378 1557.26
25810236	9378 1557.26
25856576	9377 1557.13
25902872	9383 1557.26
25949216	9388 1557.26
25995552	9395 1557.26
26041888	9390 1557.26
26088216	9397 1557.39
26134544	9393 1557.26
26180884	9379 1557.39
26227220	9399 1557.39
26273564	9389 1557.26
26319900	9393 1557.39
26366240	9398 1557.26
26412576	9394 1557.26
26458908	9400 1557.39
26505232	9396 1557.39
26551568	9395 1557.39
26597912	9413 1557.39
26644252	9396 1557.39
26690576	9404 1557.26
26736912	9408 1557.26
26783252	9414 1557.52
26829600	9402 1557.39
26875932	9409 1557.39
26922264	9403 1557.52
26968600	9409 1557.39
27014940	9411 1557.39
27061280	9409 1557.39
27107616	9407 1557.52
27153952	9410 1557.39
27200284	9421 1557.52
27246620	9409 1557.52
27292948	9423 1557.52
27339284	9416 1557.39
27385632	9417 1557.39
27431964	9420 1557.52
27478304	9426 1557.65
27524652	9432 1557.52
27570972	9432 1557.52
27617308	9425 1557.65
27663640	9430 1557.52
27709980	9435 1557.39
27756316	9432 1557.52
27802640	9426 1557.65
27848976	9430 1557.52
27895316	9433 1557.52
27941664	9428 1557.52
27988000	9434 1557.52
28034336	9426 1557.65
28080680	9433 1557.52
28127004	9441 1557.52
28173324	9445 1557.52
28219664	9436 1557.65
28266004	9444 1557.65
28312348	9443 1557.52
28358684	9447 1557.52
28405024	9448 1557.52
28451368	9445 1557.52
28497688	9441 1557.65
28544028	9450 1557.52
28590356	9447 1557.52
28636692	9447 1557.52
28683036	9449 1557.65
28729376	9451 1557.65
28775708	9446 1557.52
