19237 1542.23
19242 1542.23
19240 1542.23
19240 1542.23
19238 1542.23
19244 1542.36
19243 1542.23
19233 1542.23
19245 1542.23
19236 1542.11
19237 1542.23
19237 1542.23
19240 1542.11
19237 1542.11
19234 1542.11
19234 1542.23
19236 1542.23
19232 1542.23
19239 1542.11
19239 1542.11
19233 1542.23
19235 1542.23
19238 1541.98
19244 1542.11
19240 1542.36
19230 1542.11
19234 1542.23
19237 1542.11
19238 1542.11
19236 1542.11
19234 1542.11
19233 1542.23
19234 1542.23
19235 1542.11
19232 1542.23
19236 1542.11
19238 1542.11
19231 1542.23
19232 1542.23
19230 1542.11
19233 1542.23
19236 1542.11
19235 1542.11
19233 1542.23
19238 1542.23
19239 1542.11
19234 1542.11
19234 1542.23
19229 1542.23
19236 1542.11
19232 1542.11
19231 1542.23
19232 1542.23
19231 1542.23
19231 1542.11
19232 1542.11
19236 1542.11
19228 1542.23
19230 1542.23
19235 1542.11
19236 1542.23
19231 1542.11
19231 1542.23
19237 1542.23
19233 1542.11
19237 1542.23
19240 1542.23
19233 1542.23
19237 1542.11
19235 1542.23
19237 1542.11
19236 1542.23
19242 1542.11
19234 1542.23
19232 1542.23
19228 1542.23
19241 1542.23
19238 1542.23
19237 1542.11
19233 1542.23
19237 1542.11
19231 1542.23
19234 1542.23
19233 1542.23
19231 1542.23
19237 1542.11
19235 1542.11
19238 1542.11
19239 1542.23
19232 1542.23
19233 1542.23
19234 1542.11
19238 1542.11
19231 1542.23
19239 1542.11
19236 1542.23
19236 1542.36
19232 1542.23
19233 1542.23
19234 1542.23
19236 1542.23
19234 1542.23
19230 1542.23
19234 1542.11
19231 1542.23
19234 1542.11
19239 1542.23
19235 1542.11
19234 1542.11
19234 1542.23
19233 1542.23
19232 1542.23
19237 1542.23
19231 1542.11
19239 1542.23
19232 1542.23
19237 1542.11
19235 1542.11
19231 1542.11
19226 1542.11
19232 1542.23
19231 1542.11
19232 1542.23
19238 1542.11
19237 1542.36
19233 1542.11
19231 1542.23
19232 1542.23
19243 1542.23
19255 1542.11
19275 1542.11
19287 1542.23
19298 1542.11
19310 1542.23
19324 1542.23
19345 1542.23
19352 1542.11
19375 1542.23
19389 1542.11
19408 1542.23
19420 1542.11
19434 1542.11
19452 1542.11
19465 1542.11
19480 1542.23
19489 1542.23
19521 1542.11
19533 1541.98
19557 1542.23
19575 1542.23
19583 1542.11
19606 1542.23
19636 1542.11
19645 1542.23
19678 1542.23
19695 1542.36
19716 1542.11
19732 1542.23
19760 1542.23
19784 1542.23
19803 1542.23
19824 1542.11
19851 1542.23
19875 1542.11
19899 1542.23
19931 1542.11
19956 1541.98
19976 1542.23
20004 1542.11
20035 1542.23
20060 1542.23
20090 1542.23
20117 1542.11
20147 1542.23
20175 1542.11
20212 1542.11
20240 1542.23
20275 1541.98
20301 1542.23
20344 1542.23
20378 1542.23
20411 1542.11
20449 1542.23
20482 1542.23
20524 1542.23
20566 1542.23
20605 1542.23
20646 1542.11
20679 1542.11
20727 1542.23
20768 1542.23
20815 1542.11
20855 1542.11
20899 1542.11
20947 1542.23
20996 1542.23
21044 1542.23
21093 1542.11
21149 1542.23
21199 1542.23
21248 1542.23
21305 1542.11
21358 1542.23
21420 1542.11
21477 1542.23
21539 1542.11
21597 1542.23
21665 1542.11
21724 1542.23
21797 1542.23
21860 1542.23
21934 1542.23
22000 1542.11
22073 1542.11
22150 1542.23
22226 1542.23
22305 1542.11
22389 1542.11
22471 1542.11
22562 1542.36
22645 1542.11
22741 1542.36
22837 1542.23
22940 1542.23
23033 1542.23
23137 1542.23
23237 1542.11
23352 1542.23
23456 1542.11
23571 1542.23
23688 1542.23
23802 1542.23
23923 1542.23
24066 1542.23
24205 1542.23
24350 1542.23
24514 1542.49
24736 1542.36
25066 1542.49
25441 1542.62
25795 1542.74
26190 1543.00
26507 1543.26
26745 1543.51
26944 1543.51
27130 1544.02
27237 1544.41
27281 1544.66
27328 1545.05
27378 1545.68
27395 1546.20
27408 1546.83
27400 1547.35
27413 1548.11
27420 1548.75
27409 1549.52
27389 1550.41
27391 1551.18
27430 1552.20
27474 1553.23
27538 1554.25
27609 1555.14
27704 1556.29
27836 1557.57
28031 1557.70
28263 1551.95
28512 1552.20
28811 1553.10
29161 1554.12
29511 1555.40
29877 1556.80
30179 1558.47
30447 1560.26
30610 1562.30
30778 1564.60
30987 1567.16
31173 1569.46
31279 1571.89
31363 1574.57
31393 1577.25
31448 1579.94
31508 1582.75
31530 1585.31
31596 1587.99
31697 1590.67
31834 1593.23
31999 1595.66
32188 1598.22
32368 1600.39
32594 1602.31
32798 1604.09
32990 1606.01
33214 1607.55
33394 1609.08
33583 1610.23
33651 1609.97
33469 1608.18
33266 1606.14
33064 1604.09
32868 1602.05
32691 1599.62
32524 1597.45
32352 1594.89
32201 1592.21
32073 1587.35
32016 1584.16
32024 1580.71
32067 1577.51
32154 1571.25
32255 1566.90
32357 1562.94
32553 1559.10
32765 1555.40
32897 1551.56
32676 1548.11
32196 1544.66
31511 1541.59
30734 1538.91
29944 1536.61
29170 1534.56
28493 1532.90
27889 1531.63
27399 1530.86
26992 1530.35
26678 1530.09
26433 1529.96
26264 1530.09
26146 1530.35
26091 1530.73
26134 1531.11
26179 1531.63
26235 1531.88
26305 1532.39
26394 1532.78
26495 1533.16
26593 1533.67
26685 1534.05
26784 1534.31
26881 1534.82
26993 1535.20
27022 1535.72
27078 1535.97
27055 1536.48
27085 1536.74
27091 1537.12
27024 1537.38
26922 1538.02
26783 1538.14
26642 1538.40
26541 1538.53
26421 1538.91
26264 1539.17
26124 1539.55
25970 1539.68
25827 1539.81
25673 1540.06
25527 1540.32
25384 1540.44
25248 1540.70
25106 1540.70
24976 1540.83
24849 1540.83
24729 1540.96
24614 1540.96
24494 1541.21
24370 1541.21
24261 1541.08
24156 1541.08
24043 1541.34
23924 1541.21
23801 1541.34
23697 1541.34
23605 1541.34
23513 1541.34
23419 1541.47
23336 1541.34
23255 1541.47
23176 1541.47
23099 1541.47
23017 1541.47
22941 1541.59
22874 1541.59
22806 1541.59
22736 1541.59
22671 1541.59
22605 1541.59
22540 1541.59
22484 1541.59
22418 1541.59
22357 1541.72
22306 1541.72
22255 1541.85
22193 1541.59
22140 1541.72
22090 1541.85
22030 1541.85
21981 1541.72
21936 1541.85
21888 1541.98
21839 1541.85
21789 1541.85
21747 1541.98
21705 1541.85
21664 1541.85
21614 1541.85
21578 1542.11
21538 1541.85
21494 1541.98
21466 1541.98
21420 1541.85
21391 1541.85
21345 1541.85
21311 1541.98
21275 1541.85
21241 1541.98
21210 1541.98
21173 1541.98
21140 1541.98
21107 1541.98
21079 1541.85
21054 1541.98
21015 1542.11
20991 1541.98
20965 1541.98
20930 1541.98
20901 1542.11
20874 1541.98
20849 1541.98
20826 1541.98
20799 1542.11
20772 1541.98
20749 1542.23
20721 1542.11
20703 1542.11
20678 1542.11
20653 1542.11
20633 1542.11
20608 1541.98
20589 1542.11
20568 1542.11
20551 1542.11
20524 1542.11
20505 1542.11
20488 1542.11
20465 1542.11
20446 1542.11
20434 1542.11
20408 1542.23
20398 1542.11
20380 1542.23
20363 1541.98
20343 1542.23
20325 1542.23
20310 1542.11
20294 1542.23
20280 1542.36
20264 1542.11
20248 1542.23
20231 1542.23
20217 1542.23
20205 1542.23
20192 1542.23
20173 1542.23
20165 1542.23
20156 1542.23
20163 1542.11
20170 1542.23
20170 1542.23
20168 1542.23
20169 1542.36
20170 1542.23
20172 1542.23
20168 1542.36
20172 1542.23
20171 1542.23
20169 1542.23
20166 1542.23
20170 1542.23
20170 1542.36
20172 1542.11
20172 1542.36
20171 1542.23
20173 1542.36
20165 1542.23
20177 1542.36
20172 1542.23
20172 1542.36
20170 1542.23
20170 1542.23
20174 1542.23
20174 1542.36
20173 1542.36
20171 1542.36
20170 1542.36
20172 1542.36
20171 1542.23
20175 1542.36
20170 1542.23
20170 1542.36
20174 1542.36
20171 1542.36
20168 1542.36
20171 1542.23
20172 1542.49
20171 1542.36
20173 1542.23
20174 1542.36
20172 1542.36
20170 1542.36
20171 1542.36
20171 1542.36
20171 1542.23
20173 1542.36
20175 1542.36
20174 1542.36
20170 1542.23
20173 1542.36
20170 1542.36
20174 1542.36
20170 1542.36
20170 1542.49
20171 1542.36
20169 1542.36
20171 1542.36
20174 1542.36
20171 1542.36
20172 1542.36
20173 1542.36
20169 1542.36
20169 1542.36
20171 1542.49
20171 1542.36
20172 1542.36
20172 1542.36
20178 1542.36
20169 1542.36
20170 1542.36
20173 1542.36
20170 1542.36
20173 1542.49
20172 1542.36
20172 1542.36
20174 1542.49
20172 1542.36
20170 1542.36
20170 1542.49
20170 1542.23
20170 1542.49
20170 1542.23
20171 1542.36
20172 1542.49
20175 1542.49
20173 1542.36
20173 1542.36
20171 1542.49
20174 1542.49
20178 1542.49
20196 1542.49
20205 1542.49
20222 1542.36
20236 1542.49
20246 1542.36
20263 1542.36
20277 1542.36
20287 1542.49
20307 1542.36
20327 1542.49
20338 1542.49
20357 1542.49
20370 1542.49
20393 1542.49
20410 1542.36
20426 1542.49
20446 1542.49
20469 1542.36
20484 1542.49
20506 1542.49
20523 1542.49
20551 1542.49
20560 1542.36
20583 1542.49
20603 1542.49
20631 1542.36
20651 1542.49
20674 1542.49
20690 1542.36
20713  1533.80
26724 1534.18
26869 1534.56
26994 1534.95
27013 1535.33
27055 1535.72
27091 1536.23
27060 1536.61
27080 1536.87
27034 1537.25
26906 1537.63
26772 1537.89
26613 1538.27
26516 1538.40
26405 1538.78
26262 1539.17
26123 1539.29
25976 1539.55
25831 1539.68
25674 1539.93
25526 1540.19
25381 1540.19
25240 1540.44
25107 1540.57
24966 1540.57
24838 1540.83
24711 1540.70
24591 1540.83
24474 1540.96
24359 1540.96
24248 1541.08
24135 1540.96
24028 1540.96
23923 1541.08
23830 1541.21
23728 1541.21
23621 1541.21
23505 1541.34
23409 1541.34
23319 1541.34
23234 1541.34
23151 1541.34
23068 1541.34
22984 1541.47
22921 1541.47
22839 1541.59
22763 1541.47
22703 1541.47
22633 1541.59
22564 1541.59
22505 1541.47
22434 1541.59
22379 1541.59
22319 1541.59
22262 1541.59
22207 1541.59
22163 1541.59
22101 1541.59
22049 1541.72
22000 1541.59
21950 1541.72
21898 1541.72
21857 1541.72
21808 1541.59
21762 1541.72
21715 1541.85
21675 1541.72
21632 1541.72
21580 1541.72
21543 1541.72
21502 1541.85
21464 1541.72
21422 1541.85
21381 1541.85
21347 1541.85
21315 1541.85
21271 1541.72
21239 1541.72
21204 1541.85
21169 1541.98
21134 1541.85
21106 1541.98
21073 1541.85
21049 1541.98
21016 1541.98
20984 1541.85
20957 1541.85
20927 1541.98
20888 1541.98
20871 1541.98
20851 1542.11
20816 1542.11
20798 1542.11
20770 1542.11
20744 1541.98
20716 1541.98
20692 1542.11
20669 1541.98
20645 1541.98
20624 1542.11
20607 1542.11
20582 1541.98
20563 1542.11
20543 1542.11
20524 1541.98
20508 1542.11
20479 1542.11
20456 1542.11
20442 1542.11
20416 1541.98
20402 1541.98
20383 1542.11
20361 1542.11
20344 1542.11
20329 1542.11
20310 1541.98
20292 1542.11
20278 1542.11
20264 1541.98
20247 1541.98
20233 1542.11
20214 1542.11
20203 1542.11
20184 1541.98
20173 1542.11
20155 1542.11
20142 1542.11
20132 1542.23
20125 1542.23
20135 1542.23
20135 1542.23
20140 1542.11
20137 1542.11
20138 1542.23
20137 1542.23
20139 1542.11
20141 1542.23
20129 1542.23
20140 1542.23
20139 1542.23
20142 1542.23
20138 1542.23
20136 1542.11
20137 1542.11
20136 1542.23
20135 1542.23
26478 1542.74
26728 1543.00
26965 1543.00
27159 1543.00
27290 1543.13
27390 1543.51
27421 1543.64
27430 1543.77
27449 1544.15
27451 1544.79
27452 1545.30
27451 1545.94
27447 1546.45
27450 1547.22
27446 1547.86
27433 1548.62
27429 1549.52
27443 1550.41
27471 1551.44
27508 1551.82
27562 1552.20
27644 1552.46
27763 1548.75
27923 1549.01
28136 1549.39
28358 1550.29
28653 1551.31
28992 1552.59
29366 1553.86
29711 1555.27
30010 1557.19
30266 1559.10
30481 1561.15
30653 1563.32
30785 1565.75
30977 1568.05
31128 1570.74
31204 1573.29
31267 1575.98
31289 1578.66
31339 1581.47
31398 1584.16
31459 1586.84
31526 1589.52
31680 1592.21
31821 1594.76
32010 1597.19
32221 1599.49
32407 1601.79
32627 1603.84
32846 1605.63
33095 1607.29
33291 1608.82
33492 1610.23
33650 1610.74
33578 1609.59
33379 1607.55
33181 1605.50
32957 1603.46
32756 1601.28
32563 1598.98
32380 1596.30
32190 1592.59
32031 1589.27
31932 1585.95
31889 1582.62
31880 1579.17
31939 1572.78
32021 1568.69
32077 1564.73
32135 1560.89
32340 1557.06
32526 1553.10
32570 1549.39
32332 1545.94
31911 1542.74
31288 1539.93
30522 1537.38
29730 1535.20
28982 1533.16
28337 1531.88
27769 1530.73
27322 1530.09
26940 1529.58
26643 1529.45
26422 1529.45
26270 1529.71
26161 1530.09
26147 1530.35
26169 1530.73
26227 1531.24
26281 1531.75
26380 1532.14
26483 1532.52
26579 1533.03
26689 1533.41
26790 1533.93
26923 1534.44
27026 1534.82
27083 1535.20
27145 1535.46
27118 1535.84
27132 1536.35
27154 1536.74
27106 1536.99
27015 1537.38
26864 1537.76
26695 1538.02
26606 1538.40
26506 1538.65
26384 1538.91
26247 1539.17
26100 1539.42
25963 1539.68
25808 1539.93
25664 1539.93
25521 1540.06
25382 1540.32
25234 1540.44
25095 1540.57
24963 1540.57
24835 1540.70
24720 1540.83
24600 1540.70
24481 1540.83
24375 1540.96
24261 1540.96
24153 1541.08
24053 1541.08
23949 1541.08
23841 1540.96
23743 1541.21
23630 1541.08
23528 1541.21
23424 1541.21
23338 1541.21
23258 1541.21
23175 1541.34
23095 1541.34
23022 1541.34
22943 1541.47
22874 1541.34
22803 1541.34
22735 1541.47
22667 1541.47
22604 1 1542.49
20427 1542.36
20436 1542.36
20458 1542.36
20481 1542.49
20502 1542.49
20518 1542.49
20538 1542.36
20556 1542.49
20581 1542.36
20597 1542.49
20616 1542.49
20637 1542.36
20664 1542.49
20686 1542.49
20705 1542.36
20729 1542.49
20752 1542.49
20782 1542.36
20796 1542.36
20821 1542.49
20852 1542.49
20878 1542.49
20900 1542.49
20931 1542.62
20953 1542.36
20987 1542.49
21012 1542.36
21046 1542.49
21072 1542.49
21100 1542.49
21132 1542.36
21164 1542.36
21193 1542.49
21224 1542.36
21266 1542.62
21297 1542.49
21333 1542.36
21365 1542.49
21402 1542.49
21437 1542.62
21480 1542.62
21514 1542.62
21552 1542.49
21593 1542.49
21630 1542.49
21679 1542.36
21718 1542.36
21760 1542.49
21809 1542.49
21848 1542.49
21901 1542.49
21946 1542.49
21998 1542.62
22038 1542.49
22087 1542.36
22135 1542.49
22197 1542.49
22244 1542.49
22295 1542.49
22351 1542.49
22412 1542.49
22470 1542.49
22524 1542.62
22589 1542.62
22653 1542.49
22717 1542.49
22781 1542.49
22849 1542.49
22919 1542.49
22991 1542.62
23073 1542.62
23141 1542.62
23213 1542.49
23301 1542.49
23372 1542.62
23472 1542.62
23547 1542.62
23629 1542.49
23721 1542.62
23816 1542.36
23913 1542.49
24016 1542.49
24109 1542.62
24217 1542.62
24321 1542.62
24422 1542.62
24533 1542.62
24651 1542.62
24756 1542.62
24876 1542.62
24997 1542.62
25121 1542.62
25261 1542.62
25406 1542.62
25538 1542.62
25691 1542.62
25839 1542.62
26004 1542.74
26190 1542.74
26402 1542.74
26641 1542.87
26883 1543.00
27086 1543.13
27241 1543.13
27338 1543.26
27396 1543.38
27400 1543.64
27418 1543.77
27430 1544.02
27422 1544.28
27420 1544.92
27413 1545.56
27413 1546.07
27403 1546.83
27392 1547.60
27378 1548.50
27393 1549.39
27432 1550.03
27460 1549.65
27501 1547.09
27586 1547.35
27718 1547.60
27869 1548.24
28071 1549.01
28306 1549.77
28581 1550.80
28894 1552.08
29234 1553.23
29592 1554.76
29903 1556.55
30141 1558.47
30345 1560.38
30514 1562.68
30646 1564.86
30829 1567.41
30957 1570.10
31076 1572.53
31132 1575.34
31216 1578.02
31247 1580.71
31273 1583.52
31355 1586.20
31415 1588.89
31565 1591.57
31715 1594.13
31926 12.23
20197 1542.11
20203 1542.23
20202 1542.36
20197 1542.23
20195 1542.23
20197 1542.36
20197 1542.23
20198 1542.23
20198 1542.23
20199 1542.36
20206 1542.23
20203 1542.23
20195 1542.36
20204 1542.36
20201 1542.11
20198 1542.23
20198 1542.23
20199 1542.36
20197 1542.36
20204 1542.23
20195 1542.23
20198 1542.36
20197 1542.23
20195 1542.23
20194 1542.23
20198 1542.36
20195 1542.36
20196 1542.36
20199 1542.36
20201 1542.36
20197 1542.36
20201 1542.36
20197 1542.36
20199 1542.36
20198 1542.23
20195 1542.23
20200 1542.36
20195 1542.36
20194 1542.36
20197 1542.36
20196 1542.36
20196 1542.36
20197 1542.36
20195 1542.49
20199 1542.36
20196 1542.49
20199 1542.49
20197 1542.36
20198 1542.36
20195 1542.49
20197 1542.49
20196 1542.49
20193 1542.49
20196 1542.49
20197 1542.49
20200 1542.49
20195 1542.49
20198 1542.36
20195 1542.36
20197 1542.36
20192 1542.49
20197 1542.36
20196 1542.49
20196 1542.36
20195 1542.49
20197 1542.49
20194 1542.49
20194 1542.49
20193 1542.49
20198 1542.36
20195 1542.36
20200 1542.36
20195 1542.49
20198 1542.49
20196 1542.49
20194 1542.49
20190 1542.49
20196 1542.49
20196 1542.49
20193 1542.36
20200 1542.49
20194 1542.49
20196 1542.49
20195 1542.49
20196 1542.49
20198 1542.62
20214 1542.49
20229 1542.62
20243 1542.49
20255 1542.49
20269 1542.62
20287 1542.49
20304 1542.49
20322 1542.49
20336 1542.49
20349 1542.49
20364 1542.49
20382 1542.49
20400 1542.36
20419 1542.49
20441 1542.49
20453 1542.49
20470 1542.49
20487 1542.62
20512 1542.49
20531 1542.49
20552 1542.49
20569 1542.36
20588 1542.49
20612 1542.49
20629 1542.62
20654 1542.62
20673 1542.49
20697 1542.62
20721 1542.62
20740 1542.49
20761 1542.62
20786 1542.62
20820 1542.62
20842 1542.49
20865 1542.62
20887 1542.49
20912 1542.49
20941 1542.62
20970 1542.62
21000 1542.62
21032 1542.62
21053 1542.49
21084 1542.49
21115 1542.62
21152 1542.62
21184 1542.62
21213 1542.62
21247 1542.49
21279 1542.62
21317 1542.62
21350 1542.62
21386 1542.62
21420 1542.62
21455 1542.49
21498 1542.49
21540 1542.62
21578 1542.62
21622 1542.62
21665 1542.74
23575 1541.47
23486 1541.34
23396 1541.47
23315 1541.47
23231 1541.59
23149 1541.59
23081 1541.47
23001 1541.59
22930 1541.72
22861 1541.59
22795 1541.85
22726 1541.59
22657 1541.72
22602 1541.72
22532 1541.72
22475 1541.72
22414 1541.85
22355 1541.85
22302 1541.85
22246 1541.85
22196 1541.85
22133 1541.85
22079 1541.85
22023 1541.85
21979 1541.85
21933 1541.98
21888 1541.85
21836 1541.85
21796 1541.98
21746 1542.11
21707 1541.85
21668 1541.98
21620 1541.98
21577 1541.98
21543 1541.98
21501 1542.11
21458 1541.98
21421 1541.98
21388 1542.11
21349 1542.11
21320 1541.98
21281 1542.23
21245 1542.11
21216 1542.11
21179 1541.98
21144 1542.23
21116 1542.11
21092 1542.11
21052 1542.11
21030 1542.11
21000 1542.23
20967 1541.98
20945 1542.11
20912 1542.23
20884 1542.23
20855 1542.23
20833 1542.23
20806 1542.36
20781 1542.23
20763 1542.23
20734 1542.23
20715 1542.23
20695 1542.36
20659 1542.23
20651 1542.11
20624 1542.23
20604 1542.23
20581 1542.23
20567 1542.36
20547 1542.23
20528 1542.36
20499 1542.36
20488 1542.23
20465 1542.23
20446 1542.36
20427 1542.36
20414 1542.36
20390 1542.36
20380 1542.36
20363 1542.36
20342 1542.23
20330 1542.36
20313 1542.23
20294 1542.36
20282 1542.36
20266 1542.36
20249 1542.36
20238 1542.36
20224 1542.36
20212 1542.49
20195 1542.36
20187 1542.36
20199 1542.36
20200 1542.36
20201 1542.49
20203 1542.23
20200 1542.49
20203 1542.36
20197 1542.49
20198 1542.49
20208 1542.49
20203 1542.36
20206 1542.49
20200 1542.62
20204 1542.36
20198 1542.49
20202 1542.49
20203 1542.49
20203 1542.36
20201 1542.49
20199 1542.36
20201 1542.36
20201 1542.62
20200 1542.49
20196 1542.49
20204 1542.49
20203 1542.49
20202 1542.49
20200 1542.49
20208 1542.49
20205 1542.49
20205 1542.49
20207 1542.49
20202 1542.49
20201 1542.49
20202 1542.49
20202 1542.49
20204 1542.49
20204 1542.49
20199 1542.49
20204 1542.49
20204 1542.49
20199 1542.62
20204 1542.62
20201 1542.62
20203 1542.62
20209 1542.49
20201 1542.49
20204 1542.49
20202 1542.49
20200 1542.62
20205 1542.62
20210 1542.49
20205 1542.62
20203 1542.62
30472 1563.19
30627 1565.62
30806 1568.18
30924 1570.61
31021 1573.42
31078 1575.98
31168 1578.79
31185 1581.34
31248 1584.28
31309 1586.97
31418 1589.78
31556 1592.21
31723 1594.89
31955 1597.45
32165 1599.75
32378 1602.18
32599 1604.35
32812 1606.27
33049 1607.93
33276 1609.59
33490 1611.00
33630 1611.51
33521 1610.23
33329 1608.18
33146 1606.14
32932 1603.71
32715 1600.90
32526 1598.22
32323 1595.28
32149 1592.46
31991 1589.27
31863 1585.95
31821 1580.45
31797 1576.23
31840 1572.27
31894 1568.44
31933 1564.35
31976 1560.51
32149 1556.68
32280 1552.97
32336 1549.14
32240 1545.81
31834 1542.62
31224 1539.55
30462 1536.99
29670 1534.82
28940 1533.03
28300 1531.63
27733 1530.60
27281 1529.96
26879 1529.58
26570 1529.58
26320 1529.58
26162 1529.71
26058 1530.09
26014 1530.47
26043 1530.86
26095 1531.37
26169 1532.01
26276 1532.39
26381 1532.90
26504 1533.29
26639 1533.67
26777 1534.31
26930 1534.69
27052 1535.20
27083 1535.59
27092 1535.84
27124 1536.35
27095 1536.61
27106 1537.12
27048 1537.50
26933 1537.89
26793 1538.14
26646 1538.53
26556 1538.78
26454 1538.91
26316 1539.29
26178 1539.68
26040 1539.93
25899 1540.19
25758 1540.19
25616 1540.44
25476 1540.57
25337 1540.57
25208 1540.70
25071 1540.83
24940 1540.96
24777 1541.08
24625 1541.08
24494 1541.21
24370 1541.21
24253 1541.21
24140 1541.34
24029 1541.34
23919 1541.47
23816 1541.59
23714 1541.47
23624 1541.59
23528 1541.59
23433 1541.59
23345 1541.59
23266 1541.72
23181 1541.59
23100 1541.59
23026 1541.72
22957 1541.72
22878 1541.85
22812 1541.72
22743 1541.72
22678 1541.98
22614 1541.85
22551 1541.98
22487 1541.98
22427 1541.98
22371 1541.98
22314 1541.98
22255 1541.98
22202 1541.85
22152 1541.98
22104 1542.11
22047 1542.11
21995 1542.11
21952 1541.98
21903 1542.11
21854 1542.11
21814 1542.11
21765 1541.98
21723 1542.11
21681 1542.11
21636 1542.11
21596 1542.23
21560 1542.23
21513 1542.11
21480 1542.23
21440 1542.11
21403 1542.23
21364 1542.11
21339 1542.23
21298 1542.23
21266 1542.23
21233 1542.23
21209 1542.23
21171 1542.23
21141 1542.36
21111 1 1543.00
21367 1543.00
21409 1543.00
21446 1543.00
21483 1543.00
21522 1543.13
21555 1542.87
21603 1543.00
21644 1543.00
21682 1543.00
21726 1543.00
21766 1543.00
21819 1543.00
21860 1543.00
21904 1543.00
21952 1543.00
22009 1543.00
22056 1543.00
22104 1543.00
22157 1543.00
22213 1543.00
22266 1543.00
22320 1543.00
22379 1543.13
22434 1543.13
22488 1543.00
22549 1543.13
22609 1543.13
22678 1543.00
22748 1543.00
22812 1543.00
22881 1543.00
22950 1543.00
23029 1543.13
23098 1543.13
23177 1543.00
23259 1543.00
23332 1543.13
23418 1543.00
23509 1543.00
23594 1543.13
23678 1543.13
23771 1543.00
23872 1543.00
23959 1543.13
24069 1543.00
24169 1543.13
24273 1543.13
24375 1543.13
24485 1543.13
24598 1543.13
24713 1543.13
24830 1543.00
24951 1543.00
25077 1543.00
25208 1543.13
25351 1543.00
25503 1543.13
25666 1543.13
25834 1543.13
26009 1543.13
26202 1543.26
26403 1543.26
26651 1543.38
26901 1543.38
27119 1543.38
27304 1543.51
27432 1543.64
27504 1543.77
27527 1543.90
27537 1544.02
27546 1544.28
27542 1544.53
27532 1545.05
27525 1545.68
27528 1546.32
27525 1547.09
27529 1547.73
27515 1548.62
27528 1549.52
27543 1550.29
27583 1549.65
27620 1547.22
27682 1547.47
27786 1547.99
27941 1548.50
28120 1549.26
28335 1549.90
28585 1550.92
28870 1552.08
29189 1553.35
29525 1554.76
29795 1556.42
30015 1558.34
30203 1560.26
30396 1562.43
30580 1564.73
30710 1567.16
30873 1569.71
31005 1572.27
31079 1574.95
31136 1577.64
31177 1580.45
31214 1583.01
31281 1585.82
31373 1588.63
31489 1591.31
31671 1593.74
31817 1596.30
32010 1598.85
32273 1601.28
32496 1603.58
32714 1605.63
32885 1607.55
33123 1609.21
33341 1610.74
33511 1612.02
33555 1611.51
33375 1609.46
33181 1607.29
32967 1604.86
32769 1602.43
32566 1599.62
32376 1596.94
32199 1594.00
32027 1590.93
31890 1587.73
31819 1582.24
31786 1578.15
31791 1574.19
31851 1570.22
31898 1566.13
31925 1562.30
32049 1558.59
32163 1554.63
32274 1550.92
32252 1547.22
32030 1543.90
31515 1540.96
30860 1538.14
30092 1535.97
29348 1533.93
28685 1532.39
28082 1531.11
27599 1530.35
27187 1529.84
26848 1529.71
26583 1 1543.00
20246 1543.00
20244 1543.00
20251 1543.00
20246 1543.00
20248 1543.00
20247 1543.00
20248 1542.87
20242 1543.13
20245 1543.00
20247 1543.00
20243 1543.13
20247 1543.00
20242 1543.00
20247 1543.00
20250 1543.13
20250 1542.87
20244 1543.13
20247 1543.00
20246 1543.00
20248 1543.13
20246 1543.13
20245 1543.00
20248 1543.13
20246 1543.00
20249 1543.13
20247 1543.00
20248 1543.00
20247 1543.00
20247 1543.00
20251 1542.87
20245 1543.00
20250 1543.00
20247 1543.13
20247 1543.13
20246 1543.00
20250 1543.13
20244 1543.00
20245 1543.00
20244 1543.13
20246 1543.00
20243 1543.13
20245 1543.00
20249 1543.00
20248 1543.13
20249 1543.13
20245 1543.13
20247 1543.13
20246 1543.13
20251 1543.13
20271 1543.13
20283 1543.00
20293 1543.13
20311 1543.00
20328 1543.13
20347 1543.13
20359 1543.13
20377 1543.13
20396 1543.13
20408 1543.13
20422 1543.13
20442 1543.00
20458 1543.13
20475 1543.13
20498 1543.13
20513 1543.13
20536 1543.26
20556 1543.13
20574 1543.13
20593 1543.13
20611 1543.13
20627 1543.13
20647 1543.26
20673 1543.00
20696 1543.26
20718 1543.26
20739 1543.13
20759 1543.26
20786 1543.26
20807 1543.13
20832 1543.13
20858 1543.13
20877 1543.13
20904 1543.13
20928 1543.13
20959 1543.13
20988 1543.26
21018 1543.13
21044 1543.26
21073 1543.26
21099 1543.13
21128 1543.26
21161 1543.13
21192 1543.13
21224 1543.26
21253 1543.13
21290 1543.26
21321 1543.13
21353 1543.13
21385 1543.26
21424 1543.26
21460 1543.26
21502 1543.13
21531 1543.26
21577 1543.26
21616 1543.13
21649 1543.26
21693 1543.26
21737 1543.26
21776 1543.26
21826 1543.38
21860 1543.26
21912 1543.13
21957 1543.13
22002 1543.38
22059 1543.26
22103 1543.26
22152 1543.38
22207 1543.38
22256 1543.26
22315 1543.26
22365 1543.26
22428 1543.26
22486 1543.26
22544 1543.00
22602 1543.26
22664 1543.26
22729 1543.26
22796 1543.13
22864 1543.38
22930 1543.26
23003 1543.26
23085 1543.38
23155 1543.38
23229 1543.38
23303 1543.26
23386 1543.26
23472 1543.26
23559 1543.26
23642 1543.26
23730 1543.26
23823 1543.38
23916 1543.51
24015 1543.13
24108 1543.26
24220 1543.38
24321 1 1542.62
21420 1542.87
21380 1542.74
21348 1542.74
21313 1542.62
21275 1542.62
21251 1542.62
21211 1542.74
21183 1542.87
21147 1542.62
21116 1542.74
21085 1542.74
21060 1542.87
21031 1542.87
21001 1542.74
20974 1542.62
20945 1542.87
20920 1542.74
20891 1542.87
20866 1542.74
20835 1542.74
20817 1542.87
20791 1543.00
20762 1542.74
20742 1542.87
20718 1542.87
20695 1543.00
20678 1542.87
20653 1542.87
20636 1542.87
20614 1542.87
20585 1542.87
20573 1543.00
20558 1542.87
20532 1542.87
20517 1542.87
20492 1542.87
20467 1542.87
20452 1543.00
20433 1542.87
20416 1543.00
20406 1543.00
20385 1542.87
20364 1543.00
20350 1543.00
20333 1543.13
20320 1543.00
20311 1543.00
20293 1543.00
20278 1542.87
20263 1543.00
20243 1543.00
20229 1543.00
20217 1543.00
20202 1543.00
20196 1543.00
20198 1543.00
20214 1543.00
20206 1543.00
20208 1543.00
20207 1543.00
20207 1543.13
20208 1543.13
20209 1543.13
20206 1543.13
20206 1543.00
20212 1543.13
20211 1543.13
20209 1543.00
20211 1543.13
20208 1543.13
20207 1543.00
20211 1543.00
20213 1543.13
20208 1543.13
20208 1543.13
20211 1543.13
20213 1543.00
20213 1543.00
20208 1543.13
20212 1543.13
20213 1543.13
20204 1543.13
20211 1543.13
20206 1543.13
20208 1543.13
20211 1543.13
20209 1543.13
20207 1543.13
20215 1543.13
20208 1543.26
20207 1543.26
20211 1543.13
20207 1543.26
20207 1543.26
20209 1543.13
20210 1543.26
20211 1543.13
20211 1543.26
20210 1543.13
20212 1543.13
20211 1543.26
20208 1543.26
20211 1543.13
20208 1543.13
20208 1543.13
20213 1543.26
20208 1543.13
20215 1543.26
20213 1543.26
20214 1543.26
20206 1543.13
20210 1543.13
20214 1543.26
20206 1543.26
20208 1543.26
20210 1543.26
20207 1543.26
20209 1543.26
20216 1543.26
20208 1543.26
20211 1543.26
20215 1543.38
20211 1543.13
20212 1543.38
20210 1543.26
20207 1543.38
20211 1543.26
20216 1543.13
20212 1543.26
20214 1543.38
20206 1543.26
20211 1543.26
20213 1543.26
20211 1543.38
20210 1543.26
20211 1543.26
20216 1543.38
20219 1543.38
20211 1543.38
20212 1543.26
20212 1543.38
20213 1543.38
20213 1543.38
20209 1543.38
20212 1543.26
20212 1 1566.65
31866 1562.68
31980 1558.72
32063 1555.01
32179 1551.31
32189 1547.60
32028 1544.28
31551 1541.21
30919 1538.27
30168 1536.10
29412 1534.18
28745 1532.52
28154 1531.37
27658 1530.47
27248 1530.09
26904 1529.84
26642 1529.71
26453 1530.09
26308 1530.09
26240 1530.73
26251 1530.99
26282 1531.63
26313 1532.01
26397 1532.52
26477 1533.03
26576 1533.54
26680 1534.05
26777 1534.56
26897 1534.95
27006 1535.33
27089 1535.84
27110 1536.35
27124 1536.74
27125 1536.99
27133 1537.38
27123 1537.89
27015 1538.27
26874 1538.53
26738 1538.91
26638 1539.17
26545 1539.42
26433 1539.81
26297 1540.19
26163 1540.32
26029 1540.57
25880 1540.70
25744 1540.96
25603 1541.08
25470 1541.21
25348 1541.47
25227 1541.47
25105 1541.59
24980 1541.59
24867 1541.72
24745 1541.72
24585 1541.85
24451 1541.85
24329 1541.98
24216 1541.98
24108 1542.11
23998 1541.98
23893 1542.11
23801 1542.23
23704 1542.23
23615 1542.11
23517 1542.23
23426 1542.36
23348 1542.23
23263 1542.36
23183 1542.36
23108 1542.36
23035 1542.49
22961 1542.49
22889 1542.49
22820 1542.49
22750 1542.49
22683 1542.49
22620 1542.62
22561 1542.62
22500 1542.62
22441 1542.62
22387 1542.74
22328 1542.62
22269 1542.62
22218 1542.74
22169 1542.74
22116 1542.62
22063 1542.74
22016 1542.74
21973 1542.74
21921 1542.74
21875 1542.74
21839 1542.74
21789 1542.87
21750 1542.87
21696 1542.87
21658 1542.74
21626 1542.74
21581 1542.74
21542 1542.74
21504 1542.87
21462 1542.87
21423 1543.00
21392 1542.87
21354 1542.87
21326 1543.00
21290 1542.87
21254 1542.87
21220 1542.87
21187 1543.00
21158 1543.00
21128 1543.00
21104 1543.00
21073 1543.00
21044 1543.00
21019 1543.00
20987 1543.00
20955 1543.00
20938 1543.00
20904 1543.00
20875 1543.13
20853 1543.00
20831 1543.13
20810 1543.00
20793 1543.00
20767 1543.00
20738 1543.13
20719 1543.00
20699 1543.13
20676 1543.13
20655 1543.13
20629 1543.13
20611 1543.13
20594 1543.26
20574 1543.13
20549 1543.13
20535 1543.26
20513 1543.13
20496 1543.13
20476 1543.26
20457 1543.26
20443 1543.13
20424 1543.26
20405 1543.26
20390 1543.26
20377 1543.13
20360 1 1543.64
23230 1543.77
23307 1543.77
23383 1543.77
23464 1543.77
23554 1543.77
23635 1543.77
23722 1543.77
23818 1543.64
23906 1543.77
23999 1543.77
24098 1543.77
24200 1543.77
24305 1543.90
24410 1543.90
24514 1543.77
24623 1543.77
24730 1543.77
24847 1543.90
24966 1543.77
25087 1544.02
25212 1543.77
25339 1543.77
25484 1543.77
25628 1543.77
25780 1543.77
25922 1543.77
26082 1543.90
26256 1543.90
26455 1544.02
26683 1544.02
26930 1544.15
27146 1544.15
27325 1544.15
27454 1544.28
27542 1544.41
27571 1544.66
27576 1544.66
27586 1544.79
27565 1544.92
27552 1545.17
27539 1545.30
27540 1545.56
27526 1545.56
27519 1545.94
27497 1546.07
27499 1546.32
27515 1546.58
27552 1546.96
27592 1547.35
27665 1547.86
27776 1548.37
27933 1549.01
28100 1549.65
28338 1550.41
28586 1551.44
28871 1552.59
29203 1553.86
29506 1555.14
29770 1556.93
29997 1558.85
30162 1560.77
30345 1562.94
30524 1565.24
30692 1567.67
30873 1570.22
30985 1572.78
31047 1575.46
31094 1578.28
31174 1580.96
31201 1583.77
31250 1586.58
31312 1589.27
31461 1591.95
31627 1594.64
31838 1597.07
32070 1599.62
32271 1602.05
32522 1604.35
32725 1606.52
32922 1608.57
33108 1610.36
33360 1612.02
33542 1613.30
33583 1613.04
33448 1611.51
33250 1609.21
33052 1606.91
32842 1604.35
32648 1601.79
32447 1598.98
32253 1596.04
32080 1592.98
31926 1589.78
31795 1584.28
31748 1580.07
31732 1576.23
31750 1572.14
31810 1568.31
31840 1564.35
31887 1560.38
31995 1556.42
32088 1552.71
32156 1548.88
32099 1545.56
31719 1542.36
31135 1539.55
30422 1536.99
29642 1534.82
28944 1533.16
28310 1531.75
27751 1530.86
27302 1530.22
26916 1529.96
26604 1529.96
26378 1530.09
26207 1530.35
26104 1530.60
26088 1530.86
26112 1531.50
26151 1532.01
26203 1532.52
26295 1533.03
26382 1533.54
26516 1534.05
26654 1534.44
26790 1534.95
26932 1535.46
27069 1535.97
27098 1536.35
27091 1536.74
27115 1537.12
27094 1537.50
27109 1537.89
27035 1538.27
26909 1538.65
26746 1538.91
26625 1539.29
26523 1539.55
26420 1539.81
26276 1540.19
26138 1540.44
25998 1540.70
25727 1540.96
25712 1541.21
25569 1541.34
25438 1541.47
25306 1 1543.64
20212 1543.64
20215 1543.77
20212 1543.77
20213 1543.77
20210 1543.77
20217 1543.90
20217 1543.90
20214 1543.77
20209 1543.77
20211 1543.77
20209 1543.90
20211 1543.77
20215 1543.77
20216 1543.90
20212 1543.77
20211 1543.77
20212 1543.90
20211 1543.77
20212 1543.90
20213 1543.90
20211 1543.77
20211 1543.77
20211 1543.90
20214 1543.90
20213 1543.90
20218 1543.90
20216 1543.90
20216 1543.77
20213 1543.90
20213 1543.77
20211 1543.90
20215 1543.90
20211 1543.77
20213 1543.90
20209 1543.90
20213 1543.90
20215 1543.90
20216 1543.90
20216 1543.90
20212 1544.02
20213 1543.90
20213 1543.90
20211 1543.90
20215 1544.02
20217 1543.90
20216 1543.90
20213 1543.90
20213 1544.02
20211 1543.77
20214 1543.90
20219 1543.90
20217 1543.77
20215 1543.90
20216 1543.90
20215 1543.90
20216 1543.90
20213 1543.77
20216 1544.02
20216 1543.90
20218 1543.90
20217 1543.90
20214 1543.90
20215 1544.02
20214 1544.02
20219 1544.02
20216 1544.02
20215 1543.90
20218 1543.90
20215 1544.02
20218 1543.90
20215 1544.02
20214 1543.90
20216 1543.90
20217 1543.90
20216 1544.02
20212 1543.90
20216 1543.90
20217 1543.90
20214 1544.02
20220 1543.90
20212 1543.90
20219 1544.02
20214 1544.02
20218 1544.02
20217 1544.02
20217 1544.02
20214 1544.02
20217 1544.02
20217 1543.90
20216 1543.90
20217 1544.02
20219 1544.02
20220 1544.02
20214 1544.02
20215 1544.02
20219 1544.02
20216 1543.77
20214 1543.90
20214 1544.02
20220 1544.02
20214 1544.02
20213 1543.90
20214 1544.02
20216 1544.02
20222 1544.15
20215 1544.02
20217 1544.02
20218 1544.02
20217 1544.02
20214 1544.02
20222 1544.02
20214 1543.90
20216 1544.02
20218 1544.02
20219 1544.02
20219 1544.02
20217 1544.15
20220 1544.02
20217 1544.15
20217 1544.02
20218 1544.02
20215 1544.02
20213 1544.02
20215 1544.02
20219 1544.02
20218 1544.02
20221 1544.02
20218 1544.02
20218 1544.02
20219 1544.02
20219 1544.15
20221 1544.15
20219 1544.02
20218 1544.02
20222 1544.15
20221 1544.15
20223 1544.02
20218 1544.02
20214 1544.02
20224 1544.02
20214 1544.15
20223 1544.15
20222 1544.15
20216 1544.02
20217 1544.02
20219 1 1544.41
20217 1544.41
20221 1544.41
20222 1544.28
20224 1544.28
20218 1544.41
20218 1544.28
20216 1544.28
20222 1544.28
20221 1544.41
20218 1544.41
20220 1544.28
20223 1544.41
20222 1544.41
20220 1544.28
20217 1544.41
20219 1544.41
20217 1544.28
20224 1544.28
20221 1544.41
20220 1544.28
20218 1544.41
20218 1544.41
20217 1544.41
20224 1544.41
20217 1544.28
20218 1544.41
20218 1544.28
20220 1544.41
20224 1544.28
20219 1544.28
20222 1544.41
20223 1544.41
20217 1544.41
20222 1544.41
20224 1544.41
20221 1544.15
20224 1544.41
20217 1544.41
20220 1544.41
20222 1544.41
20219 1544.41
20225 1544.28
20229 1544.28
20220 1544.41
20219 1544.41
20219 1544.53
20227 1544.41
20223 1544.41
20219 1544.41
20218 1544.28
20224 1544.41
20222 1544.28
20216 1544.28
20228 1544.28
20218 1544.28
20219 1544.41
20218 1544.28
20222 1544.28
20216 1544.41
20217 1544.41
20221 1544.28
20225 1544.41
20219 1544.41
20222 1544.28
20221 1544.41
20221 1544.41
20226 1544.41
20221 1544.53
20221 1544.41
20223 1544.53
20220 1544.41
20223 1544.41
20222 1544.41
20221 1544.41
20218 1544.41
20225 1544.41
20222 1544.41
20224 1544.41
20220 1544.28
20220 1544.41
20222 1544.41
20218 1544.41
20224 1544.41
20229 1544.41
20222 1544.41
20223 1544.41
20217 1544.53
20223 1544.41
20224 1544.53
20226 1544.53
20219 1544.41
20222 1544.28
20222 1544.41
20232 1544.41
20224 1544.41
20223 1544.41
20221 1544.28
20223 1544.41
20222 1544.41
20220 1544.41
20226 1544.41
20220 1544.28
20224 1544.53
20224 1544.41
20221 1544.41
20222 1544.41
20225 1544.53
20217 1544.41
20223 1544.41
20221 1544.53
20229 1544.53
20221 1544.41
20222 1544.41
20223 1544.41
20220 1544.41
20221 1544.53
20225 1544.41
20221 1544.53
20221 1544.28
20221 1544.41
20223 1544.41
20222 1544.53
20222 1544.41
20222 1544.53
20219 1544.53
20225 1544.41
20221 1544.53
20217 1544.41
20218 1544.41
20218 1544.41
20223 1544.53
20220 1544.41
20220 1544.41
20219 1544.41
20221 1544.41
20225 1544.66
20219 1544.41
20219 1544.53
20216 1544.41
20229 1544.41
20221 1544.41
20226 1544.53
20222 1544.41
20223 1544.53
20221 1544.41
2 1544.79
20224 1544.66
20224 1544.66
20223 1544.66
20221 1544.66
20222 1544.66
20221 1544.66
20223 1544.66
20227 1544.66
20219 1544.79
20224 1544.79
20220 1544.66
20222 1544.53
20221 1544.66
20219 1544.53
20222 1544.66
20221 1544.66
20223 1544.66
20220 1544.66
20221 1544.79
20229 1544.66
20223 1544.66
20220 1544.66
20222 1544.66
20222 1544.53
20222 1544.66
20225 1544.66
20221 1544.66
20226 1544.66
20222 1544.66
20223 1544.66
20224 1544.79
20223 1544.66
20221 1544.66
20223 1544.66
20222 1544.66
20224 1544.66
20225 1544.66
20223 1544.66
20221 1544.66
20221 1544.66
20225 1544.66
20223 1544.79
20224 1544.66
20223 1544.66
20221 1544.53
20221 1544.66
20224 1544.66
20228 1544.79
20220 1544.66
20219 1544.66
20220 1544.66
20221 1544.53
20226 1544.66
20218 1544.66
20223 1544.66
20218 1544.66
20220 1544.66
20221 1544.53
20225 1544.66
20219 1544.66
20217 1544.66
20218 1544.53
20222 1544.79
20227 1544.66
20219 1544.79
20219 1544.66
20223 1544.66
20225 1544.79
20223 1544.66
20222 1544.79
20221 1544.79
20228 1544.66
20222 1544.79
20221 1544.79
20223 1544.66
20219 1544.66
20225 1544.66
20221 1544.66
20219 1544.66
20219 1544.66
20218 1544.66
20220 1544.66
20221 1544.66
20217 1544.66
20218 1544.66
20220 1544.66
20217 1544.66
20221 1544.66
20222 1544.66
20219 1544.66
20221 1544.66
20217 1544.79
20223 1544.66
20222 1544.66
20218 1544.66
20218 1544.79
20223 1544.66
20215 1544.66
20220 1544.79
20215 1544.79
20221 1544.66
20220 1544.66
20218 1544.66
20220 1544.79
20222 1544.66
20220 1544.66
20222 1544.66
20222 1544.66
20215 1544.79
20218 1544.66
20217 1544.79
20217 1544.79
20218 1544.66
20217 1544.66
20218 1544.79
20220 1544.66
20217 1544.79
20218 1544.79
20216 1544.79
20215 1544.79
20224 1544.66
20216 1544.79
20221 1544.66
20216 1544.79
20216 1544.66
20220 1544.66
20216 1544.79
20219 1544.66
20214 1544.66
20217 1544.66
20217 1544.66
20217 1544.66
20218 1544.66
20218 1544.66
20222 1544.79
20222 1544.79
20218 1544.79
20219 1544.66
20224 1544.66
20217 1544.79
20219 1544.66
20219 1544.79
20216 1544.66
20218 1544.79
20214 1544.66
20219 1 1544.92
20212 1544.92
20213 1544.92
20212 1544.92
20214 1544.79
20214 1544.92
20216 1544.79
20213 1544.79
20212 1544.92
20208 1544.92
20214 1544.79
20210 1544.92
20213 1544.92
20213 1544.92
20217 1544.92
20211 1544.92
20218 1544.92
20211 1544.79
20217 1544.92
20214 1544.92
20217 1544.92
20220 1544.79
20211 1544.92
20214 1544.92
20215 1544.92
20217 1544.92
20211 1544.92
20213 1544.92
20213 1544.79
20213 1545.05
20211 1544.79
20214 1544.92
20216 1544.92
20209 1544.79
20217 1544.79
20207 1544.79
20212 1544.79
20213 1544.92
20214 1544.92
20218 1544.92
20214 1544.79
20213 1545.05
20214 1544.92
20216 1544.92
20216 1544.79
20212 1544.92
20209 1544.92
20214 1544.92
20211 1544.92
20213 1544.92
20213 1544.92
20211 1544.92
20209 1545.05
20215 1544.92
20210 1544.79
20209 1544.92
20213 1544.92
20215 1544.79
20215 1544.92
20218 1544.92
20209 1544.92
20210 1544.92
20210 1544.92
20212 1544.92
20211 1544.92
20211 1544.79
20213 1544.92
20216 1544.92
20208 1544.92
20209 1544.79
20213 1544.79
20213 1544.92
20214 1544.92
20213 1544.92
20214 1544.92
20212 1544.92
20213 1544.92
20216 1544.92
20215 1544.79
20212 1544.92
20210 1544.92
20214 1544.92
20212 1544.92
20216 1544.79
20214 1544.92
20215 1544.92
20212 1544.92
20213 1544.92
20210 1544.79
20209 1544.92
20211 1544.92
20209 1544.92
20213 1544.92
20212 1544.92
20213 1545.05
20210 1544.92
20213 1544.92
20208 1544.92
20210 1544.79
20210 1544.92
20212 1544.92
20211 1544.92
20212 1544.92
20210 1545.05
20212 1544.92
20215 1544.92
20210 1544.79
20212 1545.05
20220 1544.92
20211 1544.92
20215 1544.92
20208 1545.05
20214 1544.92
20213 1544.92
20214 1544.92
20216 1544.92
20212 1544.92
20217 1544.92
20211 1545.05
20212 1544.92
20211 1544.92
20217 1544.92
20212 1544.92
20210 1545.05
20213 1545.05
20220 1544.92
20216 1544.79
20214 1545.05
20211 1544.92
20216 1545.05
20213 1544.92
20214 1544.92
20212 1544.92
20215 1544.92
20216 1544.92
20212 1545.05
20211 1544.92
20214 1544.92
20211 1544.92
20218 1545.05
20215 1544.92
20211 1544.92
20212 1544.92
20207 1544.92
20206 1545.05
20211 1545.05
20212 1545.05
 1545.05
20213 1545.05
20216 1544.92
20206 1545.17
20211 1544.92
20211 1545.05
20209 1545.05
20212 1545.05
20210 1545.05
20205 1545.05
20213 1545.05
20211 1545.05
20213 1545.05
20214 1544.92
20212 1545.05
20217 1545.05
20206 1545.17
20209 1545.05
20209 1545.05
20211 1545.05
20210 1545.05
20210 1545.05
20209 1545.05
20209 1545.05
20213 1545.05
20209 1545.05
20209 1545.05
20213 1544.92
20209 1545.05
20211 1545.05
20207 1545.17
20209 1545.05
20204 1545.05
20210 1544.92
20212 1544.92
20212 1545.05
20210 1545.05
20208 1545.05
20211 1545.05
20211 1545.05
20209 1545.05
20208 1545.05
20206 1545.05
20208 1545.05
20206 1545.05
20210 1545.05
20211 1545.05
20207 1545.17
20206 1545.05
20211 1545.05
20209 1545.05
20210 1545.17
20209 1545.05
20211 1545.17
20211 1545.05
20211 1545.05
20211 1545.05
20209 1545.05
20213 1545.05
20208 1545.05
20206 1545.05
20207 1545.05
20208 1544.92
20211 1544.92
20208 1545.05
20210 1545.05
20210 1545.05
20208 1545.17
20211 1545.05
20208 1545.17
20211 1545.05
20209 1545.05
20207 1545.05
20209 1545.05
20214 1545.05
20210 1545.05
20207 1545.17
20206 1545.05
20207 1545.05
20214 1545.05
20206 1544.92
20209 1545.17
20215 1545.05
20203 1545.05
20209 1545.17
20214 1545.05
20210 1545.17
20211 1545.05
20212 1545.05
20209 1545.05
20207 1545.05
20216 1545.05
20209 1545.05
20207 1545.17
20211 1545.17
20208 1545.05
20204 1545.17
20206 1545.05
20212 1545.17
20206 1545.05
20206 1545.17
20208 1545.17
20210 1545.17
20209 1545.05
20210 1545.05
20206 1545.17
20206 1545.05
20209 1545.17
20210 1545.17
20214 1545.17
20210 1545.05
20206 1545.17
20208 1545.05
20215 1545.05
20211 1545.17
20210 1545.05
20211 1545.05
20206 1545.17
20210 1545.05
20212 1545.05
20207 1545.05
20208 1545.05
20205 1545.17
20207 1545.17
20212 1545.05
20211 1545.05
20210 1545.17
20208 1545.05
20209 1545.05
20208 1545.17
20213 1545.05
20205 1545.05
20207 1545.17
20203 1545.17
20208 1545.17
20210 1545.17
20206 1545.05
20208 1545.05
20216 1545.05
20214 1545.17
20207 1545.17
20207 1545.17
20210 1545.05
20209 1545.05
20207 1545.05
20210 1545.05
20207 1 1545.17
20208 1545.17
20207 1545.30
20204 1545.17
20206 1545.17
20207 1545.17
20210 1545.17
20210 1545.30
20209 1545.17
20209 1545.17
20210 1545.17
20212 1545.30
20206 1545.17
20210 1545.05
20206 1545.17
20204 1545.05
20202 1545.05
20210 1545.17
20206 1545.17
20214 1545.17
20209 1545.17
20214 1545.17
20210 1545.17
20212 1545.30
20205 1545.17
20208 1545.17
20210 1545.30
20208 1545.17
20204 1545.17
20205 1545.30
20204 1545.17
20208 1545.30
20207 1545.17
20205 1545.17
20210 1545.17
20209 1545.30
20204 1545.30
20207 1545.05
20205 1545.30
20208 1545.17
20205 1545.17
20202 1545.30
20213 1545.17
20213 1545.17
20205 1545.17
20205 1545.17
20208 1545.17
20208 1545.30
20207 1545.17
20205 1545.17
20209 1545.17
20206 1545.17
20207 1545.30
20203 1545.30
20206 1545.17
20204 1545.17
20208 1545.05
20208 1545.17
20205 1545.17
20210 1545.17
20203 1545.30
20206 1545.17
20208 1545.17
20206 1545.17
20204 1545.17
20207 1545.17
20209 1545.17
20205 1545.30
20205 1545.30
20204 1545.17
20205 1545.30
20205 1545.17
20207 1545.30
20204 1545.30
20208 1545.17
20205 1545.30
20204 1545.17
20206 1545.17
20207 1545.30
20206 1545.17
20208 1545.17
20205 1545.30
20209 1545.17
20206 1545.30
20205 1545.30
20210 1545.30
20206 1545.30
20207 1545.17
20206 1545.17
20205 1545.17
20207 1545.17
20202 1545.05
20206 1545.17
20205 1545.17
20213 1545.17
20208 1545.17
20207 1545.17
20207 1545.30
20208 1545.17
20208 1545.05
20204 1545.17
20207 1545.17
20212 1545.30
20205 1545.17
20203 1545.17
20206 1545.30
20207 1545.30
20205 1545.17
20209 1545.17
20203 1545.17
20205 1545.17
20211 1545.17
20208 1545.30
20204 1545.30
20206 1545.17
20207 1545.17
20208 1545.30
20208 1545.17
20207 1545.17
20206 1545.30
20206 1545.30
20204 1545.30
20205 1545.17
20210 1545.30
20207 1545.17
20208 1545.17
20207 1545.30
20205 1545.30
20204 1545.30
20204 1545.17
20204 1545.17
20208 1545.17
20210 1545.17
20209 1545.17
20207 1545.17
20206 1545.17
20203 1545.30
20203 1545.30
20205 1545.30
20204 1545.17
20205 1545.17
20204 1545.17
20205 1545.17
20210 1545.30
20204 1545.05
20212 1545.17
20210 1 1545.17
20202 1545.05
20204 1545.30
20204 1545.30
20203 1545.17
20209 1545.17
20204 1545.17
20203 1545.17
20208 1545.05
20199 1545.17
20202 1545.17
20208 1545.17
20204 1545.17
20204 1545.30
20205 1545.30
20203 1545.17
20201 1545.17
20202 1545.17
20202 1545.05
20202 1545.17
20200 1545.17
20199 1545.17
20205 1545.30
20204 1545.30
20204 1545.17
20205 1545.17
20202 1545.30
20204 1545.17
20201 1545.17
20204 1545.17
20198 1545.17
20207 1545.30
20202 1545.30
20202 1545.17
20207 1545.17
20209 1545.17
20201 1545.30
20199 1545.17
20201 1545.17
20203 1545.17
20200 1545.30
20204 1545.17
20205 1545.17
20205 1545.17
20205 1545.30
20203 1545.17
20207 1545.17
20204 1545.17
20205 1545.17
20205 1545.17
20200 1545.17
20204 1545.17
20203 1545.17
20202 1545.05
20204 1545.17
20204 1545.17
20201 1545.17
20207 1545.17
20202 1545.17
20203 1545.17
20200 1545.17
20204 1545.05
20202 1545.30
20206 1545.30
20203 1545.17
20205 1545.17
20208 1545.30
20207 1545.30
20202 1545.17
20201 1545.17
20206 1545.30
20203 1545.17
20200 1545.17
20202 1545.30
20203 1545.17
20200 1545.17
20202 1545.17
20201 1545.17
20204 1545.17
20202 1545.17
20204 1545.17
20206 1545.17
20202 1545.17
20204 1545.17
20204 1545.17
20207 1545.17
20201 1545.17
20202 1545.17
20207 1545.17
20205 1545.17
20202 1545.30
20201 1545.17
20202 1545.17
20203 1545.17
20206 1545.30
20203 1545.17
20204 1545.17
20201 1545.17
20208 1545.17
20204 1545.17
20206 1545.17
20202 1545.17
20202 1545.17
20206 1545.17
20206 1545.05
20203 1545.17
20203 1545.30
20199 1545.17
20201 1545.17
20204 1545.17
20202 1545.30
20199 1545.30
20203 1545.17
20203 1545.17
20207 1545.17
20205 1545.17
20202 1545.30
20201 1545.17
20202 1545.17
20201 1545.17
20198 1545.17
20203 1545.17
20204 1545.17
20203 1545.17
20198 1545.30
20201 1545.17
20198 1545.17
20203 1545.17
20201 1545.17
20200 1545.17
20200 1545.30
20199 1545.17
20205 1545.30
20201 1545.30
20202 1545.30
20198 1545.17
20200 1545.17
20200 1545.17
20204 1545.17
20201 1545.17
20201 1545.17
20199 1545.30
20201 1545.17
20197 1545.17
20200 1545.17
20201 1545.17
20204 1 1545.17
20204 1545.17
20198 1545.05
20204 1545.17
20202 1545.05
20197 1545.17
20202 1545.17
20200 1545.17
20201 1545.30
20195 1545.17
20201 1545.17
20199 1545.17
20197 1545.17
20199 1545.17
20201 1545.17
20203 1545.17
20199 1545.17
20203 1545.17
20196 1545.17
20198 1545.17
20195 1545.05
20199 1545.17
20196 1545.17
20196 1545.17
20200 1545.17
20198 1545.17
20199 1545.17
20202 1545.17
20199 1545.17
20203 1545.17
20197 1545.17
20197 1545.05
20198 1545.17
20198 1545.17
20200 1545.17
20196 1545.17
20200 1545.05
20197 1545.17
20197 1545.30
20201 1545.17
20200 1545.05
20200 1545.17
20198 1545.17
20199 1545.17
20202 1545.17
20200 1545.05
20194 1545.17
20207 1545.05
20198 1545.30
20199 1545.17
20198 1545.30
20197 1545.17
20201 1545.17
20197 1545.17
20197 1545.30
20196 1545.05
20197 1545.17
20201 1545.05
20199 1545.17
20198 1545.17
20198 1545.05
20195 1545.17
20202 1545.17
20197 1545.17
20200 1545.05
20195 1545.17
20200 1545.17
20196 1545.30
20197 1545.17
20206 1545.17
20200 1545.05
20198 1545.17
20199 1545.17
20200 1545.05
20196 1545.17
20198 1545.30
20201 1545.17
20197 1545.17
20196 1545.17
20197 1545.05
20199 1545.17
20190 1545.17
20201 1545.17
20200 1545.17
20201 1545.17
20197 1545.17
20197 1545.30
20202 1545.17
20199 1545.17
20197 1545.17
20206 1545.17
20201 1545.17
20202 1545.17
20204 1545.17
20198 1545.05
20199 1545.17
20195 1545.30
20199 1545.05
20197 1545.05
20200 1545.17
20196 1545.17
20199 1545.05
20199 1545.17
20198 1545.05
20195 1545.17
20203 1545.17
20198 1545.17
20201 1545.17
20197 1545.17
20203 1545.05
20197 1545.17
20201 1545.17
20197 1545.17
20195 1545.17
20204 1545.17
20194 1545.17
20200 1545.17
20197 1545.05
20198 1545.17
20200 1545.17
20200 1545.17
20195 1545.05
20198 1545.17
20194 1545.17
20196 1545.17
20200 1545.17
20196 1545.17
20201 1545.17
20200 1545.17
20204 1545.17
20197 1545.05
20196 1545.17
20203 1545.17
20200 1545.30
20200 1545.17
20198 1545.17
20198 1545.17
20198 1545.17
20204 1545.17
20198 1545.30
20195 1545.17
20196 1545.17
20201 1545.17
20198 1545.05
20197 1545.30
20196 1545.17
20198 1.05
20193 1545.17
20195 1545.17
20196 1545.17
20197 1545.17
20200 1545.17
20195 1545.17
20196 1545.17
20194 1545.17
20197 1545.05
20197 1545.05
20194 1545.17
20195 1545.17
20197 1545.17
20196 1545.17
20200 1545.17
20193 1545.17
20197 1545.05
20198 1545.17
20193 1545.17
20195 1545.17
20195 1545.05
20198 1545.17
20194 1545.17
20195 1545.05
20196 1545.17
20197 1544.92
20199 1545.17
20199 1545.30
20200 1545.17
20192 1545.05
20195 1545.17
20196 1545.17
20197 1545.17
20192 1545.17
20201 1545.17
20191 1545.17
20193 1545.17
20190 1545.30
20195 1545.17
20198 1545.17
20197 1545.17
20195 1545.05
20198 1545.05
20197 1545.17
20194 1545.05
20202 1545.05
20194 1545.05
20197 1545.30
20195 1545.17
20196 1545.17
20196 1545.05
20193 1545.17
20196 1545.17
20198 1545.05
20197 1545.17
20194 1545.17
20195 1545.17
20195 1545.17
20193 1545.05
20195 1545.17
20196 1545.05
20193 1545.05
20195 1545.17
20193 1545.17
20199 1545.05
20199 1545.17
20195 1545.17
20194 1545.05
20193 1545.05
20198 1545.17
20194 1545.05
20194 1545.17
20191 1545.05
20194 1545.17
20194 1545.17
20198 1545.17
20199 1545.17
20196 1545.17
20192 1545.05
20192 1545.17
20199 1545.05
20200 1545.05
20193 1545.17
20192 1545.17
20194 1545.17
20201 1545.17
20191 1545.05
20198 1545.05
20195 1545.05
20189 1545.17
20195 1545.17
20192 1545.30
20195 1545.17
20193 1545.17
20198 1545.17
20194 1545.05
20197 1545.17
20194 1545.17
20193 1545.17
20200 1545.05
20197 1545.17
20195 1545.05
20196 1545.17
20193 1545.17
20195 1545.05
20194 1545.05
20199 1545.05
20198 1545.17
20197 1545.05
20197 1545.17
20194 1545.17
20195 1545.17
20196 1545.17
20196 1545.17
20196 1545.05
20198 1545.17
20194 1545.17
20195 1545.17
20196 1545.17
20192 1545.17
20195 1545.05
20191 1545.17
20195 1545.05
20191 1545.17
20196 1545.17
20194 1545.05
20196 1545.05
20194 1545.17
20190 1545.17
20194 1545.05
20193 1545.05
20194 1545.17
20194 1545.17
20195 1545.17
20196 1545.17
20194 1545.17
20194 1545.05
20193 1545.30
20191 1545.17
20191 1545.17
20199 1545.05
20196 1545.05
20200 1545.05
20194 1545.05
20191 1545.05
20197 1545.17
20198 1 1545.17
20192 1545.17
20193 1545.17
20195 1545.05
20195 1545.05
20195 1545.17
20194 1545.05
20194 1545.17
20192 1545.05
20192 1545.17
20193 1545.17
20193 1545.17
20191 1545.05
20194 1545.05
20192 1545.17
20191 1545.17
20195 1545.05
20188 1545.05
20195 1545.17
20193 1545.17
20195 1545.17
20192 1545.05
20199 1545.05
20193 1545.05
20194 1545.05
20192 1545.17
20193 1545.05
20190 1545.05
20192 1545.05
20193 1545.05
20193 1545.05
20191 1545.17
20190 1545.05
20196 1545.05
20191 1545.05
20192 1545.05
20198 1545.05
20193 1545.17
20195 1545.17
20193 1545.05
20192 1545.17
20194 1545.05
20194 1545.05
20193 1545.17
20191 1545.05
20196 1545.05
20192 1544.92
20191 1545.17
20192 1545.17
20192 1545.05
20192 1545.17
20196 1545.05
20191 1545.05
20190 1545.05
20196 1545.17
20193 1545.17
20198 1545.17
20194 1545.17
20194 1545.17
20193 1545.05
20195 1545.17
20193 1545.17
20195 1545.05
20192 1545.05
20194 1545.05
20191 1545.05
20193 1545.05
20190 1545.17
20197 1545.05
20196 1545.05
20195 1545.05
20193 1545.05
20192 1545.05
20197 1545.05
20194 1545.05
20192 1545.05
20194 1545.17
20191 1545.17
20195 1545.05
20191 1545.05
20191 1545.05
20194 1545.17
20194 1545.17
20197 1544.92
20193 1545.05
20190 1545.05
20193 1545.05
20188 1545.17
20193 1545.05
20189 1545.05
20192 1545.05
20192 1545.17
20192 1545.05
20191 1545.05
20193 1545.05
20190 1545.17
20200 1544.92
20192 1545.05
20190 1545.17
20192 1545.05
20192 1545.17
20194 1545.05
20189 1545.17
20188 1545.05
20190 1545.17
20195 1545.05
20194 1545.05
20190 1545.05
20194 1545.05
20197 1545.05
20191 1545.05
20194 1545.05
20190 1545.05
20196 1545.17
20190 1545.05
20196 1545.17
20192 1545.05
20199 1545.17
20195 1545.17
20194 1545.05
20192 1545.05
20193 1545.05
20194 1545.17
20193 1545.05
20196 1545.05
20191 1545.05
20191 1545.17
20190 1545.17
20194 1545.05
20198 1545.05
20191 1545.17
20193 1545.05
20193 1545.17
20192 1545.05
20189 1545.05
20195 1545.05
20193 1545.05
20193 1545.05
20190 1545.17
20192 1545.17
20190 1545.17
20199 1545.05
20190 1545.17
20192 1545.05
20191 1545.17
20187 1545.17
20192 1 1545.05
20189 1545.05
20190 1545.05
20193 1545.05
20188 1545.05
20192 1545.05
20193 1544.92
20188 1545.05
20194 1545.05
20193 1545.05
20188 1545.05
20189 1545.05
20194 1545.17
20192 1545.17
20192 1545.05
20187 1545.05
20195 1545.05
20191 1545.05
20192 1545.05
20196 1545.05
20192 1545.17
20188 1545.05
20190 1545.05
20191 1545.17
20189 1545.05
20192 1545.05
20188 1545.17
20192 1545.05
20188 1545.05
20188 1545.05
20198 1545.05
20194 1545.05
20187 1545.05
20191 1545.05
20190 1545.05
20189 1545.05
20194 1545.05
20190 1545.05
20191 1545.05
20191 1545.05
20189 1545.17
20191 1545.17
20192 1545.05
20191 1545.05
20193 1545.05
20194 1545.05
20191 1545.05
20193 1545.05
20190 1545.17
20189 1545.05
20192 1545.17
20192 1545.05
20191 1545.05
20193 1545.17
20192 1545.17
20187 1545.05
20191 1545.05
20191 1545.05
20188 1545.05
20188 1544.92
20189 1545.05
20194 1545.17
20186 1545.05
20189 1545.05
20189 1545.05
20190 1545.05
20186 1545.05
20191 1545.05
20192 1545.05
20187 1545.05
20195 1545.05
20193 1545.05
20191 1545.17
20192 1545.05
20188 1545.05
20192 1545.05
20191 1545.05
20190 1545.05
20193 1545.05
20190 1545.17
20192 1545.05
20194 1545.17
20189 1545.05
20192 1545.05
20194 1545.05
20195 1545.05
20193 1545.05
20193 1545.05
20192 1545.05
20191 1545.05
20190 1545.17
20190 1545.05
20194 1545.17
20186 1545.05
20192 1545.05
20189 1544.92
20189 1545.05
20195 1545.17
20191 1545.17
20190 1545.17
20194 1545.05
20190 1545.05
20191 1545.05
20187 1545.17
20192 1545.05
20192 1544.92
20191 1545.05
20190 1545.05
20186 1545.05
20192 1545.05
20190 1545.17
20192 1545.05
20191 1545.05
20195 1545.05
20189 1545.05
20194 1545.05
20188 1545.05
20189 1545.05
20189 1545.05
20189 1545.05
20193 1544.92
20196 1545.17
20192 1545.05
20192 1545.05
20191 1545.17
20194 1545.05
20189 1545.17
20192 1545.05
20194 1544.92
20191 1544.92
20190 1545.05
20192 1544.92
20189 1545.05
20190 1545.05
20188 1545.05
20192 1545.05
20196 1545.05
20189 1545.05
20193 1545.17
20191 1544.92
20187 1545.05
20185 1545.05
20194 1545.05
20184 1545.05
20189 1545.05
20192 1544.92
20188 1 1545.05
20188 1545.05
20190 1544.92
20195 1545.17
20188 1545.17
20192 1544.92
20190 1545.05
20189 1545.05
20194 1545.05
20190 1545.05
20189 1545.05
20192 1545.05
20193 1545.05
20196 1545.05
20190 1545.05
20190 1545.17
20191 1544.92
20188 1544.92
20191 1545.05
20190 1545.05
20191 1545.05
20191 1544.92
20187 1545.05
20192 1545.05
20192 1544.92
20191 1544.92
20186 1544.92
20193 1544.92
20195 1545.05
20191 1545.17
20189 1545.05
20190 1545.05
20186 1545.05
20186 1545.05
20191 1545.05
20188 1545.05
20193 1545.05
20188 1544.92
20188 1544.92
20190 1545.05
20192 1545.05
20190 1544.92
20188 1545.05
20188 1545.05
20188 1545.05
20190 1545.05
20192 1545.05
20192 1545.05
20187 1545.17
20195 1545.05
20187 1545.05
20191 1544.92
20193 1545.05
20192 1545.05
20188 1545.05
20187 1545.05
20196 1545.05
20190 1544.92
20190 1545.05
20190 1545.05
20190 1545.05
20185 1545.05
20186 1545.05
20189 1545.05
20191 1545.05
20190 1544.92
20190 1545.05
20192 1544.92
20190 1544.92
20194 1545.05
20187 1545.05
20190 1544.92
20185 1545.05
20190 1545.05
20187 1545.05
20187 1545.05
20190 1545.05
20189 1545.05
20192 1545.05
20191 1545.05
20190 1545.05
20191 1545.05
20189 1544.92
20188 1545.17
20186 1545.05
20191 1545.17
20192 1545.05
20190 1545.05
20192 1545.05
20191 1545.05
20190 1545.05
20189 1545.05
20186 1545.05
20185 1544.92
20189 1545.05
20194 1544.92
20186 1545.05
20192 1545.05
20186 1545.05
20191 1544.92
20193 1544.92
20188 1545.17
20187 1545.05
20193 1545.05
20193 1545.05
20189 1545.05
20192 1545.05
20190 1545.05
20189 1545.05
20187 1544.92
20188 1545.05
20190 1544.92
20189 1544.92
20193 1545.05
20192 1545.05
20189 1544.92
20191 1544.92
20192 1544.92
20191 1545.05
20195 1545.05
20192 1545.05
20190 1545.05
20190 1544.92
20187 1544.92
20190 1545.05
20187 1545.05
20187 1545.05
20188 1545.17
20189 1545.05
20189 1545.05
20190 1545.05
20191 1545.05
20190 1545.05
20188 1544.92
20193 1545.05
20193 1545.17
20189 1544.92
20190 1545.05
20186 1545.05
20189 1544.92
20189 1545.05
20185 1544.92
20191 1544.92
20191 1544.92
20189 1544.92
20188 1544.92
20191 1 1544.92
20190 1544.92
20189 1544.92
20191 1545.05
20187 1545.05
20188 1545.05
20186 1545.05
20191 1545.05
20191 1544.92
20186 1545.05
20188 1545.05
20188 1545.05
20187 1544.92
20182 1545.05
20186 1545.05
20187 1545.05
20185 1544.92
20186 1545.05
20189 1544.92
20187 1545.05
20188 1545.05
20187 1545.05
20191 1544.92
20185 1545.05
20192 1544.92
20187 1545.05
20187 1545.05
20190 1545.05
20191 1544.92
20187 1544.92
20185 1545.05
20187 1544.92
20187 1545.05
20185 1545.05
20190 1545.05
20192 1545.05
20189 1544.92
20187 1545.05
20187 1544.92
20190 1545.05
20186 1544.92
20188 1545.05
20183 1545.05
20186 1545.05
20186 1544.92
20186 1544.92
20186 1545.05
20190 1545.05
20182 1545.05
20187 1544.92
20186 1545.05
20189 1544.92
20186 1545.05
20187 1545.05
20185 1545.05
20188 1544.92
20188 1545.05
20187 1544.92
20187 1544.92
20187 1545.05
20182 1545.05
20188 1544.92
20191 1545.17
20188 1544.92
20192 1545.05
20192 1545.05
20185 1545.05
20186 1544.92
20189 1545.05
20182 1544.92
20185 1545.05
20189 1544.92
20187 1545.05
20186 1545.05
20189 1544.92
20191 1545.05
20189 1544.92
20190 1545.05
20182 1545.05
20190 1544.92
20187 1544.92
20185 1545.05
20185 1545.05
20186 1545.05
20188 1545.05
20182 1544.92
20190 1545.05
20187 1544.92
20186 1545.05
20187 1545.05
20191 1544.92
20190 1545.05
20189 1544.92
20185 1544.92
20189 1545.05
20189 1544.92
20188 1545.05
20188 1545.05
20188 1544.92
20185 1544.92
20193 1544.92
20186 1545.05
20185 1545.05
20186 1544.92
20184 1544.92
20187 1545.05
20189 1545.05
20190 1545.05
20186 1544.92
20189 1544.92
20186 1545.05
20187 1545.05
20188 1545.05
20186 1544.92
20188 1545.05
20185 1545.05
20189 1544.92
20188 1544.92
20185 1545.05
20187 1545.05
20187 1545.05
20185 1544.92
20187 1545.05
20189 1544.92
20188 1544.92
20187 1544.92
20187 1545.05
20185 1544.92
20191 1544.92
20188 1544.92
20190 1545.05
20185 1544.92
20184 1544.92
20186 1545.05
20185 1545.05
20185 1544.92
20183 1545.05
20184 1545.17
20187 1544.92
20189 1545.05
20187 1545.05
20186 1544.92
20184 1545.05
20184 1545.05
20188 1545.05
20189 1545.05
20187 1 1544.92
20186 1544.92
20186 1544.92
20184 1545.05
20187 1544.92
20189 1545.05
20183 1544.92
20185 1544.92
20190 1545.05
20189 1544.92
20183 1544.92
20187 1545.05
20189 1545.05
20188 1545.05
20185 1544.92
20188 1544.92
20185 1544.92
20184 1545.05
20188 1545.05
20192 1544.92
20189 1544.92
20184 1544.92
20187 1544.92
20191 1544.92
20186 1544.92
20188 1545.05
20187 1544.92
20185 1544.92
20188 1545.05
20184 1544.92
20189 1544.92
20182 1544.92
20190 1544.92
20186 1545.05
20185 1544.92
20189 1545.05
20184 1544.92
20188 1545.05
20190 1545.05
20185 1544.92
20182 1544.92
20185 1545.05
20186 1545.05
20185 1545.05
20186 1545.05
20187 1545.05
20186 1545.17
20183 1544.92
20183 1544.92
20188 1544.92
20186 1545.05
20184 1544.92
20184 1544.92
20189 1544.92
20183 1544.92
20190 1544.92
20191 1544.92
20186 1545.05
20185 1544.92
20189 1544.92
20186 1545.05
20185 1545.05
20186 1545.05
20184 1544.92
20186 1545.05
20190 1545.05
20187 1544.92
20185 1544.92
20186 1545.05
20184 1545.05
20190 1545.05
20183 1545.05
20183 1544.92
20189 1545.05
20186 1545.05
20192 1544.92
20185 1545.05
20186 1545.05
20184 1545.05
20184 1544.92
20186 1545.05
20182 1544.92
20185 1544.92
20188 1544.92
20185 1544.92
20187 1545.05
20185 1544.92
20193 1544.92
20187 1544.92
20189 1544.92
20189 1544.92
20183 1545.05
20183 1544.92
20190 1545.05
20185 1545.05
20184 1544.92
20188 1545.05
20186 1544.92
20185 1545.05
20186 1545.05
20189 1545.05
20186 1545.05
20182 1544.79
20186 1545.05
20193 1545.05
20186 1544.92
20184 1544.92
20191 1544.92
20185 1544.92
20184 1545.05
20185 1545.05
20186 1545.05
20182 1545.05
20189 1544.92
20183 1545.05
20190 1545.05
20186 1545.05
20186 1544.79
20191 1544.92
20186 1545.05
20184 1544.92
20190 1545.05
20182 1544.92
20185 1544.92
20183 1544.92
20183 1544.92
20185 1544.92
20182 1544.92
20185 1544.79
20190 1545.05
20184 1545.05
20185 1545.05
20185 1544.92
20184 1544.92
20182 1544.92
20187 1544.92
20182 1545.05
20188 1544.92
20186 1544.92
20185 1544.92
20186 1544.92
20188 1544.92
20184 1545.05
20185 1544.92
20186 1545.05
20184 1545.05
20183 1 1544.92
20188 1545.05
20186 1544.92
20185 1544.92
20187 1545.05
20185 1545.05
20186 1544.92
20185 1544.92
20186 1545.05
20183 1544.92
20183 1545.05
20184 1545.05
20189 1544.92
20184 1544.92
20182 1544.92
20181 1544.92
20184 1545.05
20187 1545.05
20184 1544.92
20186 1545.05
20182 1544.92
20186 1544.92
20185 1545.05
20185 1545.05
20184 1544.92
20187 1544.92
20185 1544.79
20185 1544.92
20182 1544.92
20187 1544.92
20186 1545.05
20186 1544.92
20186 1544.79
20187 1545.05
20183 1544.92
20182 1545.05
20187 1544.92
20183 1544.92
20183 1544.92
20185 1544.92
20185 1544.92
20187 1545.05
20184 1545.05
20184 1545.05
20182 1544.92
20185 1544.92
20187 1544.92
20183 1545.05
20185 1545.05
20186 1545.05
20183 1544.92
20192 1544.92
20187 1544.92
20183 1544.92
20185 1544.92
20186 1544.92
20184 1544.92
20189 1544.92
20184 1544.79
20187 1545.05
20182 1544.92
20186 1545.05
20182 1544.92
20190 1544.92
20181 1544.92
20186 1544.92
20181 1545.05
20185 1545.05
20190 1544.92
20186 1545.05
20185 1544.92
20184 1544.92
20186 1544.92
20185 1544.92
20186 1544.92
20185 1544.92
20185 1544.92
20183 1544.92
20184 1544.92
20183 1544.92
20187 1544.92
20184 1544.92
20185 1545.05
20183 1544.92
20184 1544.92
20186 1544.92
20185 1544.92
20186 1544.92
20185 1544.92
20180 1544.92
20181 1544.79
20186 1544.92
20190 1544.92
20182 1544.92
20182 1544.92
20184 1544.92
20186 1544.92
20187 1544.79
20180 1544.92
20184 1545.05
20185 1545.05
20186 1544.92
20185 1544.92
20189 1544.92
20193 1545.05
20182 1545.05
20185 1544.79
20190 1544.92
20182 1544.92
20184 1544.92
20186 1544.92
20184 1544.92
20188 1545.05
20184 1544.92
20186 1544.92
20185 1545.05
20183 1545.05
20189 1544.92
20187 1544.92
20182 1544.92
20185 1544.79
20184 1544.92
20185 1544.92
20182 1544.92
20185 1545.05
20180 1545.05
20184 1544.79
20191 1544.92
20185 1545.05
20184 1544.79
20190 1544.79
20185 1544.92
20190 1545.05
20185 1544.92
20184 1544.92
20183 1545.05
20182 1544.92
20187 1545.05
20185 1544.92
20183 1545.05
20184 1544.92
20183 1545.05
20182 1544.92
20185 1544.92
20186 1544.92
20183 1545.05
20182 1 1544.92
20188 1544.92
20189 1544.92
20182 1544.92
20184 1544.79
20184 1544.92
20184 1545.05
20182 1544.79
20186 1544.79
20186 1544.92
20187 1544.92
20185 1544.92
20183 1544.92
20184 1544.92
20190 1545.05
20185 1544.79
20186 1544.79
20183 1544.92
20185 1544.92
20186 1544.92
20183 1544.79
20185 1545.05
20181 1544.92
20185 1544.92
20184 1544.92
20185 1544.92
20181 1544.79
20187 1544.92
20187 1544.92
20186 1544.92
20183 1544.92
20183 1544.92
20186 1544.92
20180 1544.92
20182 1544.92
20181 1544.92
20182 1544.79
20187 1544.92
20188 1544.92
20184 1544.92
20183 1544.92
20184 1544.92
20183 1544.92
20186 1544.92
20180 1544.92
20186 1544.92
20185 1544.79
20183 1544.92
20183 1544.92
20185 1544.92
20181 1544.92
20184 1545.05
20184 1544.92
20182 1544.92
20183 1544.92
20184 1544.79
20183 1544.92
20181 1545.05
20184 1544.79
20187 1544.92
20188 1544.92
20183 1544.92
20184 1544.92
20183 1544.92
20186 1544.92
20185 1545.05
20182 1544.79
20189 1544.79
20182 1544.92
20181 1544.92
20182 1544.92
20185 1544.92
20182 1545.05
20182 1544.92
20182 1544.79
20185 1544.92
20182 1544.92
20183 1544.92
20182 1544.92
20186 1544.92
20179 1544.92
20180 1544.92
20184 1544.92
20185 1545.05
20183 1544.92
20179 1544.79
20182 1544.92
20182 1544.92
20183 1544.92
20184 1544.92
20182 1544.92
20184 1544.92
20184 1544.92
20189 1545.05
20181 1544.92
20184 1544.92
20180 1544.79
20185 1544.92
20183 1544.92
20181 1544.92
20177 1544.79
20183 1544.92
20188 1544.92
20181 1544.92
20184 1544.92
20182 1544.92
20183 1544.92
20182 1544.79
20184 1544.92
20182 1544.79
20185 1544.92
20182 1544.92
20187 1544.92
20182 1544.79
20185 1544.92
20183 1544.79
20183 1544.92
20185 1544.92
20188 1544.92
20189 1544.92
20185 1544.92
20182 1544.92
20186 1544.92
20181 1544.79
20183 1544.79
20185 1544.92
20185 1544.92
20181 1544.79
20183 1544.79
20182 1544.92
20180 1544.92
20183 1545.05
20180 1544.92
20179 1544.92
20189 1544.92
20183 1544.92
20185 1544.92
20182 1544.92
20184 1544.79
20184 1544.92
20181 1544.92
20185 1544.79
20183 1544.92
20183 1544.92
20181 1544.92
20179 1544.79
20180 1 1544.92
20182 1544.92
20181 1544.92
20184 1544.79
20180 1544.79
20182 1544.92
20182 1544.92
20183 1544.79
20182 1544.92
20186 1544.79
20181 1544.92
20180 1544.92
20181 1544.92
20186 1544.92
20184 1544.92
20183 1544.92
20181 1544.92
20178 1544.92
20181 1544.92
20181 1544.92
20184 1544.79
20185 1544.79
20183 1544.92
20184 1544.79
20182 1544.92
20180 1544.92
20185 1544.92
20185 1544.92
20184 1544.92
20182 1544.79
20182 1544.92
20181 1544.92
20178 1544.92
20180 1544.92
20186 1544.92
20184 1544.92
20183 1544.79
20184 1544.92
20182 1544.79
20181 1544.92
20181 1544.92
20184 1544.92
20182 1544.92
20179 1544.79
20180 1544.79
20182 1544.79
20182 1544.92
20181 1544.79
20179 1544.92
20181 1544.92
20185 1544.92
20182 1544.92
20180 1544.92
20187 1544.92
20177 1544.92
20182 1544.92
20186 1544.79
20180 1544.79
20180 1544.92
20181 1544.92
20180 1544.92
20181 1544.79
20183 1544.92
20183 1544.79
20183 1544.92
20186 1544.79
20184 1544.92
20184 1544.79
20185 1544.92
20183 1544.92
20181 1544.92
20182 1544.79
20187 1544.92
20183 1544.92
20180 1544.92
20181 1544.79
20185 1544.92
20180 1544.92
20181 1544.92
20185 1545.05
20179 1544.92
20178 1544.92
20180 1544.92
20177 1544.79
20180 1544.92
20186 1544.79
20188 1544.79
20179 1544.79
20180 1544.79
20185 1544.92
20184 1544.92
20180 1544.79
20183 1544.79
20183 1544.92
20182 1544.92
20186 1544.79
20184 1544.92
20181 1544.92
20182 1544.92
20182 1544.92
20181 1544.92
20180 1544.92
20182 1544.79
20184 1544.79
20180 1544.92
20186 1544.92
20182 1545.05
20180 1544.79
20181 1544.92
20182 1544.79
20183 1544.92
20182 1544.92
20183 1544.92
20182 1544.79
20186 1544.92
20181 1544.79
20183 1544.79
20182 1544.92
20187 1544.92
20180 1544.92
20184 1544.92
20181 1544.79
20183 1544.92
20185 1544.92
20180 1544.92
20180 1544.79
20185 1544.92
20181 1544.92
20181 1544.79
20182 1544.92
20183 1544.92
20183 1544.92
20185 1544.92
20182 1544.79
20181 1544.92
20182 1544.79
20181 1544.92
20191 1544.79
20183 1544.92
20182 1544.92
20183 1544.92
20185 1544.92
20181 1544.79
20179 1544.92
20181 1544.92
20181 1544.92
20184 1 1544.79
20182 1544.92
20182 1544.79
20181 1544.92
20179 1544.79
20184 1544.92
20178 1544.79
20184 1544.92
20183 1544.79
20179 1544.79
20184 1544.79
20180 1544.92
20180 1544.92
20183 1544.92
20184 1544.79
20181 1544.92
20180 1544.92
20178 1544.92
20181 1544.79
20182 1544.79
20179 1544.79
20180 1544.79
20186 1544.79
20181 1544.79
20181 1544.92
20183 1544.92
20180 1544.79
20181 1544.92
20185 1544.79
20180 1544.92
20181 1544.79
20185 1544.79
20180 1544.79
20182 1544.92
20186 1544.92
20183 1544.79
20180 1544.92
20180 1544.92
20186 1544.79
20185 1544.79
20181 1544.92
20180 1544.79
20179 1544.92
20183 1544.92
20181 1544.92
20186 1544.92
20179 1544.92
20180 1544.79
20185 1544.92
20181 1544.79
20180 1544.79
20181 1544.79
20181 1544.92
20178 1544.92
20184 1544.79
20182 1544.92
20179 1544.92
20186 1544.79
20180 1544.79
20178 1544.92
20183 1544.79
20181 1544.79
20181 1544.92
20182 1544.92
20180 1544.92
20185 1544.79
20183 1544.92
20183 1544.79
20184 1544.79
20186 1544.92
20182 1544.79
20186 1544.79
20187 1544.79
20179 1544.92
20182 1544.79
20182 1544.79
20182 1544.79
20180 1544.79
20185 1544.79
20181 1544.79
20185 1544.79
20183 1544.79
20184 1544.92
20184 1544.79
20178 1544.92
20180 1544.92
20184 1544.79
20184 1544.92
20181 1544.92
20184 1544.92
20182 1544.92
20183 1544.79
20187 1544.79
20182 1544.79
20179 1544.79
20186 1544.92
20180 1544.79
20182 1544.79
20180 1544.79
20185 1544.92
20182 1544.79
20185 1544.79
20176 1544.79
20183 1544.92
20183 1544.79
20180 1544.79
20188 1544.79
20180 1544.79
20183 1544.79
20185 1544.79
20184 1544.79
20183 1544.92
20184 1544.79
20181 1544.92
20179 1544.92
20188 1544.92
20183 1544.79
20181 1545.05
20183 1544.79
20187 1544.79
20183 1544.79
20186 1544.92
20178 1544.79
20179 1544.79
20182 1544.79
20181 1544.92
20180 1544.79
20181 1544.79
20183 1544.79
20177 1544.92
20180 1544.92
20181 1544.79
20187 1544.79
20186 1544.79
20185 1544.79
20184 1544.79
20186 1544.79
20177 1544.92
20185 1544.79
20180 1544.79
20186 1544.92
20182 1544.92
20182 1544.79
20184 1544.92
20174 1544.92
20182 1544.79
20183 1 1544.92
20183 1544.92
20179 1544.79
20181 1544.79
20179 1544.92
20179 1544.79
20179 1544.79
20178 1544.79
20181 1544.66
20182 1544.66
20183 1544.66
20177 1544.92
20181 1544.92
20181 1544.79
20180 1544.92
20179 1544.79
20181 1544.92
20177 1544.92
20180 1544.79
20180 1544.79
20180 1544.92
20182 1544.79
20188 1544.79
20182 1544.79
20182 1544.79
20180 1544.79
20180 1544.79
20185 1544.79
20178 1544.79
20180 1544.79
20186 1544.92
20181 1544.79
20176 1544.79
20181 1544.79
20179 1544.79
20181 1544.79
20180 1544.79
20180 1544.79
20181 1544.92
20181 1544.92
20177 1544.79
20184 1544.92
20181 1544.79
20179 1544.79
20181 1544.79
20180 1544.79
20184 1544.79
20179 1544.92
20184 1544.92
20182 1544.79
20176 1544.79
20183 1544.66
20183 1544.79
20179 1544.92
20180 1544.79
20178 1544.79
20181 1544.79
20185 1544.79
20181 1544.66
20182 1544.79
20181 1544.92
20180 1544.66
20179 1544.66
20180 1544.66
20183 1544.79
20181 1544.92
20179 1544.66
20181 1544.92
20182 1544.79
20180 1544.92
20184 1544.79
20184 1544.92
20178 1544.79
20182 1544.79
20184 1544.79
20180 1544.79
20185 1544.92
20185 1544.79
20183 1544.79
20181 1544.92
20181 1544.79
20184 1544.79
20183 1544.92
20182 1544.79
20182 1544.79
20181 1544.79
20180 1544.79
20182 1544.92
20178 1544.92
20181 1544.66
20179 1544.79
20177 1544.92
20182 1544.92
20182 1544.79
20189 1544.79
20187 1544.79
20182 1544.66
20180 1544.79
20182 1544.79
20182 1544.79
20181 1544.79
20187 1544.79
20181 1544.79
20178 1544.79
20180 1544.79
20183 1544.79
20183 1544.79
20184 1544.79
20181 1544.92
20181 1544.79
20183 1544.79
20183 1544.92
20181 1544.79
20184 1544.66
20185 1544.79
20179 1544.79
20181 1544.79
20181 1544.79
20182 1544.79
20181 1544.79
20182 1544.66
20184 1544.92
20182 1544.79
20180 1544.79
20180 1544.79
20182 1544.79
20180 1544.92
20183 1544.92
20181 1544.79
20183 1544.79
20180 1544.79
20180 1544.79
20187 1544.79
20179 1544.66
20182 1544.92
20182 1544.79
20182 1544.79
20182 1544.79
20183 1544.79
20178 1544.79
20182 1544.79
20182 1544.79
20182 1544.79
20188 1544.79
20184 1544.79
20177 1544.92
20179 1544.79
2 1544.79
20179 1544.79
20177 1544.79
20176 1544.79
20179 1544.66
20177 1544.66
20178 1544.79
20181 1544.79
20178 1544.79
20182 1544.79
20177 1544.92
20177 1544.79
20180 1544.92
20177 1544.79
20180 1544.79
20181 1544.79
20182 1544.79
20176 1544.79
20182 1544.79
20182 1544.92
20177 1544.79
20181 1544.66
20178 1544.79
20179 1544.79
20177 1544.79
20183 1544.92
20178 1544.79
20181 1544.66
20181 1544.79
20178 1544.92
20183 1544.79
20177 1544.79
20184 1544.79
20178 1544.66
20177 1544.79
20185 1544.92
20185 1544.66
20181 1544.79
20182 1544.79
20181 1544.79
20180 1544.79
20178 1544.79
20186 1544.79
20180 1544.66
20180 1544.79
20178 1544.66
20183 1544.66
20181 1544.79
20178 1544.79
20177 1544.66
20179 1544.66
20179 1544.79
20180 1544.79
20183 1544.79
20181 1544.79
20180 1544.79
20175 1544.79
20179 1544.79
20180 1544.79
20180 1544.79
20179 1544.79
20183 1544.66
20182 1544.79
20178 1544.79
20183 1544.66
20175 1544.79
20182 1544.79
20182 1544.66
20182 1544.79
20175 1544.66
20178 1544.66
20182 1544.66
20178 1544.66
20180 1544.79
20179 1544.66
20175 1544.66
20179 1544.79
20183 1544.66
20181 1544.92
20178 1544.79
20180 1544.79
20177 1544.79
20181 1544.79
20182 1544.79
20186 1544.79
20180 1544.79
20180 1544.79
20177 1544.79
20185 1544.79
20180 1544.79
20180 1544.79
20179 1544.79
20181 1544.79
20181 1544.66
20184 1544.66
20183 1544.79
20179 1544.66
20185 1544.79
20179 1544.92
20182 1544.92
20181 1544.79
20179 1544.79
20184 1544.79
20177 1544.79
20171 1544.79
20178 1544.79
20180 1544.79
20178 1544.66
20181 1544.79
20182 1544.79
20176 1544.79
20180 1544.79
20181 1544.79
20178 1544.66
20175 1544.79
20181 1544.79
20178 1544.66
20183 1544.79