1542.74

19378 1542.74

19384 1542.87

19383 1542.87

19377 1542.74

19382 1543.00

19383 1542.87

19381 1542.87

19379 1542.87

19385 1542.74

19382 1542.74

19388 1543.00

19386 1542.87

19384 1542.74

19385 1542.74

19377 1542.74

19382 1542.871542.62

19808 1542.74

19810 1542.87

19811 1542.87

19805 1542.87

19812 1542.74

19813 1542.74

19811 1542.87

19810 1542.87

19809 1542.87

19813 1542.74

19811 1542.87

19812 1542.74

19814 1542.87

19811 1542.87

19804 1542.87

19816 1542.87

19816 1542.87

19807 1542.87

19812 1542.74

19815 1542.87

19813 1542.87

19807 1542.87

19811 1542.74

19808 1542.74

19810 1542.74

19811 1542.87

19810 1542.87

19813 1542.87

19811 1542.74

19809 1542.87

19808 1542.87

19808 1542.87

19811 1542.87

19811 1542.87

19811 1542.87

19811 1542.87

19812 1542.87

19811 1542.87

19815 1543.00

19810 1543.00

19807 1542.74

19810 1542.74

19811 1542.74

19808 1542.87

19810 1542.87

19814 1542.87

19813 1542.87

19812 1542.74

19813 1542.74

19810 1542.87

19811 1542.74

19815 1542.87

19808 1542.87

19811 1542.87

19813 1542.87

19814 1542.74

19813 1542.87

19809 1542.87

19813 1542.87

19812 1542.87

19809 1542.87

19810 1542.87

19815 1542.87

19811 1542.87

19811 1542.87

19807 1542.87

19810 1542.87

19811 1543.00

19810 1542.87

19814 1542.87

19809 1542.87

19813 1542.74

19806 1542.87

19808 1543.00

19816 1542.87

19810 1542.74

19810 1542.87

19811 1542.87

19809 1542.87

19813 1542.87

19814 1542.87

19811 1542.74

19812 1542.87

19812 1542.87

19812 1542.87

19807 1542.87

19807 1542.87

19804 1542.87

19812 1542.87

19810 1542.87

19807 1542.87

19808 1542.87

19811 1542.87

19805 1542.74

19810 1542.87

19812 1542.87

19811 1542.74

19808 1542.74

19806 1542.87

19808 1542.87

19813 1542.74

19809 1542.74

19812 1542.87

19813 1542.87

19816 1542.87

19817 1542.87

19827 1542.87

19835 1542.87

19842 1542.87

19847 1542.87

19853 1542.87

19853 1542.87

19857 1542.87

19869 1542.87

19868 1542.87

19875 1542.87

19881 1542.87

19882 1542.87

19895 1542.87

19903 1542.87

19907 1543.00

19912 1542.87

19917 1542.87

19922 1542.87

19930 1542.87

19933 1542.87

19946 1542.74

19948 1542.87

19955 1542.87

19960 1542.74

19967 1542.87

19978 1542.87

19985 1542.87

19995 1542.87

20000 1542.87

20009 1542.87

20017 1542.87

20023 1542.87

20029 1542.74

20042 1542.74

20047 1542.74

20057 1542.87

20065 1542.87

20074 1542.87

20088 1542.87

20093 1542.74

20104 1542.87

20116 1542.74

20119 1542.87

20130 1542.74

20143 1542.87

20156 1542.87

20170 1542.87

20176 1542.74

20187 1542.87

20197 1542.74

20203 1542.87

20220 1542.87

20232 1542.87

20248 1542.87

20264 1542.87

20272 1542.87

20288 1542.74

20299 1542.87

20315 1542.87

20320 1542.87

20340 1542.87

20356 1542.87

20370 1542.74

20384 1542.74

20397 1542.74

20412 1542.87

20429 1542.87

20446 1542.74

20460 1542.74

20473 1542.74

20493 1542.87

20515 1542.87

20533 1542.87

20550 1542.74

20569 1542.74

20588 1542.74

20606 1542.87

20631 1543.00

20644 1542.87

20671 1542.74

20688 1542.74

20709 1542.74

20728 1542.87

20755 1542.74

20780 1542.74

20798 1542.74

20823 1542.74

20847 1542.87

20870 1542.87

20899 1542.87

20922 1542.87

20954 1542.74

20977 1542.87

21006 1543.00

21039 1542.87

21064 1542.87

21094 1542.87

21132 1542.87

21162 1542.87

21198 1542.87

21218 1542.87

21260 1542.87

21288 1542.87

21328 1542.74

21364 1542.87

21400 1542.87

21435 1542.87

21472 1542.87

21513 1543.00

21551 1542.87

21598 1542.87

21638 1543.00

21682 1542.87

21729 1542.87

21770 1542.74

21819 1542.87

21860 1542.74

21910 1542.87

21958 1542.87

22003 1542.87

22054 1542.74

22109 1542.87

22162 1542.87

22214 1542.87

22270 1542.87

22322 1542.87

22379 1542.87

22442 1542.74

22500 1542.74

22562 1542.87

22623 1542.87

22688 1542.74

22757 1543.00

22823 1542.87

22897 1542.87

22962 1542.87

23041 1542.87

23111 1542.87

23182 1542.87

23257 1542.87

23318 1543.13

23387 1543.13

23457 1543.26

23546 1543.38

23617 1543.64

23692 1544.02

23783 1544.28

23863 1544.79

23953 1545.17

24046 1545.56

24148 1546.07

24262 1546.58

24396 1547.22

24541 1547.73

24704 1548.50

24872 1549.14

25023 1550.03

25189 1550.80

25339 1551.82

25464 1552.59

25556 1553.48

25592 1554.50

25596 1555.53

25582 1556.68

25591 1557.70

25606 1558.85

25629 1560.00

25658 1561.15

25698 1562.56

25769 1563.83

25891 1565.24

26046 1566.65

26207 1568.31

26373 1569.84

26559 1571.50

26754 1573.16

26957 1574.83

27187 1576.49

27450 1578.02

27710 1579.94

27962 1581.60

28189 1583.26

28317 1584.92

28390 1586.46

28446 1588.12

28469 1589.78

28434 1591.44

28361 1592.98

28225 1594.51

28106 1596.17

28034 1596.94

28091 1595.66

28158 1593.49

28194 1591.19

28214 1588.76

28216 1586.33

28170 1583.90

28111 1581.47

28013 1579.04

27868 1576.62

27698 1574.44

27488 1572.14

27264 1569.84

27028 1567.80

26799 1565.75

26590 1563.83

26390 1562.04

26205 1560.38

26066 1558.98

25966 1557.32

25874 1556.17

25800 1554.89

25798 1553.74

25829 1552.71

25885 1551.95

25897 1551.05

25918 1550.29

25913 1549.52

25846 1548.88

25747 1548.37

25607 1547.73

25445 1547.22

25246 1546.71

25080 1546.20

24935 1545.94

24803 1545.81

24676 1545.30

24549 1545.05

24458 1544.66

24345 1544.53

24236 1544.15

24134 1544.02

24044 1543.90

23955 1543.77

23853 1543.38

23759 1543.26

23683 1543.13

23594 1543.13

23511 1543.00

23438 1543.00

23358 1542.87

23283 1542.87

23208 1542.87

23134 1542.87

23057 1542.87

22972 1542.87

22913 1542.87

22834 1542.74

22764 1542.87

22704 1543.00

22639 1542.87

22572 1542.87

22511 1542.87

22459 1542.87

22395 1542.87

22335 1542.74

22284 1542.87

22230 1543.00

22172 1542.87

22119 1542.87

22074 1542.87

22018 1542.87

21971 1542.87

21921 1542.87

21876 1542.87

21828 1542.87

21791 1542.87

21743 1542.87

21697 1542.87

21656 1542.87

21608 1542.74

21574 1542.74

21533 1542.74

21496 1542.87

21450 1542.87

21416 1542.87

21381 1542.87

21343 1542.87

21310 1542.87

21278 1542.87

21243 1542.87

21209 1542.87

21178 1542.87

21147 1543.00

21115 1542.87

21084 1542.87

21059 1542.87

21035 1542.74

21005 1542.87

20978 1542.87

20949 1542.87

20919 1542.87

20895 1542.74

20875 1542.74

20859 1542.87

20825 1542.87

20800 1543.00

20781 1542.87

20756 1542.87

20732 1542.74

20718 1543.00

20695 1542.87

20674 1542.87

20654 1542.74

20636 1542.87

20618 1542.87

20596 1542.74

20579 1542.87

20568 1542.87

20544 1543.00

20525 1542.87

20508 1542.87

20490 1542.87

20474 1542.87

20455 1542.74

20442 1542.87

20425 1543.00

20410 1542.87

20398 1542.87

20380 1542.87

20375 1542.87

20356 1543.00

20338 1542.87

20324 1542.87

20318 1543.00

20301 1542.87

20287 1542.87

20276 1542.87

20267 1542.87

20255 1543.00

20242 1542.87

20226 1542.87

20220 1542.87

20208 1542.87

20196 1542.87

20189 1543.00

20175 1542.87

20169 1542.87

20156 1542.87

20144 1542.87

20141 1542.87

20125 1542.74

20117 1542.87

20111 1542.87

20098 1542.87

20090 1542.87

20079 1542.74

20072 1 1542.87

20281 1542.87

20295 1542.87

20308 1542.87

20317 1542.87

20334 1542.87

20349 1542.87

20362 1542.87

20373 1542.87

20393 1542.87

20403 1543.00

20418 1542.87

20437 1542.87

20450 1542.87

20466 1543.00

20479 1542.87

20506 1542.87

20516 1542.87

20533 1542.87

20555 1542.87

20571 1543.00

20595 1542.87

20602 1542.87

20623 1542.74

20651 1542.87

20667 1542.87

20687 1542.87

20711 1542.87

20730 1542.87

20748 1543.00

20779 1542.87

20802 1543.00

20811 1542.74

20847 1542.74

20866 1543.00

20885 1543.00

20918 1542.87

20941 1542.87

20970 1542.87

20999 1542.74

21026 1542.87

21049 1542.87

21083 1542.87

21113 1543.00

21138 1542.87

21168 1542.87

21203 1542.87

21238 1542.87

21270 1543.00

21304 1542.87

21339 1542.87

21374 1542.87

21411 1542.87

21448 1542.87

21485 1543.00

21528 1543.00

21567 1542.87

21607 1542.87

21651 1542.87

21692 1542.87

21734 1542.87

21781 1542.87

21826 1542.87

21867 1542.87

21919 1542.87

21967 1542.87

22009 1542.87

22064 1543.00

22118 1543.00

22171 1543.00

22222 1542.87

22278 1542.87

22332 1542.74

22391 1542.87

22441 1542.87

22506 1542.74

22564 1542.87

22628 1542.87

22691 1542.87

22756 1542.87

22825 1542.87

22899 1542.87

22973 1542.87

23046 1542.87

23115 1542.87

23191 1542.87

23260 1543.00

23342 1543.00

23411 1543.00

23479 1543.13

23556 1543.26

23628 1543.38

23711 1543.64

23790 1543.90

23874 1544.15

23963 1544.41

24053 1544.92

24141 1545.43

24247 1545.94

24350 1546.20

24481 1546.96

24626 1547.60

24774 1548.37

24945 1549.01

25118 1549.65

25297 1550.54

25449 1551.31

25571 1552.20

25658 1553.23

25698 1554.12

25693 1555.14

25685 1556.29

25683 1557.44

25684 1558.59

25689 1559.74

25699 1561.02

25720 1562.30

25770 1563.58

25865 1565.24

25998 1566.77

26147 1568.31

26319 1570.22

26500 1571.89

26691 1573.55

26905 1575.46

27109 1577.25

27356 1579.04

27626 1580.71

27896 1582.62

28132 1584.28

28317 1585.95

28410 1587.61

28490 1589.14

28496 1590.80

28492 1592.21

28373 1593.61

28241 1595.02

28105 1596.43

28053 1597.45

28050 1596.81

28112 1594.64

28162 1592.34

28200 1589.91

28207 1587.61

28216 1585.05

28166 1582.49

28093 1 1542.87

19847 1542.87

19841 1542.87

19837 1542.87

19833 1542.87

19830 1542.87

19827 1542.87

19830 1542.87

19833 1543.00

19832 1543.00

19830 1542.87

19824 1542.87

19835 1542.87

19836 1543.00

19831 1543.00

19830 1542.87

19834 1543.00

19830 1543.00

19829 1542.87

19837 1542.87

19835 1542.87

19830 1542.87

19839 1542.87

19831 1542.87

19832 1542.87

19836 1542.87

19835 1543.00

19839 1542.74

19834 1542.87

19832 1542.87

19829 1542.87

19830 1543.00

19837 1542.87

19832 1542.87

19833 1542.87

19834 1543.00

19831 1542.87

19835 1542.87

19836 1542.87

19835 1542.87

19835 1542.87

19837 1542.87

19835 1542.87

19832 1542.87

19833 1543.00

19832 1543.00

19833 1543.00

19834 1542.87

19831 1542.87

19831 1543.00

19838 1543.00

19834 1542.87

19833 1542.87

19832 1543.00

19833 1543.00

19837 1542.87

19834 1542.87

19835 1543.00

19835 1543.00

19834 1542.87

19836 1543.00

19831 1542.87

19833 1543.00

19829 1542.87

19836 1543.00

19833 1542.87

19836 1543.00

19832 1542.87

19827 1543.00

19833 1542.87

19835 1542.87

19831 1542.87

19831 1542.87

19835 1542.87

19834 1542.87

19832 1542.87

19835 1543.00

19835 1542.87

19832 1542.87

19832 1543.00

19837 1543.00

19835 1543.00

19840 1543.00

19832 1542.87

19835 1542.87

19831 1542.87

19834 1542.87

19836 1543.00

19833 1542.87

19830 1542.87

19837 1543.00

19830 1543.00

19831 1543.00

19835 1542.87

19836 1542.87

19834 1542.87

19840 1542.87

19838 1542.87

19836 1542.87

19841 1543.00

19844 1542.87

19851 1542.87

19857 1542.87

19861 1542.87

19861 1542.87

19868 1543.00

19876 1542.87

19879 1542.87

19891 1542.87

19892 1542.87

19896 1542.87

19904 1542.87

19912 1542.87

19917 1542.87

19921 1542.87

19928 1543.00

19926 1543.00

19937 1543.00

19945 1543.00

19950 1542.87

19957 1542.87

19965 1543.00

19969 1542.87

19977 1543.00

19984 1542.87

19994 1542.87

19999 1542.87

20005 1543.00

20012 1543.00

20025 1543.00

20031 1542.87

20037 1543.00

20047 1543.00

20056 1542.87

20060 1542.87

20073 1542.87

20080 1543.00

20093 1542.87

20100 1543.00

20110 1543.00

20117 1543.00

20126 1543.00

20138 1542.87

20147 1543.00

20158 1542.74

20166 1543.00

20178 1 1545.05

24444 1544.66

24323 1544.41

24221 1544.15

24123 1543.90

24022 1543.77

23928 1543.64

23824 1543.38

23729 1543.38

23651 1543.26

23574 1543.26

23493 1543.00

23417 1543.00

23340 1543.00

23266 1542.87

23190 1543.00

23119 1543.00

23042 1542.87

22971 1543.00

22895 1542.87

22824 1542.87

22757 1543.00

22691 1542.87

22623 1543.00

22557 1543.00

22495 1542.87

22441 1543.00

22375 1542.87

22318 1543.00

22262 1542.87

22210 1542.87

22158 1543.00

22106 1542.87

22052 1543.00

21997 1542.87

21947 1542.87

21895 1543.00

21849 1542.87

21803 1542.87

21758 1543.00

21721 1543.00

21681 1542.87

21628 1542.87

21587 1543.00

21542 1542.74

21508 1543.00

21469 1543.00

21430 1542.87

21388 1542.87

21355 1543.00

21319 1543.00

21285 1542.87

21253 1542.87

21218 1542.87

21189 1542.87

21152 1542.87

21128 1542.87

21089 1543.00

21060 1543.00

21038 1543.00

21007 1542.87

20976 1542.87

20951 1542.87

20927 1542.87

20903 1543.00

20877 1542.87

20852 1543.13

20831 1543.00

20811 1542.87

20788 1543.00

20758 1543.00

20739 1542.87

20721 1543.00

20692 1542.87

20674 1542.87

20653 1542.87

20636 1542.87

20615 1543.00

20599 1542.87

20577 1542.87

20558 1542.87

20543 1542.87

20530 1543.00

20503 1543.00

20489 1542.87

20470 1542.87

20466 1542.87

20439 1542.87

20427 1542.87

20413 1543.00

20395 1543.13

20384 1543.00

20371 1542.87

20353 1542.87

20341 1542.87

20326 1542.87

20315 1543.00

20301 1542.87

20287 1542.87

20273 1543.00

20265 1543.00

20251 1543.00

20240 1542.74

20223 1543.00

20217 1543.00

20205 1543.00

20192 1543.00

20182 1543.00

20172 1543.00

20162 1543.00

20146 1543.00

20140 1542.87

20126 1542.87

20120 1543.00

20111 1542.87

20104 1542.87

20097 1542.87

20084 1543.00

20075 1542.87

20068 1543.00

20058 1543.13

20048 1542.87

20042 1543.00

20033 1543.00

20023 1543.00

20014 1543.00

20008 1543.00

19998 1542.87

19995 1542.87

19988 1543.13

19978 1543.00

19974 1542.87

19965 1542.87

19959 1543.00

19950 1543.00

19945 1542.87

19940 1543.00

19936 1542.87

19928 1542.87

19919 1542.87

19916 1543.00

19911 1543.00

19906 1542.87

19899 1542.87

19887 1543.00

19882 1542.87

19880 1 1543.00

20619 1543.00

20633 1543.00

20653 1543.00

20670 1542.87

20699 1543.00

20713 1543.00

20731 1543.00

20759 1543.00

20775 1543.00

20804 1542.87

20824 1543.00

20854 1543.00

20876 1543.00

20904 1542.87

20923 1543.00

20960 1543.00

20982 1543.00

21005 1542.87

21035 1543.00

21067 1542.87

21092 1543.00

21124 1543.00

21156 1543.00

21185 1543.00

21220 1543.00

21247 1543.00

21287 1543.00

21317 1543.00

21359 1543.00

21388 1543.00

21423 1542.87

21461 1543.00

21500 1542.87

21545 1543.00

21588 1543.00

21622 1543.00

21664 1543.00

21715 1543.00

21759 1543.00

21801 1543.00

21843 1542.87

21897 1543.00

21943 1543.00

21984 1543.00

22039 1543.00

22091 1543.00

22143 1543.13

22197 1543.00

22244 1543.00

22298 1543.00

22358 1543.00

22414 1543.00

22477 1543.00

22532 1543.00

22599 1543.00

22661 1543.00

22728 1543.00

22796 1543.13

22872 1543.00

22932 1543.00

23002 1543.13

23073 1543.00

23151 1543.00

23226 1543.13

23303 1543.00

23373 1543.13

23446 1543.13

23520 1543.26

23595 1543.51

23677 1543.64

23761 1543.77

23845 1544.02

23926 1544.41

24024 1544.66

24113 1545.05

24211 1545.68

24318 1546.20

24440 1546.71

24581 1547.22

24724 1547.99

24889 1548.62

25055 1549.26

25220 1550.16

25383 1551.05

25520 1551.95

25635 1552.84

25697 1553.74

25701 1554.76

25692 1555.78

25693 1557.06

25691 1557.95

25700 1559.23

25699 1560.51

25710 1561.79

25746 1563.19

25814 1564.60

25926 1566.13

26066 1567.67

26205 1569.46

26378 1571.25

26541 1572.91

26735 1574.83

26960 1576.62

27208 1578.40

27479 1580.07

27730 1581.86

27969 1583.64

28192 1585.31

28310 1587.10

28422 1588.63

28466 1590.29

28463 1591.95

28412 1593.36

28324 1594.76

28216 1596.04

28060 1597.45

28068 1598.22

28118 1597.19

28172 1594.89

28214 1592.46

28268 1590.16

28301 1587.61

28308 1585.05

28283 1582.49

28223 1580.07

28111 1577.51

27952 1575.08

27761 1572.91

27559 1570.48

27346 1568.31

27122 1566.13

26888 1564.22

26669 1562.30

