1542.87
4	20182 1543.00
45940	20182 1543.00
92112	20181 1543.00
138276	20179 1543.00
184492	20175 1543.13
230716	20180 1542.87
276924	20183 1543.00
323136	20178 1543.13
369356	20185 1543.13
415580	20181 1543.00
461796	20178 1543.13
508028	20180 1543.00
554220	20182 1543.00
600444	20182 1543.00
646664	20181 1543.00
692872	20179 1543.13
739108	20182 1543.00
785304	20178 1543.00
831524	20182 1543.13
877752	20180 1543.00
923944	20180 1543.00
970156	20182 1543.00
1016384	20181 1543.13
1062636	20178 1543.00
1108892	20179 1543.13
1155148	20183 1543.00
1201396	20182 1543.00
1247636	20184 1543.13
1293884	20180 1543.00
1340136	20180 1543.00
1386372	20182 1543.13
1432632	20183 1543.00
1478876	20179 1543.00
1525124	20178 1543.00
1571360	20183 1543.13
1617608	20181 1543.13
1663876	20185 1543.00
1710140	20181 1543.13
1756384	20178 1543.13
1802652	20180 1543.00
1848908	20180 1543.13
1895156	20179 1543.00
1941416	20178 1542.87
1987688	20178 1543.00
2033944	20184 1543.13
2080192	20185 1543.00
2126448	20186 1543.00
2172684	20183 1542.87
2218972	20179 1543.00
2265244	20180 1543.00
2311508	20180 1543.00
2357760	20186 1543.00
2403988	20184 1542.87
2450260	20181 1543.13
2496532	20181 1543.00
2542784	20183 1543.00
2589052	20183 1543.13
2635304	20179 1543.00
2681572	20186 1543.00
2727832	20185 1543.00
2774076	20183 1543.00
2820332	20179 1543.13
2866592	20182 1543.00
2912848	20186 1543.13
2959100	20181 1543.00
3005360	20176 1543.00
3051620	20184 1543.00
3097876	20181 1542.87
3144120	20186 1542.87
3190384	20180 1543.00
3236632	20178 1543.13
3282916	20178 1543.00
3329192	20184 1543.00
3375424	20179 1543.13
3421680	20181 1543.00
3467924	20184 1543.00
3514192	20179 1543.00
3560460	20179 1543.00
3606724	20181 1543.13
3652976	20181 1543.00
3699224	20180 1543.13
3745468	20178 1543.00
3791720	20184 1543.00
3837988	20181 1543.00
3884248	20180 1543.00
3930504	20183 1543.13
3976756	20179 1543.13
4023024	20182 1543.13
4069288	20186 1543.13
4115552	20182 1543.00
4161804	20184 1543.00
4208040	20181 1543.13
4254300	20180 1543.00
4300548	20182 1543.13
4346836	20178 1543.13
4393116	20181 1543.00
4439372	20182 1543.13
4485620	20181 1543.00
4531860	20179 1543.00
4578096	20187 1542.87
4624368	20184 1543.00
4670632	20181 1543.00
4716900	20179 1543.00
4763136	20181 1543.00
4809360	20181 1543.00
4855632	20178 1543.00
4901900	20179 1543.13
4948176	20180 1543.00
4994432	20180 1543.00
5040672	20179 1543.00
5086908	20179 1543.13
5133184	20183 1543.00
5179440	20174 1543.00
5225696	20183 1543.00
5271936	20183 1543.00
5318176	20182 1543.00
5364408	20183 1543.00
5410664	20184 1543.00
5456908	20181 1543.00
5503144	20178 1543.00
5549412	20182 1543.00
5595648	20181 1543.00
5641876	20179 1543.00
5688136	20182 1543.00
5734404	20181 1543.00
5780652	20182 1543.13
5826896	20181 1543.00
5873148	20185 1542.87
5919380	20179 1543.00
5965636	20181 1543.00
6011904	20182 1543.00
6058168	20183 1543.13
6104460	20184 1543.00
6150716	20182 1543.00
6196944	20178 1543.00
6243200	20185 1543.00
6289468	20179 1543.13
6335732	20182 1543.00
6381980	20180 1543.00
6428240	20179 1543.13
6474484	20178 1543.00
6520736	20181 1543.00
6567000	20182 1543.00
6613224	20180 1542.87
6659484	20181 1543.13
6705752	20181 1543.13
6752012	20177 1543.00
6798272	20177 1543.00
6844540	20180 1543.00
6890796	20185 1543.13
6937044	20178 1543.00
6983280	20180 1543.13
7029528	20176 1543.00
7075804	20182 1543.00
7122076	20180 1543.13
7168352	20180 1543.13
7214612	20182 1543.00
7260860	20184 1543.13
7307136	20178 1543.13
7353404	20178 1543.00
7399660	20176 1543.13
7445920	20182 1543.13
7492184	20182 1543.00
7538432	20179 1543.13
7584716	20181 1543.00
7630980	20178 1543.00
7677236	20177 1543.00
7723480	20182 1543.00
7769708	20181 1543.13
7815952	20181 1543.00
7862224	20179 1543.13
7908508	20184 1543.00
7954752	20180 1543.00
8001004	20182 1543.00
8047232	20184 1543.13
8093480	20180 1543.00
8139744	20181 1543.00
8186016	20180 1543.00
8232276	20182 1542.87
8278540	20178 1543.00
8324784	20182 1543.00
8371048	20179 1543.00
8417316	20177 1543.00
8463556	20179 1542.87
8509832	20178 1543.13
8556104	20179 1542.87
8602364	20183 1543.13
8648636	20178 1543.00
8694888	20180 1543.00
8741140	20184 1543.13
