Loop Time (ms)	IR (16 bit)	Force (N)	Force (N)	Color	Speed (mm/s)	Spatial (mm)	Angle (deg)
244.000	6972.000	1568.700	20.000	0.000	3.000	0.000	0.000
3284.000	6969.000	1568.830	20.000	0.000	3.000	0.000	0.000
64.000	6973.000	1568.700	20.000	0.000	3.000	0.000	0.000
64.000	6969.000	1568.830	20.000	0.000	3.000	0.000	0.000
64.000	6977.000	1568.830	20.000	0.000	3.000	0.000	0.000
80.000	6972.000	1568.830	20.000	0.000	3.000	0.000	0.000
64.000	6976.000	1568.700	20.000	0.000	3.000	0.000	0.000
63.000	6972.000	1568.830	20.000	0.000	3.000	0.000	0.000
64.000	6971.000	1568.830	20.000	0.000	3.000	0.000	0.000
65.000	6975.000	1568.830	20.000	0.000	3.000	0.000	0.000
63.000	6972.000	1568.830	20.000	0.000	3.000	0.000	0.000
64.000	6969.000	1568.830	20.000	0.000	3.000	0.000	0.000
64.000	6977.000	1568.700	20.000	0.000	3.000	0.000	0.000
64.000	6977.000	1568.830	20.000	0.000	3.000	0.000	0.000
64.000	6966.000	1568.830	20.000	0.000	3.000	0.000	0.000
64.000	6976.000	1568.830	20.000	0.000	3.000	0.000	0.000
64.000	6968.000	1568.830	20.000	0.000	3.000	0.000	0.000
80.000	6972.000	1568.830	20.000	0.000	3.000	0.000	0.000
64.000	6972.000	1568.700	20.000	0.000	3.000	0.000	0.000
64.000	6972.000	1568.700	20.000	0.000	3.000	0.000	0.000
64.000	6974.000	1568.700	20.000	0.000	3.000	0.000	0.000
63.000	6968.000	1568.830	20.000	0.000	3.000	0.000	0.000
65.000	6970.000	1568.700	20.000	0.000	3.000	0.000	0.000
63.000	6969.000	1568.700	20.000	0.000	3.000	0.000	0.000
64.000	6977.000	1568.700	20.000	0.000	3.000	0.000	0.000
64.000	6970.000	1568.830	20.000	0.000	3.000	0.000	0.000
64.000	6973.000	1568.830	20.000	0.000	3.000	0.000	0.000
64.000	6978.000	1568.830	20.000	0.000	3.000	0.000	0.000
80.000	6976.000	1568.830	20.000	0.000	3.000	0.000	0.000
64.000	6977.000	1568.700	20.000	0.000	3.000	0.000	0.000
64.000	6971.000	1568.830	20.000	0.000	3.000	0.000	0.000
64.000	6973.000	1568.830	20.000	0.000	3.000	0.000	0.000
64.000	6973.000	1568.830	20.000	0.000	3.000	0.000	0.000
63.000	6973.000	1568.830	20.000	0.000	3.000	0.000	0.000
64.000	6975.000	1568.700	20.000	0.000	3.000	0.000	0.000
64.000	6977.000	1568.830	20.000	0.000	3.000	0.000	0.000
65.000	6970.000	1568.700	20.000	0.000	3.000	0.000	0.000
63.000	6976.000	1568.700	20.000	0.000	3.000	0.000	0.000
64.000	6971.000	1568.830	20.000	0.000	3.000	0.000	0.000
63.000	6972.000	1568.830	20.000	0.000	3.000	0.000	0.000
81.000	6971.000	1568.700	20.000	0.000	3.000	0.000	0.000
64.000	6967.000	1568.700	20.000	0.000	3.000	0.000	0.000
64.000	6971.000	1568.700	20.000	0.000	3.000	0.000	0.000
64.000	6972.000	1568.700	20.000	0.000	3.000	0.000	0.000
64.000	6975.000	1568.700	20.000	0.000	3.000	0.000	0.000
63.000	6980.000	1568.830	20.000	0.000	3.000	0.000	0.000
64.000	6973.000	1568.830	20.000	0.000	3.000	0.000	0.000
64.000	6974.000	1568.700	20.000	0.000	3.000	0.000	0.000
64.000	6973.000	1568.700	20.000	0.000	3.000	0.000	0.000
64.000	6972.000	1568.700	20.000	0.000	3.000	0.000	0.000
64.000	6973.000	1568.700	20.000	0.000	3.000	0.000	0.000
80.000	6971.000	1568.700	20.000	0.000	3.000	0.000	0.000
64.000	6972.000	1568.830	20.000	0.000	3.000	0.000	0.000
64.000	6967.000	1568.830	20.000	0.000	3.000	0.000	0.000
64.000	6970.000	1568.700	20.000	0.000	3.000	0.000	0.000
64.000	6970.000	1568.700	20.000	0.000	3.000	0.000	0.000
64.000	6974.000	1568.700	20.000	0.000	3.000	0.000	0.000
64.000	6968.000	1568.830	20.000	0.000	3.000	0.000	0.000
64.000	6973.000	1568.700	20.000	0.000	3.000	0.000	0.000
64.000	6974.000	1568.830	20.000	0.000	3.000	0.000	0.000
64.000	6974.000	1568.830	20.000	0.000	3.000	0.000	0.000
63.000	6974.000	1568.700	20.000	0.000	3.000	0.000	0.000
64.000	6973.000	1568.830	20.000	0.000	3.000	0.000	0.000
80.000	6971.000	1568.830	20.000	0.000	3.000	0.000	0.000
64.000	6973.000	1568.700	20.000	0.000	3.000	0.000	0.000
64.000	6975.000	1568.830	20.000	0.000	3.000	0.000	0.000
64.000	6978.000	1568.570	20.000	0.000	3.000	0.000	0.000
64.000	6972.000	1568.700	20.000	0.000	3.000	0.000	0.000
63.000	6974.000	1568.700	20.000	0.000	3.000	0.000	0.000
65.000	6975.000	1568.700	20.000	0.000	3.000	0.000	0.000
64.000	6970.000	1568.700	20.000	0.000	3.000	0.000	0.000
64.000	6972.000	1568.830	20.000	0.000	3.000	0.000	0.000
63.000	6972.000	1568.700	20.000	0.000	3.000	0.000	0.000
64.000	6972.000	1568.700	20.000	0.000	3.000	0.000	0.000
65.000	6970.000	1568.700	20.000	0.000	3.000	0.000	0.000
79.000	6975.000	1568.700	20.000	0.000	3.000	0.000	0.000
64.000	6973.000	1568.700	20.000	0.000	3.000	0.000	0.000
65.000	6970.000	1568.830	20.000	0.000	3.000	0.000	0.000
63.000	6977.000	1568.830	20.000	0.000	3.000	0.000	0.000
64.000	6974.000	1568.700	20.000	0.000	3.000	0.000	0.000
64.000	6978.000	1568.830	20.000	0.000	3.000	0.000	0.000
63.000	6971.000	1568.700	20.000	0.000	3.000	0.000	0.000
65.000	6968.000	1568.700	20.000	0.000	3.000	0.000	0.000
64.000	6973.000	1568.830	20.000	0.000	3.000	0.000	0.000
63.000	6977.000	1568.700	20.000	0.000	3.000	0.000	0.000
65.000	6974.000	1568.830	20.000	0.000	3.000	0.000	0.000
79.000	6978.000	1568.700	20.000	0.000	3.000	0.000	0.000
64.000	6974.000	1568.830	20.000	0.000	3.000	0.000	0.000
64.000	6974.000	1568.830	20.000	0.000	3.000	0.000	0.000
64.000	6969.000	1568.830	20.000	0.000	3.000	0.000	0.000
64.000	6977.000	1568.830	20.000	0.000	3.000	0.000	0.000
63.000	6974.000	1568.700	20.000	0.000	3.000	0.000	0.000
65.000	6973.000	1568.830	20.000	0.000	3.000	0.000	0.000
64.000	6981.000	1568.830	20.000	0.000	3.000	0.000	0.000
64.000	6976.000	1568.830	20.000	0.000	3.000	0.000	0.000
64.000	6977.000	1568.700	20.000	0.000	3.000	0.000	0.000
63.000	6973.000	1568.830	20.000	0.000	3.000	0.000	0.000
65.000	6969.000	1568.830	20.000	0.000	3.000	0.000	0.000
80.000	6977.000	1568.830	20.000	0.000	3.000	0.000	0.000
63.000	6976.000	1568.950	20.000	0.000	3.000	0.000	0.000
64.000	6977.000	1568.830	20.000	0.000	3.000	0.000	0.000
64.000	6975.000	1568.700	20.000	0.000	3.000	0.000	0.000
64.000	6972.000	1568.830	20.000	0.000	3.000	0.000	0.000
64.000	6979.000	1568.700	20.000	0.000	3.000	0.000	0.000
64.000	6974.000	1568.700	20.000	0.000	3.000	0.000	0.000
64.000	6975.000	1568.830	20.000	0.000	3.000	0.000	0.000
64.000	6978.000	1568.700	20.000	0.000	3.000	0.000	0.000
63.000	6974.000	1568.830	20.000	0.000	3.000	0.000	0.000
65.000	6977.000	1568.700	20.000	0.000	3.000	0.000	0.000
63.000	6977.000	1568.830	20.000	0.000	3.000	0.000	0.000
80.000	6976.000	1568.700	20.000	0.000	3.000	0.000	0.000
64.000	6972.000	1568.700	20.000	0.000	3.000	0.000	0.000
64.000	6973.000	1568.830	20.000	0.000	3.000	0.000	0.000
64.000	6979.000	1568.830	20.000	0.000	3.000	0.000	0.000
64.000	6974.000	1568.830	20.000	0.000	3.000	0.000	0.000
64.000	6976.000	1568.830	20.000	0.000	3.000	0.000	0.000
64.000	6977.000	1568.830	20.000	0.000	3.000	0.000	0.000
64.000	6993.000	1568.700	20.000	0.000	3.000	0.000	0.000
64.000	7004.000	1568.950	20.000	0.000	3.000	0.000	0.000
63.000	7034.000	1568.830	20.000	0.000	3.000	0.000	0.000
65.000	7055.000	1568.700	20.000	0.000	3.000	0.000	0.000
79.000	7077.000	1568.830	20.000	0.000	3.000	0.000	0.000
64.000	7106.000	1568.830	20.000	0.000	3.000	0.000	0.000
64.000	7131.000	1568.830	20.000	0.000	3.000	0.000	0.000
64.000	7159.000	1568.830	20.000	0.000	3.000	0.000	0.000
64.000	7188.000	1568.830	20.000	0.000	3.000	0.000	0.000
64.000	7229.000	1568.830	20.000	0.000	3.000	0.000	0.000
64.000	7265.000	1568.830	20.000	0.000	3.000	0.000	0.000
64.000	7312.000	1568.700	20.000	0.000	3.000	0.000	0.000
64.000	7354.000	1568.700	20.000	0.000	3.000	0.000	0.000
64.000	7405.000	1568.830	20.000	0.000	3.000	0.000	0.000
63.000	7463.000	1568.700	20.000	0.000	3.000	0.000	0.000
64.000	7527.000	1568.700	20.000	0.000	3.000	0.000	0.000
80.000	7607.000	1568.700	20.000	0.000	3.000	0.000	0.000
64.000	7690.000	1568.700	20.000	0.000	3.000	0.000	0.000
65.000	7789.000	1568.830	20.000	0.000	3.000	0.000	0.000
64.000	7903.000	1568.830	20.000	0.000	3.000	0.000	0.000
64.000	8042.000	1568.830	20.000	0.000	3.000	0.000	0.000
63.000	8214.000	1568.830	20.000	0.000	3.000	0.000	0.000
64.000	8516.000	1568.830	20.000	0.000	3.000	0.000	0.000
64.000	9238.000	1568.950	20.000	0.000	3.000	0.000	0.000
64.000	9900.000	1569.210	20.000	0.000	3.000	0.000	0.000
63.000	10183.000	1569.970	20.000	0.000	3.000	0.000	0.000
65.000	10399.000	1570.480	20.000	0.000	3.000	0.000	0.000
63.000	10563.000	1570.860	20.000	0.000	3.000	0.000	0.000
80.000	10662.000	1571.500	20.000	0.000	3.000	0.000	0.000
64.000	10846.000	1572.010	20.000	0.000	3.000	0.000	0.000
64.000	11109.000	1572.650	20.000	0.000	3.000	0.000	0.000
64.000	11479.000	1573.280	20.000	0.000	3.000	0.000	0.000
64.000	12152.000	1574.170	20.000	0.000	3.000	0.000	0.000
65.000	13187.000	1574.940	20.000	0.000	3.000	0.000	0.000
63.000	14344.000	1575.580	20.000	0.000	3.000	0.000	0.000
64.000	14926.000	1575.830	20.000	0.000	3.000	0.000	0.000
64.000	14847.000	1575.450	20.000	0.000	3.000	0.000	0.000
64.000	14518.000	1574.560	20.000	0.000	3.000	0.000	0.000
64.000	14021.000	1573.540	20.000	0.000	3.000	0.000	0.000
64.000	13649.000	1572.770	20.000	0.000	3.000	0.000	0.000
80.000	13318.000	1572.010	20.000	0.000	3.000	0.000	0.000
63.000	12986.000	1571.370	20.000	0.000	3.000	0.000	0.000
65.000	12628.000	1570.860	20.000	0.000	3.000	0.000	0.000
63.000	12186.000	1570.480	20.000	0.000	3.000	0.000	0.000
64.000	11619.000	1570.230	20.000	0.000	3.000	0.000	0.000
64.000	10972.000	1569.840	20.000	0.000	3.000	0.000	0.000
65.000	10757.000	1569.340	20.000	0.000	3.000	0.000	0.000
63.000	10507.000	1569.210	20.000	0.000	3.000	0.000	0.000
64.000	10353.000	1569.080	20.000	0.000	3.000	0.000	0.000
64.000	10111.000	1569.080	20.000	0.000	3.000	0.000	0.000
64.000	9881.000	1569.080	20.000	0.000	3.000	0.000	0.000
80.000	9637.000	1568.950	20.000	0.000	3.000	0.000	0.000
64.000	8624.000	1568.950	20.000	0.000	3.000	0.000	0.000
64.000	8205.000	1568.950	20.000	0.000	3.000	0.000	0.000
63.000	8042.000	1568.950	20.000	0.000	3.000	0.000	0.000
64.000	7837.000	1568.830	20.000	0.000	3.000	0.000	0.000
65.000	7706.000	1568.950	20.000	0.000	3.000	0.000	0.000
63.000	7632.000	1568.830	20.000	0.000	3.000	0.000	0.000
65.000	7580.000	1568.830	20.000	0.000	3.000	0.000	0.000
63.000	7504.000	1568.830	20.000	0.000	3.000	0.000	0.000
64.000	7459.000	1568.830	20.000	0.000	3.000	0.000	0.000
64.000	7237.000	1568.830	20.000	0.000	3.000	0.000	0.000
64.000	7073.000	1568.830	20.000	0.000	3.000	0.000	0.000
79.000	7009.000	1568.830	20.000	0.000	3.000	0.000	0.000
65.000	6968.000	1568.830	20.000	0.000	3.000	0.000	0.000
64.000	6936.000	1568.830	20.000	0.000	3.000	0.000	0.000
64.000	6908.000	1568.700	20.000	0.000	3.000	0.000	0.000
63.000	6889.000	1568.830	20.000	0.000	3.000	0.000	0.000
65.000	6866.000	1568.700	20.000	0.000	3.000	0.000	0.000
64.000	6859.000	1568.830	20.000	0.000	3.000	0.000	0.000
64.000	6841.000	1568.830	20.000	0.000	3.000	0.000	0.000
63.000	6833.000	1568.950	20.000	0.000	3.000	0.000	0.000
64.000	6825.000	1568.700	20.000	0.000	3.000	0.000	0.000
64.000	6818.000	1568.700	20.000	0.000	3.000	0.000	0.000
64.000	6821.000	1568.700	20.000	0.000	3.000	0.000	0.000
80.000	6830.000	1568.830	20.000	0.000	3.000	0.000	0.000
64.000	6844.000	1568.700	20.000	0.000	3.000	0.000	0.000
64.000	6860.000	1568.830	20.000	0.000	3.000	0.000	0.000
64.000	6866.000	1568.700	20.000	0.000	3.000	0.000	0.000
63.000	6873.000	1568.700	20.000	0.000	3.000	0.000	0.000
64.000	6880.000	1568.700	20.000	0.000	3.000	0.000	0.000
65.000	6880.000	1568.830	20.000	0.000	3.000	0.000	0.000
63.000	6894.000	1568.700	20.000	0.000	3.000	0.000	0.000
64.000	6897.000	1568.700	20.000	0.000	3.000	0.000	0.000
65.000	6903.000	1568.700	20.000	0.000	3.000	0.000	0.000
63.000	6906.000	1568.700	20.000	0.000	3.000	0.000	0.000
80.000	6915.000	1568.700	20.000	0.000	3.000	0.000	0.000
64.000	6921.000	1568.700	20.000	0.000	3.000	0.000	0.000
64.000	6919.000	1568.700	20.000	0.000	3.000	0.000	0.000
63.000	6921.000	1568.700	20.000	0.000	3.000	0.000	0.000
64.000	6919.000	1568.830	20.000	0.000	3.000	0.000	0.000
64.000	6927.000	1568.700	20.000	0.000	3.000	0.000	0.000
65.000	6920.000	1568.700	20.000	0.000	3.000	0.000	0.000
63.000	6925.000	1568.700	20.000	0.000	3.000	0.000	0.000
65.000	6925.000	1568.830	20.000	0.000	3.000	0.000	0.000
64.000	6931.000	1568.830	20.000	0.000	3.000	0.000	0.000
63.000	6930.000	1568.700	20.000	0.000	3.000	0.000	0.000
64.000	6940.000	1568.700	20.000	0.000	3.000	0.000	0.000
80.000	6940.000	1568.830	20.000	0.000	3.000	0.000	0.000
64.000	6941.000	1568.700	20.000	0.000	3.000	0.000	0.000
64.000	6939.000	1568.700	20.000	0.000	3.000	0.000	0.000
64.000	6948.000	1568.830	20.000	0.000	3.000	0.000	0.000
63.000	6948.000	1568.700	20.000	0.000	3.000	0.000	0.000
65.000	6954.000	1568.830	20.000	0.000	3.000	0.000	0.000
64.000	6952.000	1568.700	20.000	0.000	3.000	0.000	0.000
64.000	6957.000	1568.700	20.000	0.000	3.000	0.000	0.000
63.000	6964.000	1568.700	20.000	0.000	3.000	0.000	0.000
65.000	6964.000	1568.700	20.000	0.000	3.000	0.000	0.000
64.000	6968.000	1568.700	20.000	0.000	3.000	0.000	0.000
63.000	6975.000	1568.700	20.000	0.000	3.000	0.000	0.000
80.000	6975.000	1568.700	20.000	0.000	3.000	0.000	0.000
64.000	6970.000	1568.830	20.000	0.000	3.000	0.000	0.000
64.000	6974.000	1568.700	20.000	0.000	3.000	0.000	0.000
64.000	6975.000	1568.700	20.000	0.000	3.000	0.000	0.000
64.000	6983.000	1568.830	20.000	0.000	3.000	0.000	0.000
64.000	6983.000	1568.700	20.000	0.000	3.000	0.000	0.000
64.000	6985.000	1568.830	20.000	0.000	3.000	0.000	0.000
63.000	6986.000	1568.700	20.000	0.000	3.000	0.000	0.000
64.000	6988.000	1568.700	20.000	0.000	3.000	0.000	0.000
65.000	6990.000	1568.830	20.000	0.000	3.000	0.000	0.000
64.000	6993.000	1568.830	20.000	0.000	3.000	0.000	0.000
80.000	6995.000	1568.830	20.000	0.000	3.000	0.000	0.000
63.000	6999.000	1568.830	20.000	0.000	3.000	0.000	0.000
65.000	7001.000	1568.700	20.000	0.000	3.000	0.000	0.000
63.000	7000.000	1568.830	20.000	0.000	3.000	0.000	0.000
64.000	7016.000	1568.830	20.000	0.000	3.000	0.000	0.000
64.000	7029.000	1568.830	20.000	0.000	3.000	0.000	0.000
64.000	7052.000	1568.830	20.000	0.000	3.000	0.000	0.000
64.000	7071.000	1568.700	20.000	0.000	3.000	0.000	0.000
64.000	7093.000	1568.700	20.000	0.000	3.000	0.000	0.000
64.000	7114.000	1568.830	20.000	0.000	3.000	0.000	0.000
64.000	7143.000	1568.700	20.000	0.000	3.000	0.000	0.000
64.000	7175.000	1568.830	20.000	0.000	3.000	0.000	0.000
79.000	7198.000	1568.830	20.000	0.000	3.000	0.000	0.000
64.000	7244.000	1568.830	20.000	0.000	3.000	0.000	0.000
65.000	7280.000	1568.700	20.000	0.000	3.000	0.000	0.000
64.000	7318.000	1568.830	20.000	0.000	3.000	0.000	0.000
63.000	7367.000	1568.830	20.000	0.000	3.000	0.000	0.000
64.000	7415.000	1568.830	20.000	0.000	3.000	0.000	0.000
64.000	7471.000	1568.700	20.000	0.000	3.000	0.000	0.000
64.000	7522.000	1568.830	20.000	0.000	3.000	0.000	0.000
63.000	7553.000	1568.700	20.000	0.000	3.000	0.000	0.000
65.000	7623.000	1568.830	20.000	0.000	3.000	0.000	0.000
64.000	7711.000	1568.700	20.000	0.000	3.000	0.000	0.000
63.000	7814.000	1568.830	20.000	0.000	3.000	0.000	0.000
80.000	7932.000	1568.830	20.000	0.000	3.000	0.000	0.000
64.000	8080.000	1568.700	20.000	0.000	3.000	0.000	0.000
64.000	8280.000	1568.830	20.000	0.000	3.000	0.000	0.000
64.000	8751.000	1568.830	20.000	0.000	3.000	0.000	0.000
64.000	9344.000	1568.830	20.000	0.000	3.000	0.000	0.000
64.000	9927.000	1569.340	20.000	0.000	3.000	0.000	0.000
64.000	10286.000	1570.100	20.000	0.000	3.000	0.000	0.000
64.000	10482.000	1570.230	20.000	0.000	3.000	0.000	0.000
64.000	10617.000	1570.860	20.000	0.000	3.000	0.000	0.000
64.000	10737.000	1571.250	20.000	0.000	3.000	0.000	0.000
64.000	10961.000	1571.880	20.000	0.000	3.000	0.000	0.000
79.000	11248.000	1572.520	20.000	0.000	3.000	0.000	0.000
64.000	11785.000	1573.410	20.000	0.000	3.000	0.000	0.000
64.000	12635.000	1574.050	20.000	0.000	3.000	0.000	0.000
64.000	13739.000	1574.810	20.000	0.000	3.000	0.000	0.000
64.000	14730.000	1575.450	20.000	0.000	3.000	0.000	0.000
64.000	14975.000	1575.450	20.000	0.000	3.000	0.000	0.000
64.000	14853.000	1574.810	20.000	0.000	3.000	0.000	0.000
64.000	14446.000	1573.790	20.000	0.000	3.000	0.000	0.000
64.000	14007.000	1572.770	20.000	0.000	3.000	0.000	0.000
64.000	13629.000	1572.140	20.000	0.000	3.000	0.000	0.000
64.000	13328.000	1571.500	20.000	0.000	3.000	0.000	0.000
63.000	13030.000	1570.740	20.000	0.000	3.000	0.000	0.000
81.000	12716.000	1570.480	20.000	0.000	3.000	0.000	0.000
63.000	12234.000	1570.100	20.000	0.000	3.000	0.000	0.000
64.000	11547.000	1569.720	20.000	0.000	3.000	0.000	0.000
64.000	10974.000	1569.340	20.000	0.000	3.000	0.000	0.000
65.000	10657.000	1568.950	20.000	0.000	3.000	0.000	0.000
64.000	10463.000	1568.950	20.000	0.000	3.000	0.000	0.000
63.000	10320.000	1568.830	20.000	0.000	3.000	0.000	0.000
64.000	10073.000	1568.700	20.000	0.000	3.000	0.000	0.000
64.000	9862.000	1568.830	20.000	0.000	3.000	0.000	0.000
64.000	9677.000	1568.830	20.000	0.000	3.000	0.000	0.000
64.000	8852.000	1568.700	20.000	0.000	3.000	0.000	0.000
64.000	8251.000	1568.700	20.000	0.000	3.000	0.000	0.000
80.000	8054.000	1568.700	20.000	0.000	3.000	0.000	0.000
64.000	7900.000	1568.700	20.000	0.000	3.000	0.000	0.000
63.000	7800.000	1568.700	20.000	0.000	3.000	0.000	0.000
65.000	7708.000	1568.570	20.000	0.000	3.000	0.000	0.000
63.000	7649.000	1568.700	20.000	0.000	3.000	0.000	0.000
64.000	7600.000	1568.700	20.000	0.000	3.000	0.000	0.000
64.000	7572.000	1568.700	20.000	0.000	3.000	0.000	0.000
64.000	7539.000	1568.700	20.000	0.000	3.000	0.000	0.000
64.000	7509.000	1568.700	20.000	0.000	3.000	0.000	0.000
64.000	7487.000	1568.700	20.000	0.000	3.000	0.000	0.000
64.000	7318.000	1568.700	20.000	0.000	3.000	0.000	0.000
79.000	7138.000	1568.700	20.000	0.000	3.000	0.000	0.000
64.000	7072.000	1568.570	20.000	0.000	3.000	0.000	0.000
65.000	7028.000	1568.700	20.000	0.000	3.000	0.000	0.000
64.000	6995.000	1568.700	20.000	0.000	3.000	0.000	0.000
64.000	6976.000	1568.700	20.000	0.000	3.000	0.000	0.000
64.000	6942.000	1568.700	20.000	0.000	3.000	0.000	0.000
64.000	6920.000	1568.700	20.000	0.000	3.000	0.000	0.000
63.000	6911.000	1568.700	20.000	0.000	3.000	0.000	0.000
64.000	6895.000	1568.700	20.000	0.000	3.000	0.000	0.000
64.000	6904.000	1568.700	20.000	0.000	3.000	0.000	0.000
64.000	6912.000	1568.700	20.000	0.000	3.000	0.000	0.000
64.000	6919.000	1568.700	20.000	0.000	3.000	0.000	0.000
80.000	6927.000	1568.700	20.000	0.000	3.000	0.000	0.000
64.000	6937.000	1568.700	20.000	0.000	3.000	0.000	0.000
64.000	6947.000	1568.700	20.000	0.000	3.000	0.000	0.000
64.000	6947.000	1568.700	20.000	0.000	3.000	0.000	0.000
63.000	6951.000	1568.700	20.000	0.000	3.000	0.000	0.000
65.000	6961.000	1568.830	20.000	0.000	3.000	0.000	0.000
64.000	6966.000	1568.570	20.000	0.000	3.000	0.000	0.000
63.000	6966.000	1568.700	20.000	0.000	3.000	0.000	0.000
64.000	6974.000	1568.570	20.000	0.000	3.000	0.000	0.000
64.000	6978.000	1568.700	20.000	0.000	3.000	0.000	0.000
64.000	6984.000	1568.700	20.000	0.000	3.000	0.000	0.000
64.000	6991.000	1568.700	20.000	0.000	3.000	0.000	0.000
80.000	6993.000	1568.700	20.000	0.000	3.000	0.000	0.000
64.000	6997.000	1568.700	20.000	0.000	3.000	0.000	0.000
64.000	7002.000	1568.700	20.000	0.000	3.000	0.000	0.000
64.000	7010.000	1568.700	20.000	0.000	3.000	0.000	0.000
63.000	7006.000	1568.700	20.000	0.000	3.000	0.000	0.000
65.000	7012.000	1568.700	20.000	0.000	3.000	0.000	0.000
64.000	7015.000	1568.700	20.000	0.000	3.000	0.000	0.000
64.000	7021.000	1568.570	20.000	0.000	3.000	0.000	0.000
64.000	7020.000	1568.700	20.000	0.000	3.000	0.000	0.000
63.000	7023.000	1568.700	20.000	0.000	3.000	0.000	0.000
64.000	7027.000	1568.700	20.000	0.000	3.000	0.000	0.000
80.000	7030.000	1568.700	20.000	0.000	3.000	0.000	0.000
64.000	7035.000	1568.700	20.000	0.000	3.000	0.000	0.000
64.000	7036.000	1568.700	20.000	0.000	3.000	0.000	0.000
64.000	7038.000	1568.700	20.000	0.000	3.000	0.000	0.000
64.000	7042.000	1568.700	20.000	0.000	3.000	0.000	0.000
63.000	7043.000	1568.700	20.000	0.000	3.000	0.000	0.000
65.000	7042.000	1568.830	20.000	0.000	3.000	0.000	0.000
64.000	7051.000	1568.700	20.000	0.000	3.000	0.000	0.000
64.000	7044.000	1568.830	20.000	0.000	3.000	0.000	0.000
64.000	7046.000	1568.700	20.000	0.000	3.000	0.000	0.000
64.000	7050.000	1568.700	20.000	0.000	3.000	0.000	0.000
63.000	7049.000	1568.700	20.000	0.000	3.000	0.000	0.000
80.000	7046.000	1568.830	20.000	0.000	3.000	0.000	0.000
64.000	7060.000	1568.700	20.000	0.000	3.000	0.000	0.000
64.000	7062.000	1568.700	20.000	0.000	3.000	0.000	0.000
64.000	7049.000	1568.700	20.000	0.000	3.000	0.000	0.000
64.000	7055.000	1568.700	20.000	0.000	3.000	0.000	0.000
64.000	7064.000	1568.700	20.000	0.000	3.000	0.000	0.000
63.000	7065.000	1568.700	20.000	0.000	3.000	0.000	0.000
65.000	7058.000	1568.700	20.000	0.000	3.000	0.000	0.000
63.000	7065.000	1568.700	20.000	0.000	3.000	0.000	0.000
65.000	7066.000	1568.700	20.000	0.000	3.000	0.000	0.000
64.000	7031.000	1568.700	20.000	0.000	3.000	0.000	0.000
64.000	7025.000	1568.700	20.000	0.000	3.000	0.000	0.000
79.000	7030.000	1568.700	20.000	0.000	3.000	0.000	0.000
64.000	7034.000	1568.700	20.000	0.000	3.000	0.000	0.000
64.000	7049.000	1568.700	20.000	0.000	3.000	0.000	0.000
64.000	7079.000	1568.700	20.000	0.000	3.000	0.000	0.000
64.000	7092.000	1568.700	20.000	0.000	3.000	0.000	0.000
63.000	7121.000	1568.830	20.000	0.000	3.000	0.000	0.000
65.000	7142.000	1568.830	20.000	0.000	3.000	0.000	0.000
64.000	7175.000	1568.700	20.000	0.000	3.000	0.000	0.000
63.000	7196.000	1568.700	20.000	0.000	3.000	0.000	0.000
65.000	7245.000	1568.700	20.000	0.000	3.000	0.000	0.000
63.000	7272.000	1568.830	20.000	0.000	3.000	0.000	0.000
80.000	7310.000	1568.700	20.000	0.000	3.000	0.000	0.000
65.000	7349.000	1568.830	20.000	0.000	3.000	0.000	0.000
63.000	7397.000	1568.700	20.000	0.000	3.000	0.000	0.000
65.000	7453.000	1568.700	20.000	0.000	3.000	0.000	0.000
63.000	7499.000	1568.700	20.000	0.000	3.000	0.000	0.000
64.000	7568.000	1568.700	20.000	0.000	3.000	0.000	0.000
64.000	7637.000	1568.700	20.000	0.000	3.000	0.000	0.000
63.000	7717.000	1568.830	20.000	0.000	3.000	0.000	0.000
64.000	7807.000	1568.700	20.000	0.000	3.000	0.000	0.000
65.000	7906.000	1568.700	20.000	0.000	3.000	0.000	0.000
64.000	8028.000	1568.700	20.000	0.000	3.000	0.000	0.000
64.000	8186.000	1568.830	20.000	0.000	3.000	0.000	0.000
80.000	8389.000	1568.700	20.000	0.000	3.000	0.000	0.000
63.000	8787.000	1568.830	20.000	0.000	3.000	0.000	0.000
64.000	9359.000	1568.830	20.000	0.000	3.000	0.000	0.000
64.000	9887.000	1569.340	20.000	0.000	3.000	0.000	0.000
65.000	10236.000	1569.970	20.000	0.000	3.000	0.000	0.000
63.000	10433.000	1570.350	20.000	0.000	3.000	0.000	0.000
64.000	10568.000	1570.740	20.000	0.000	3.000	0.000	0.000
64.000	10661.000	1571.120	20.000	0.000	3.000	0.000	0.000
64.000	10903.000	1571.750	20.000	0.000	3.000	0.000	0.000
64.000	11174.000	1572.390	20.000	0.000	3.000	0.000	0.000
64.000	11712.000	1573.160	20.000	0.000	3.000	0.000	0.000
64.000	12626.000	1573.920	20.000	0.000	3.000	0.000	0.000
80.000	13660.000	1574.680	20.000	0.000	3.000	0.000	0.000
64.000	14660.000	1575.450	20.000	0.000	3.000	0.000	0.000
64.000	14922.000	1575.320	20.000	0.000	3.000	0.000	0.000
64.000	14787.000	1574.940	20.000	0.000	3.000	0.000	0.000
64.000	14374.000	1573.920	20.000	0.000	3.000	0.000	0.000
64.000	13949.000	1572.900	20.000	0.000	3.000	0.000	0.000
63.000	13547.000	1572.140	20.000	0.000	3.000	0.000	0.000
64.000	13184.000	1571.500	20.000	0.000	3.000	0.000	0.000
64.000	12827.000	1570.740	20.000	0.000	3.000	0.000	0.000
64.000	12492.000	1570.350	20.000	0.000	3.000	0.000	0.000
64.000	12011.000	1569.970	20.000	0.000	3.000	0.000	0.000
79.000	11363.000	1569.720	20.000	0.000	3.000	0.000	0.000
65.000	10857.000	1569.460	20.000	0.000	3.000	0.000	0.000
63.000	10604.000	1569.080	20.000	0.000	3.000	0.000	0.000
64.000	10401.000	1568.830	20.000	0.000	3.000	0.000	0.000
64.000	10281.000	1568.830	20.000	0.000	3.000	0.000	0.000
64.000	10050.000	1568.830	20.000	0.000	3.000	0.000	0.000
64.000	9837.000	1568.700	20.000	0.000	3.000	0.000	0.000
64.000	9667.000	1568.830	20.000	0.000	3.000	0.000	0.000
64.000	9123.000	1568.700	20.000	0.000	3.000	0.000	0.000
64.000	8277.000	1568.700	20.000	0.000	3.000	0.000	0.000
64.000	8064.000	1568.700	20.000	0.000	3.000	0.000	0.000
64.000	7897.000	1568.700	20.000	0.000	3.000	0.000	0.000
80.000	7778.000	1568.700	20.000	0.000	3.000	0.000	0.000
64.000	7710.000	1568.700	20.000	0.000	3.000	0.000	0.000
64.000	7646.000	1568.700	20.000	0.000	3.000	0.000	0.000
63.000	7596.000	1568.700	20.000	0.000	3.000	0.000	0.000
64.000	7551.000	1568.700	20.000	0.000	3.000	0.000	0.000
64.000	7529.000	1568.570	20.000	0.000	3.000	0.000	0.000
64.000	7502.000	1568.700	20.000	0.000	3.000	0.000	0.000
64.000	7482.000	1568.700	20.000	0.000	3.000	0.000	0.000
65.000	7458.000	1568.830	20.000	0.000	3.000	0.000	0.000
63.000	7307.000	1568.700	20.000	0.000	3.000	0.000	0.000
64.000	7141.000	1568.700	20.000	0.000	3.000	0.000	0.000
64.000	7078.000	1568.700	20.000	0.000	3.000	0.000	0.000
80.000	7043.000	1568.570	20.000	0.000	3.000	0.000	0.000
64.000	7009.000	1568.570	20.000	0.000	3.000	0.000	0.000
64.000	6991.000	1568.700	20.000	0.000	3.000	0.000	0.000
64.000	6970.000	1568.700	20.000	0.000	3.000	0.000	0.000
63.000	6958.000	1568.700	20.000	0.000	3.000	0.000	0.000
64.000	6942.000	1568.700	20.000	0.000	3.000	0.000	0.000
65.000	6942.000	1568.700	20.000	0.000	3.000	0.000	0.000
63.000	6948.000	1568.700	20.000	0.000	3.000	0.000	0.000
64.000	6957.000	1568.700	20.000	0.000	3.000	0.000	0.000
64.000	6970.000	1568.830	20.000	0.000	3.000	0.000	0.000
64.000	6974.000	1568.830	20.000	0.000	3.000	0.000	0.000
80.000	6978.000	1568.700	20.000	0.000	3.000	0.000	0.000
64.000	6979.000	1568.700	20.000	0.000	3.000	0.000	0.000
64.000	6986.000	1568.700	20.000	0.000	3.000	0.000	0.000
63.000	6993.000	1568.570	20.000	0.000	3.000	0.000	0.000
65.000	6985.000	1568.700	20.000	0.000	3.000	0.000	0.000
64.000	6995.000	1568.700	20.000	0.000	3.000	0.000	0.000
63.000	6998.000	1568.700	20.000	0.000	3.000	0.000	0.000
64.000	7000.000	1568.830	20.000	0.000	3.000	0.000	0.000
64.000	7004.000	1568.700	20.000	0.000	3.000	0.000	0.000
64.000	6995.000	1568.700	20.000	0.000	3.000	0.000	0.000
64.000	6998.000	1568.700	20.000	0.000	3.000	0.000	0.000
64.000	7003.000	1568.700	20.000	0.000	3.000	0.000	0.000
80.000	7008.000	1568.700	20.000	0.000	3.000	0.000	0.000
64.000	7013.000	1568.570	20.000	0.000	3.000	0.000	0.000
64.000	7011.000	1568.700	20.000	0.000	3.000	0.000	0.000
64.000	7013.000	1568.700	20.000	0.000	3.000	0.000	0.000
64.000	7024.000	1568.700	20.000	0.000	3.000	0.000	0.000
64.000	7025.000	1568.830	20.000	0.000	3.000	0.000	0.000
63.000	7027.000	1568.830	20.000	0.000	3.000	0.000	0.000
65.000	7029.000	1568.830	20.000	0.000	3.000	0.000	0.000
64.000	7031.000	1568.700	20.000	0.000	3.000	0.000	0.000
64.000	7037.000	1568.700	20.000	0.000	3.000	0.000	0.000
63.000	7038.000	1568.700	20.000	0.000	3.000	0.000	0.000
64.000	7039.000	1568.700	20.000	0.000	3.000	0.000	0.000
80.000	7043.000	1568.570	20.000	0.000	3.000	0.000	0.000
64.000	7045.000	1568.700	20.000	0.000	3.000	0.000	0.000
63.000	7050.000	1568.700	20.000	0.000	3.000	0.000	0.000
64.000	7053.000	1568.700	20.000	0.000	3.000	0.000	0.000
65.000	7055.000	1568.830	20.000	0.000	3.000	0.000	0.000
63.000	7055.000	1568.700	20.000	0.000	3.000	0.000	0.000
65.000	7061.000	1568.700	20.000	0.000	3.000	0.000	0.000
63.000	7053.000	1568.700	20.000	0.000	3.000	0.000	0.000
65.000	7062.000	1568.700	20.000	0.000	3.000	0.000	0.000
64.000	7067.000	1568.830	20.000	0.000	3.000	0.000	0.000
63.000	7069.000	1568.700	20.000	0.000	3.000	0.000	0.000
80.000	7070.000	1568.700	20.000	0.000	3.000	0.000	0.000
64.000	7076.000	1568.700	20.000	0.000	3.000	0.000	0.000
64.000	7075.000	1568.700	20.000	0.000	3.000	0.000	0.000
63.000	7078.000	1568.700	20.000	0.000	3.000	0.000	0.000
65.000	7076.000	1568.570	20.000	0.000	3.000	0.000	0.000
64.000	7079.000	1568.700	20.000	0.000	3.000	0.000	0.000
64.000	7086.000	1568.830	20.000	0.000	3.000	0.000	0.000
64.000	7084.000	1568.570	20.000	0.000	3.000	0.000	0.000
63.000	7089.000	1568.700	20.000	0.000	3.000	0.000	0.000
65.000	7100.000	1568.700	20.000	0.000	3.000	0.000	0.000
63.000	7094.000	1568.570	20.000	0.000	3.000	0.000	0.000
64.000	7110.000	1568.700	20.000	0.000	3.000	0.000	0.000
80.000	7128.000	1568.830	20.000	0.000	3.000	0.000	0.000
65.000	7149.000	1568.700	20.000	0.000	3.000	0.000	0.000
63.000	7167.000	1568.830	20.000	0.000	3.000	0.000	0.000
64.000	7184.000	1568.700	20.000	0.000	3.000	0.000	0.000
64.000	7213.000	1568.700	20.000	0.000	3.000	0.000	0.000
64.000	7242.000	1568.700	20.000	0.000	3.000	0.000	0.000
64.000	7271.000	1568.700	20.000	0.000	3.000	0.000	0.000
64.000	7302.000	1568.700	20.000	0.000	3.000	0.000	0.000
64.000	7336.000	1568.830	20.000	0.000	3.000	0.000	0.000
64.000	7369.000	1568.700	20.000	0.000	3.000	0.000	0.000
63.000	7415.000	1568.700	20.000	0.000	3.000	0.000	0.000
64.000	7451.000	1568.700	20.000	0.000	3.000	0.000	0.000
80.000	7500.000	1568.700	20.000	0.000	3.000	0.000	0.000
64.000	7553.000	1568.700	20.000	0.000	3.000	0.000	0.000
64.000	7616.000	1568.830	20.000	0.000	3.000	0.000	0.000
64.000	7682.000	1568.700	20.000	0.000	3.000	0.000	0.000
64.000	7756.000	1568.700	20.000	0.000	3.000	0.000	0.000
64.000	7842.000	1568.830	20.000	0.000	3.000	0.000	0.000
64.000	7934.000	1568.700	20.000	0.000	3.000	0.000	0.000
64.000	8049.000	1568.700	20.000	0.000	3.000	0.000	0.000
64.000	8186.000	1568.830	20.000	0.000	3.000	0.000	0.000
63.000	8358.000	1568.700	20.000	0.000	3.000	0.000	0.000
65.000	8603.000	1568.830	20.000	0.000	3.000	0.000	0.000
79.000	9191.000	1568.830	20.000	0.000	3.000	0.000	0.000
64.000	9699.000	1569.080	20.000	0.000	3.000	0.000	0.000
64.000	10040.000	1569.590	20.000	0.000	3.000	0.000	0.000
64.000	10263.000	1570.100	20.000	0.000	3.000	0.000	0.000
64.000	10397.000	1570.610	20.000	0.000	3.000	0.000	0.000
64.000	10476.000	1570.990	20.000	0.000	3.000	0.000	0.000
64.000	10639.000	1571.630	20.000	0.000	3.000	0.000	0.000
64.000	10896.000	1572.390	20.000	0.000	3.000	0.000	0.000
64.000	11351.000	1573.030	20.000	0.000	3.000	0.000	0.000
64.000	12081.000	1573.790	20.000	0.000	3.000	0.000	0.000
64.000	13101.000	1574.560	20.000	0.000	3.000	0.000	0.000
64.000	14204.000	1575.320	20.000	0.000	3.000	0.000	0.000
80.000	14748.000	1575.700	20.000	0.000	3.000	0.000	0.000
63.000	14730.000	1575.450	20.000	0.000	3.000	0.000	0.000
64.000	14378.000	1574.430	20.000	0.000	3.000	0.000	0.000
64.000	13961.000	1573.280	20.000	0.000	3.000	0.000	0.000
64.000	13593.000	1572.520	20.000	0.000	3.000	0.000	0.000
65.000	13226.000	1571.880	20.000	0.000	3.000	0.000	0.000
63.000	12861.000	1571.250	20.000	0.000	3.000	0.000	0.000
63.000	12496.000	1570.610	20.000	0.000	3.000	0.000	0.000
65.000	12103.000	1570.230	20.000	0.000	3.000	0.000	0.000
64.000	11604.000	1569.970	20.000	0.000	3.000	0.000	0.000
64.000	10906.000	1569.590	20.000	0.000	3.000	0.000	0.000
63.000	10623.000	1569.210	20.000	0.000	3.000	0.000	0.000
81.000	10373.000	1568.950	20.000	0.000	3.000	0.000	0.000
63.000	10199.000	1568.830	20.000	0.000	3.000	0.000	0.000
64.000	10045.000	1568.830	20.000	0.000	3.000	0.000	0.000
64.000	9832.000	1568.700	20.000	0.000	3.000	0.000	0.000
64.000	9641.000	1568.700	20.000	0.000	3.000	0.000	0.000
64.000	9438.000	1568.570	20.000	0.000	3.000	0.000	0.000
64.000	8468.000	1568.700	20.000	0.000	3.000	0.000	0.000
64.000	8066.000	1568.570	20.000	0.000	3.000	0.000	0.000
64.000	7914.000	1568.570	20.000	0.000	3.000	0.000	0.000
64.000	7754.000	1568.700	20.000	0.000	3.000	0.000	0.000
64.000	7683.000	1568.700	20.000	0.000	3.000	0.000	0.000
80.000	7632.000	1568.700	20.000	0.000	3.000	0.000	0.000
63.000	7590.000	1568.570	20.000	0.000	3.000	0.000	0.000
64.000	7554.000	1568.570	20.000	0.000	3.000	0.000	0.000
65.000	7524.000	1568.570	20.000	0.000	3.000	0.000	0.000
64.000	7495.000	1568.570	20.000	0.000	3.000	0.000	0.000
63.000	7476.000	1568.570	20.000	0.000	3.000	0.000	0.000
64.000	7446.000	1568.700	20.000	0.000	3.000	0.000	0.000
64.000	7433.000	1568.570	20.000	0.000	3.000	0.000	0.000
64.000	7416.000	1568.570	20.000	0.000	3.000	0.000	0.000
64.000	7395.000	1568.570	20.000	0.000	3.000	0.000	0.000
64.000	7380.000	1568.700	20.000	0.000	3.000	0.000	0.000
64.000	7238.000	1568.700	20.000	0.000	3.000	0.000	0.000
80.000	7147.000	1568.700	20.000	0.000	3.000	0.000	0.000
64.000	7101.000	1568.700	20.000	0.000	3.000	0.000	0.000
64.000	7063.000	1568.700	20.000	0.000	3.000	0.000	0.000
63.000	7048.000	1568.700	20.000	0.000	3.000	0.000	0.000
64.000	7036.000	1568.570	20.000	0.000	3.000	0.000	0.000
64.000	7028.000	1568.570	20.000	0.000	3.000	0.000	0.000
65.000	7027.000	1568.700	20.000	0.000	3.000	0.000	0.000
63.000	7037.000	1568.570	20.000	0.000	3.000	0.000	0.000
64.000	7043.000	1568.700	20.000	0.000	3.000	0.000	0.000
64.000	7034.000	1568.700	20.000	0.000	3.000	0.000	0.000
64.000	7042.000	1568.700	20.000	0.000	3.000	0.000	0.000
64.000	7046.000	1568.570	20.000	0.000	3.000	0.000	0.000
80.000	7048.000	1568.700	20.000	0.000	3.000	0.000	0.000
64.000	7050.000	1568.700	20.000	0.000	3.000	0.000	0.000
63.000	7045.000	1568.700	20.000	0.000	3.000	0.000	0.000
66.000	7007.000	1568.700	20.000	0.000	3.000	0.000	0.000
63.000	7001.000	1568.700	20.000	0.000	3.000	0.000	0.000
63.000	7000.000	1568.570	20.000	0.000	3.000	0.000	0.000
64.000	7008.000	1568.700	20.000	0.000	3.000	0.000	0.000
64.000	7009.000	1568.700	20.000	0.000	3.000	0.000	0.000
65.000	7009.000	1568.700	20.000	0.000	3.000	0.000	0.000
64.000	7020.000	1568.700	20.000	0.000	3.000	0.000	0.000
63.000	7021.000	1568.570	20.000	0.000	3.000	0.000	0.000
80.000	7027.000	1568.700	20.000	0.000	3.000	0.000	0.000
63.000	7028.000	1568.700	20.000	0.000	3.000	0.000	0.000
64.000	7033.000	1568.570	20.000	0.000	3.000	0.000	0.000
65.000	7031.000	1568.700	20.000	0.000	3.000	0.000	0.000
64.000	7037.000	1568.570	20.000	0.000	3.000	0.000	0.000
63.000	7037.000	1568.570	20.000	0.000	3.000	0.000	0.000
64.000	7044.000	1568.700	20.000	0.000	3.000	0.000	0.000
64.000	7049.000	1568.700	20.000	0.000	3.000	0.000	0.000
64.000	7049.000	1568.700	20.000	0.000	3.000	0.000	0.000
64.000	7047.000	1568.700	20.000	0.000	3.000	0.000	0.000
64.000	7052.000	1568.570	20.000	0.000	3.000	0.000	0.000
64.000	7061.000	1568.700	20.000	0.000	3.000	0.000	0.000
79.000	7061.000	1568.700	20.000	0.000	3.000	0.000	0.000
65.000	7057.000	1568.700	20.000	0.000	3.000	0.000	0.000
63.000	7065.000	1568.570	20.000	0.000	3.000	0.000	0.000
65.000	7068.000	1568.700	20.000	0.000	3.000	0.000	0.000
64.000	7071.000	1568.700	20.000	0.000	3.000	0.000	0.000
64.000	7068.000	1568.700	20.000	0.000	3.000	0.000	0.000
64.000	7077.000	1568.570	20.000	0.000	3.000	0.000	0.000
63.000	7077.000	1568.700	20.000	0.000	3.000	0.000	0.000
64.000	7082.000	1568.570	20.000	0.000	3.000	0.000	0.000
64.000	7089.000	1568.570	20.000	0.000	3.000	0.000	0.000
64.000	7089.000	1568.700	20.000	0.000	3.000	0.000	0.000
64.000	7097.000	1568.700	20.000	0.000	3.000	0.000	0.000
80.000	7085.000	1568.570	20.000	0.000	3.000	0.000	0.000
64.000	7096.000	1568.700	20.000	0.000	3.000	0.000	0.000
64.000	7098.000	1568.700	20.000	0.000	3.000	0.000	0.000
63.000	7104.000	1568.570	20.000	0.000	3.000	0.000	0.000
65.000	7103.000	1568.700	20.000	0.000	3.000	0.000	0.000
63.000	7105.000	1568.570	20.000	0.000	3.000	0.000	0.000
64.000	7107.000	1568.700	20.000	0.000	3.000	0.000	0.000
65.000	7110.000	1568.700	20.000	0.000	3.000	0.000	0.000
64.000	7116.000	1568.700	20.000	0.000	3.000	0.000	0.000
63.000	7126.000	1568.700	20.000	0.000	3.000	0.000	0.000
65.000	7142.000	1568.700	20.000	0.000	3.000	0.000	0.000
79.000	7158.000	1568.700	20.000	0.000	3.000	0.000	0.000
65.000	7182.000	1568.700	20.000	0.000	3.000	0.000	0.000
63.000	7208.000	1568.700	20.000	0.000	3.000	0.000	0.000
64.000	7232.000	1568.700	20.000	0.000	3.000	0.000	0.000
64.000	7257.000	1568.700	20.000	0.000	3.000	0.000	0.000
64.000	7294.000	1568.700	20.000	0.000	3.000	0.000	0.000
64.000	7323.000	1568.700	20.000	0.000	3.000	0.000	0.000
63.000	7361.000	1568.700	20.000	0.000	3.000	0.000	0.000
65.000	7395.000	1568.830	20.000	0.000	3.000	0.000	0.000
63.000	7436.000	1568.700	20.000	0.000	3.000	0.000	0.000
64.000	7486.000	1568.700	20.000	0.000	3.000	0.000	0.000
64.000	7536.000	1568.830	20.000	0.000	3.000	0.000	0.000
81.000	7598.000	1568.700	20.000	0.000	3.000	0.000	0.000
63.000	7656.000	1568.700	20.000	0.000	3.000	0.000	0.000
64.000	7731.000	1568.830	20.000	0.000	3.000	0.000	0.000
64.000	7816.000	1568.700	20.000	0.000	3.000	0.000	0.000
64.000	7908.000	1568.700	20.000	0.000	3.000	0.000	0.000
64.000	8016.000	1568.700	20.000	0.000	3.000	0.000	0.000
64.000	8138.000	1568.830	20.000	0.000	3.000	0.000	0.000
64.000	8298.000	1568.700	20.000	0.000	3.000	0.000	0.000
63.000	8496.000	1568.830	20.000	0.000	3.000	0.000	0.000
64.000	8932.000	1568.700	20.000	0.000	3.000	0.000	0.000
64.000	9435.000	1568.830	20.000	0.000	3.000	0.000	0.000
65.000	9819.000	1569.340	20.000	0.000	3.000	0.000	0.000
79.000	10071.000	1569.840	20.000	0.000	3.000	0.000	0.000
64.000	10251.000	1570.230	20.000	0.000	3.000	0.000	0.000
64.000	10341.000	1570.740	20.000	0.000	3.000	0.000	0.000
64.000	10467.000	1571.250	20.000	0.000	3.000	0.000	0.000
64.000	10680.000	1571.750	20.000	0.000	3.000	0.000	0.000
64.000	11025.000	1572.520	20.000	0.000	3.000	0.000	0.000
63.000	11588.000	1573.280	20.000	0.000	3.000	0.000	0.000
65.000	12509.000	1573.920	20.000	0.000	3.000	0.000	0.000
64.000	13577.000	1574.680	20.000	0.000	3.000	0.000	0.000
63.000	14466.000	1575.320	20.000	0.000	3.000	0.000	0.000
65.000	14503.000	1575.190	20.000	0.000	3.000	0.000	0.000
64.000	14186.000	1574.560	20.000	0.000	3.000	0.000	0.000
79.000	13809.000	1573.540	20.000	0.000	3.000	0.000	0.000
64.000	13407.000	1572.390	20.000	0.000	3.000	0.000	0.000
64.000	13063.000	1571.880	20.000	0.000	3.000	0.000	0.000
64.000	12734.000	1571.250	20.000	0.000	3.000	0.000	0.000
64.000	12372.000	1570.480	20.000	0.000	3.000	0.000	0.000
64.000	11972.000	1570.100	20.000	0.000	3.000	0.000	0.000
64.000	11445.000	1569.840	20.000	0.000	3.000	0.000	0.000
64.000	10765.000	1569.590	20.000	0.000	3.000	0.000	0.000
64.000	10505.000	1569.340	20.000	0.000	3.000	0.000	0.000
63.000	10273.000	1568.950	20.000	0.000	3.000	0.000	0.000
65.000	10139.000	1568.700	20.000	0.000	3.000	0.000	0.000
79.000	9974.000	1568.570	20.000	0.000	3.000	0.000	0.000
64.000	9710.000	1568.570	20.000	0.000	3.000	0.000	0.000
65.000	9532.000	1568.570	20.000	0.000	3.000	0.000	0.000
63.000	9366.000	1568.700	20.000	0.000	3.000	0.000	0.000
64.000	8797.000	1568.700	20.000	0.000	3.000	0.000	0.000
65.000	8110.000	1568.570	20.000	0.000	3.000	0.000	0.000
63.000	7959.000	1568.570	20.000	0.000	3.000	0.000	0.000
64.000	7856.000	1568.570	20.000	0.000	3.000	0.000	0.000
64.000	7756.000	1568.700	20.000	0.000	3.000	0.000	0.000
64.000	7691.000	1568.440	20.000	0.000	3.000	0.000	0.000
63.000	7637.000	1568.570	20.000	0.000	3.000	0.000	0.000
65.000	7587.000	1568.570	20.000	0.000	3.000	0.000	0.000
79.000	7549.000	1568.570	20.000	0.000	3.000	0.000	0.000
65.000	7525.000	1568.700	20.000	0.000	3.000	0.000	0.000
63.000	7499.000	1568.700	20.000	0.000	3.000	0.000	0.000
64.000	7470.000	1568.700	20.000	0.000	3.000	0.000	0.000
64.000	7447.000	1568.570	20.000	0.000	3.000	0.000	0.000
63.000	7419.000	1568.570	20.000	0.000	3.000	0.000	0.000
65.000	7399.000	1568.570	20.000	0.000	3.000	0.000	0.000
64.000	7382.000	1568.700	20.000	0.000	3.000	0.000	0.000
64.000	7361.000	1568.570	20.000	0.000	3.000	0.000	0.000
64.000	7346.000	1568.700	20.000	0.000	3.000	0.000	0.000
64.000	7269.000	1568.570	20.000	0.000	3.000	0.000	0.000
63.000	7209.000	1568.570	20.000	0.000	3.000	0.000	0.000
81.000	7168.000	1568.570	20.000	0.000	3.000	0.000	0.000
64.000	7145.000	1568.570	20.000	0.000	3.000	0.000	0.000
64.000	7121.000	1568.570	20.000	0.000	3.000	0.000	0.000
64.000	7128.000	1568.700	20.000	0.000	3.000	0.000	0.000
63.000	7133.000	1568.570	20.000	0.000	3.000	0.000	0.000
64.000	7130.000	1568.570	20.000	0.000	3.000	0.000	0.000
64.000	7131.000	1568.570	20.000	0.000	3.000	0.000	0.000
64.000	7134.000	1568.570	20.000	0.000	3.000	0.000	0.000
64.000	7130.000	1568.570	20.000	0.000	3.000	0.000	0.000
64.000	7123.000	1568.570	20.000	0.000	3.000	0.000	0.000
64.000	7135.000	1568.570	20.000	0.000	3.000	0.000	0.000
80.000	7137.000	1568.570	20.000	0.000	3.000	0.000	0.000
63.000	7134.000	1568.570	20.000	0.000	3.000	0.000	0.000
65.000	7135.000	1568.700	20.000	0.000	3.000	0.000	0.000
63.000	7134.000	1568.570	20.000	0.000	3.000	0.000	0.000
64.000	7134.000	1568.570	20.000	0.000	3.000	0.000	0.000
65.000	7146.000	1568.440	20.000	0.000	3.000	0.000	0.000
64.000	7142.000	1568.700	20.000	0.000	3.000	0.000	0.000
63.000	7145.000	1568.570	20.000	0.000	3.000	0.000	0.000
64.000	7144.000	1568.700	20.000	0.000	3.000	0.000	0.000
64.000	7150.000	1568.570	20.000	0.000	3.000	0.000	0.000
64.000	7150.000	1568.700	20.000	0.000	3.000	0.000	0.000
63.000	7153.000	1568.570	20.000	0.000	3.000	0.000	0.000
81.000	7159.000	1568.700	20.000	0.000	3.000	0.000	0.000
64.000	7158.000	1568.570	20.000	0.000	3.000	0.000	0.000
64.000	7165.000	1568.700	20.000	0.000	3.000	0.000	0.000
64.000	7169.000	1568.570	20.000	0.000	3.000	0.000	0.000
63.000	7164.000	1568.570	20.000	0.000	3.000	0.000	0.000
64.000	7164.000	1568.570	20.000	0.000	3.000	0.000	0.000
64.000	7168.000	1568.700	20.000	0.000	3.000	0.000	0.000
64.000	7170.000	1568.700	20.000	0.000	3.000	0.000	0.000
64.000	7177.000	1568.700	20.000	0.000	3.000	0.000	0.000
64.000	7181.000	1568.700	20.000	0.000	3.000	0.000	0.000
64.000	7177.000	1568.700	20.000	0.000	3.000	0.000	0.000
79.000	7179.000	1568.700	20.000	0.000	3.000	0.000	0.000
65.000	7192.000	1568.570	20.000	0.000	3.000	0.000	0.000
63.000	7183.000	1568.570	20.000	0.000	3.000	0.000	0.000
64.000	7184.000	1568.700	20.000	0.000	3.000	0.000	0.000
65.000	7187.000	1568.700	20.000	0.000	3.000	0.000	0.000
63.000	7192.000	1568.700	20.000	0.000	3.000	0.000	0.000
64.000	7193.000	1568.700	20.000	0.000	3.000	0.000	0.000
64.000	7196.000	1568.570	20.000	0.000	3.000	0.000	0.000
64.000	7203.000	1568.700	20.000	0.000	3.000	0.000	0.000
64.000	7194.000	1568.570	20.000	0.000	3.000	0.000	0.000
64.000	7203.000	1568.700	20.000	0.000	3.000	0.000	0.000
64.000	7210.000	1568.570	20.000	0.000	3.000	0.000	0.000
79.000	7211.000	1568.570	20.000	0.000	3.000	0.000	0.000
65.000	7211.000	1568.700	20.000	0.000	3.000	0.000	0.000
63.000	7215.000	1568.700	20.000	0.000	3.000	0.000	0.000
64.000	7218.000	1568.570	20.000	0.000	3.000	0.000	0.000
65.000	7221.000	1568.700	20.000	0.000	3.000	0.000	0.000
64.000	7225.000	1568.700	20.000	0.000	3.000	0.000	0.000
63.000	7236.000	1568.700	20.000	0.000	3.000	0.000	0.000
64.000	7254.000	1568.570	20.000	0.000	3.000	0.000	0.000
64.000	7263.000	1568.700	20.000	0.000	3.000	0.000	0.000
64.000	7290.000	1568.700	20.000	0.000	3.000	0.000	0.000
65.000	7261.000	1568.700	20.000	0.000	3.000	0.000	0.000
63.000	7283.000	1568.700	20.000	0.000	3.000	0.000	0.000
80.000	7307.000	1568.570	20.000	0.000	3.000	0.000	0.000
64.000	7339.000	1568.570	20.000	0.000	3.000	0.000	0.000
63.000	7364.000	1568.700	20.000	0.000	3.000	0.000	0.000
64.000	7396.000	1568.570	20.000	0.000	3.000	0.000	0.000
65.000	7442.000	1568.570	20.000	0.000	3.000	0.000	0.000
63.000	7476.000	1568.700	20.000	0.000	3.000	0.000	0.000
65.000	7529.000	1568.700	20.000	0.000	3.000	0.000	0.000
63.000	7576.000	1568.700	20.000	0.000	3.000	0.000	0.000
64.000	7632.000	1568.700	20.000	0.000	3.000	0.000	0.000
64.000	7693.000	1568.440	20.000	0.000	3.000	0.000	0.000
64.000	7762.000	1568.700	20.000	0.000	3.000	0.000	0.000
64.000	7840.000	1568.700	20.000	0.000	3.000	0.000	0.000
80.000	7933.000	1568.700	20.000	0.000	3.000	0.000	0.000
64.000	8031.000	1568.570	20.000	0.000	3.000	0.000	0.000
64.000	8148.000	1568.700	20.000	0.000	3.000	0.000	0.000
64.000	8291.000	1568.700	20.000	0.000	3.000	0.000	0.000
64.000	8476.000	1568.570	20.000	0.000	3.000	0.000	0.000
64.000	8756.000	1568.700	20.000	0.000	3.000	0.000	0.000
63.000	9291.000	1568.830	20.000	0.000	3.000	0.000	0.000
65.000	9678.000	1568.950	20.000	0.000	3.000	0.000	0.000
64.000	9912.000	1569.460	20.000	0.000	3.000	0.000	0.000
63.000	10132.000	1569.970	20.000	0.000	3.000	0.000	0.000
64.000	10231.000	1570.480	20.000	0.000	3.000	0.000	0.000
81.000	10317.000	1570.990	20.000	0.000	3.000	0.000	0.000
63.000	10493.000	1571.370	20.000	0.000	3.000	0.000	0.000
64.000	10740.000	1572.010	20.000	0.000	3.000	0.000	0.000
63.000	11195.000	1572.650	20.000	0.000	3.000	0.000	0.000
65.000	11953.000	1573.540	20.000	0.000	3.000	0.000	0.000
63.000	13002.000	1574.430	20.000	0.000	3.000	0.000	0.000
64.000	14070.000	1575.070	20.000	0.000	3.000	0.000	0.000
65.000	14339.000	1575.190	20.000	0.000	3.000	0.000	0.000
64.000	14171.000	1574.810	20.000	0.000	3.000	0.000	0.000
63.000	13847.000	1573.790	20.000	0.000	3.000	0.000	0.000
65.000	13470.000	1572.770	20.000	0.000	3.000	0.000	0.000
63.000	13103.000	1572.010	20.000	0.000	3.000	0.000	0.000
80.000	12796.000	1571.370	20.000	0.000	3.000	0.000	0.000
64.000	12463.000	1570.740	20.000	0.000	3.000	0.000	0.000
64.000	12077.000	1570.230	20.000	0.000	3.000	0.000	0.000
64.000	11605.000	1569.840	20.000	0.000	3.000	0.000	0.000
64.000	10964.000	1569.590	20.000	0.000	3.000	0.000	0.000
64.000	10427.000	1569.340	20.000	0.000	3.000	0.000	0.000
63.000	10242.000	1568.950	20.000	0.000	3.000	0.000	0.000
65.000	10100.000	1568.700	20.000	0.000	3.000	0.000	0.000
64.000	9976.000	1568.570	20.000	0.000	3.000	0.000	0.000
63.000	9736.000	1568.700	20.000	0.000	3.000	0.000	0.000
64.000	9513.000	1568.570	20.000	0.000	3.000	0.000	0.000
65.000	9357.000	1568.440	20.000	0.000	3.000	0.000	0.000
80.000	9176.000	1568.440	20.000	0.000	3.000	0.000	0.000
63.000	8241.000	1568.440	20.000	0.000	3.000	0.000	0.000
64.000	7938.000	1568.440	20.000	0.000	3.000	0.000	0.000
64.000	7823.000	1568.570	20.000	0.000	3.000	0.000	0.000
65.000	7720.000	1568.570	20.000	0.000	3.000	0.000	0.000
63.000	7636.000	1568.570	20.000	0.000	3.000	0.000	0.000
64.000	7571.000	1568.570	20.000	0.000	3.000	0.000	0.000
64.000	7520.000	1568.570	20.000	0.000	3.000	0.000	0.000
64.000	7482.000	1568.570	20.000	0.000	3.000	0.000	0.000
63.000	7457.000	1568.570	20.000	0.000	3.000	0.000	0.000
65.000	7429.000	1568.440	20.000	0.000	3.000	0.000	0.000
80.000	7394.000	1568.440	20.000	0.000	3.000	0.000	0.000
63.000	7369.000	1568.700	20.000	0.000	3.000	0.000	0.000
64.000	7353.000	1568.440	20.000	0.000	3.000	0.000	0.000
64.000	7331.000	1568.570	20.000	0.000	3.000	0.000	0.000
64.000	7297.000	1568.570	20.000	0.000	3.000	0.000	0.000
64.000	7268.000	1568.700	20.000	0.000	3.000	0.000	0.000
64.000	7227.000	1568.570	20.000	0.000	3.000	0.000	0.000
64.000	7196.000	1568.570	20.000	0.000	3.000	0.000	0.000
63.000	7159.000	1568.440	20.000	0.000	3.000	0.000	0.000
65.000	7136.000	1568.570	20.000	0.000	3.000	0.000	0.000
64.000	7112.000	1568.570	20.000	0.000	3.000	0.000	0.000
64.000	7104.000	1568.570	20.000	0.000	3.000	0.000	0.000
80.000	7098.000	1568.570	20.000	0.000	3.000	0.000	0.000
64.000	7110.000	1568.570	20.000	0.000	3.000	0.000	0.000
63.000	7112.000	1568.570	20.000	0.000	3.000	0.000	0.000
64.000	7121.000	1568.570	20.000	0.000	3.000	0.000	0.000
64.000	7120.000	1568.570	20.000	0.000	3.000	0.000	0.000
64.000	7119.000	1568.570	20.000	0.000	3.000	0.000	0.000
64.000	7117.000	1568.440	20.000	0.000	3.000	0.000	0.000
64.000	7116.000	1568.570	20.000	0.000	3.000	0.000	0.000
63.000	7128.000	1568.570	20.000	0.000	3.000	0.000	0.000
65.000	7123.000	1568.440	20.000	0.000	3.000	0.000	0.000
64.000	7127.000	1568.570	20.000	0.000	3.000	0.000	0.000
64.000	7132.000	1568.570	20.000	0.000	3.000	0.000	0.000
79.000	7133.000	1568.570	20.000	0.000	3.000	0.000	0.000
65.000	7131.000	1568.570	20.000	0.000	3.000	0.000	0.000
63.000	7137.000	1568.570	20.000	0.000	3.000	0.000	0.000
64.000	7145.000	1568.570	20.000	0.000	3.000	0.000	0.000
64.000	7142.000	1568.570	20.000	0.000	3.000	0.000	0.000
64.000	7144.000	1568.700	20.000	0.000	3.000	0.000	0.000
64.000	7150.000	1568.570	20.000	0.000	3.000	0.000	0.000
64.000	7156.000	1568.570	20.000	0.000	3.000	0.000	0.000
64.000	7094.000	1568.570	20.000	0.000	3.000	0.000	0.000
64.000	7088.000	1568.570	20.000	0.000	3.000	0.000	0.000
64.000	7091.000	1568.570	20.000	0.000	3.000	0.000	0.000
80.000	7097.000	1568.570	20.000	0.000	3.000	0.000	0.000
64.000	7102.000	1568.440	20.000	0.000	3.000	0.000	0.000
63.000	7103.000	1568.570	20.000	0.000	3.000	0.000	0.000
65.000	7109.000	1568.570	20.000	0.000	3.000	0.000	0.000
63.000	7107.000	1568.570	20.000	0.000	3.000	0.000	0.000
64.000	7113.000	1568.700	20.000	0.000	3.000	0.000	0.000
64.000	7114.000	1568.570	20.000	0.000	3.000	0.000	0.000
65.000	7118.000	1568.570	20.000	0.000	3.000	0.000	0.000
63.000	7115.000	1568.570	20.000	0.000	3.000	0.000	0.000
64.000	7121.000	1568.570	20.000	0.000	3.000	0.000	0.000
64.000	7123.000	1568.570	20.000	0.000	3.000	0.000	0.000
64.000	7130.000	1568.570	20.000	0.000	3.000	0.000	0.000
80.000	7128.000	1568.570	20.000	0.000	3.000	0.000	0.000
64.000	7128.000	1568.570	20.000	0.000	3.000	0.000	0.000
64.000	7134.000	1568.570	20.000	0.000	3.000	0.000	0.000
63.000	7137.000	1568.570	20.000	0.000	3.000	0.000	0.000
65.000	7142.000	1568.700	20.000	0.000	3.000	0.000	0.000
63.000	7141.000	1568.570	20.000	0.000	3.000	0.000	0.000
64.000	7147.000	1568.570	20.000	0.000	3.000	0.000	0.000
65.000	7145.000	1568.570	20.000	0.000	3.000	0.000	0.000
63.000	7145.000	1568.700	20.000	0.000	3.000	0.000	0.000
64.000	7158.000	1568.570	20.000	0.000	3.000	0.000	0.000
64.000	7153.000	1568.570	20.000	0.000	3.000	0.000	0.000
64.000	7149.000	1568.570	20.000	0.000	3.000	0.000	0.000
79.000	7156.000	1568.570	20.000	0.000	3.000	0.000	0.000
64.000	7157.000	1568.570	20.000	0.000	3.000	0.000	0.000
64.000	7165.000	1568.570	20.000	0.000	3.000	0.000	0.000
65.000	7170.000	1568.700	20.000	0.000	3.000	0.000	0.000
63.000	7191.000	1568.700	20.000	0.000	3.000	0.000	0.000
64.000	7216.000	1568.700	20.000	0.000	3.000	0.000	0.000
64.000	7235.000	1568.570	20.000	0.000	3.000	0.000	0.000
64.000	7257.000	1568.570	20.000	0.000	3.000	0.000	0.000
64.000	7282.000	1568.570	20.000	0.000	3.000	0.000	0.000
64.000	7312.000	1568.570	20.000	0.000	3.000	0.000	0.000
64.000	7341.000	1568.570	20.000	0.000	3.000	0.000	0.000
80.000	7373.000	1568.700	20.000	0.000	3.000	0.000	0.000
64.000	7410.000	1568.700	20.000	0.000	3.000	0.000	0.000
64.000	7448.000	1568.570	20.000	0.000	3.000	0.000	0.000
63.000	7490.000	1568.570	20.000	0.000	3.000	0.000	0.000
65.000	7539.000	1568.700	20.000	0.000	3.000	0.000	0.000
64.000	7591.000	1568.570	20.000	0.000	3.000	0.000	0.000
64.000	7647.000	1568.700	20.000	0.000	3.000	0.000	0.000
64.000	7711.000	1568.570	20.000	0.000	3.000	0.000	0.000
64.000	7774.000	1568.570	20.000	0.000	3.000	0.000	0.000
64.000	7861.000	1568.570	20.000	0.000	3.000	0.000	0.000
63.000	7958.000	1568.570	20.000	0.000	3.000	0.000	0.000
64.000	8062.000	1568.570	20.000	0.000	3.000	0.000	0.000
80.000	8182.000	1568.570	20.000	0.000	3.000	0.000	0.000
64.000	8339.000	1568.700	20.000	0.000	3.000	0.000	0.000
64.000	8543.000	1568.570	20.000	0.000	3.000	0.000	0.000
63.000	8903.000	1568.570	20.000	0.000	3.000	0.000	0.000
64.000	9399.000	1568.700	20.000	0.000	3.000	0.000	0.000
64.000	9731.000	1569.080	20.000	0.000	3.000	0.000	0.000
64.000	9971.000	1569.460	20.000	0.000	3.000	0.000	0.000
65.000	10147.000	1569.970	20.000	0.000	3.000	0.000	0.000
63.000	10231.000	1570.350	20.000	0.000	3.000	0.000	0.000
65.000	10341.000	1570.990	20.000	0.000	3.000	0.000	0.000
64.000	10505.000	1571.630	20.000	0.000	3.000	0.000	0.000
63.000	10816.000	1572.140	20.000	0.000	3.000	0.000	0.000
80.000	11358.000	1572.900	20.000	0.000	3.000	0.000	0.000
65.000	12199.000	1573.790	20.000	0.000	3.000	0.000	0.000
63.000	13233.000	1574.560	20.000	0.000	3.000	0.000	0.000
64.000	14196.000	1575.070	20.000	0.000	3.000	0.000	0.000
64.000	14191.000	1575.190	20.000	0.000	3.000	0.000	0.000
64.000	14029.000	1574.430	20.000	0.000	3.000	0.000	0.000
64.000	13677.000	1573.540	20.000	0.000	3.000	0.000	0.000
64.000	13308.000	1572.520	20.000	0.000	3.000	0.000	0.000
64.000	12961.000	1571.750	20.000	0.000	3.000	0.000	0.000
64.000	12658.000	1571.120	20.000	0.000	3.000	0.000	0.000
64.000	12286.000	1570.480	20.000	0.000	3.000	0.000	0.000
79.000	11934.000	1569.970	20.000	0.000	3.000	0.000	0.000
64.000	11440.000	1569.720	20.000	0.000	3.000	0.000	0.000
64.000	10768.000	1569.460	20.000	0.000	3.000	0.000	0.000
64.000	10329.000	1569.210	20.000	0.000	3.000	0.000	0.000
63.000	10196.000	1568.830	20.000	0.000	3.000	0.000	0.000
65.000	10050.000	1568.700	20.000	0.000	3.000	0.000	0.000
63.000	9905.000	1568.440	20.000	0.000	3.000	0.000	0.000
64.000	9657.000	1568.570	20.000	0.000	3.000	0.000	0.000
64.000	9430.000	1568.440	20.000	0.000	3.000	0.000	0.000
65.000	9283.000	1568.440	20.000	0.000	3.000	0.000	0.000
64.000	9007.000	1568.440	20.000	0.000	3.000	0.000	0.000
63.000	8112.000	1568.570	20.000	0.000	3.000	0.000	0.000
80.000	7906.000	1568.440	20.000	0.000	3.000	0.000	0.000
64.000	7799.000	1568.570	20.000	0.000	3.000	0.000	0.000
65.000	7706.000	1568.440	20.000	0.000	3.000	0.000	0.000
64.000	7628.000	1568.440	20.000	0.000	3.000	0.000	0.000
63.000	7575.000	1568.440	20.000	0.000	3.000	0.000	0.000
64.000	7525.000	1568.440	20.000	0.000	3.000	0.000	0.000
64.000	7486.000	1568.440	20.000	0.000	3.000	0.000	0.000
64.000	7461.000	1568.570	20.000	0.000	3.000	0.000	0.000
64.000	7422.000	1568.440	20.000	0.000	3.000	0.000	0.000
64.000	7396.000	1568.440	20.000	0.000	3.000	0.000	0.000
64.000	7374.000	1568.570	20.000	0.000	3.000	0.000	0.000
64.000	7346.000	1568.440	20.000	0.000	3.000	0.000	0.000
79.000	7333.000	1568.440	20.000	0.000	3.000	0.000	0.000
64.000	7316.000	1568.440	20.000	0.000	3.000	0.000	0.000
65.000	7298.000	1568.440	20.000	0.000	3.000	0.000	0.000
64.000	7284.000	1568.570	20.000	0.000	3.000	0.000	0.000
63.000	7271.000	1568.570	20.000	0.000	3.000	0.000	0.000
64.000	7256.000	1568.570	20.000	0.000	3.000	0.000	0.000
64.000	7250.000	1568.440	20.000	0.000	3.000	0.000	0.000
64.000	7236.000	1568.570	20.000	0.000	3.000	0.000	0.000
64.000	7241.000	1568.440	20.000	0.000	3.000	0.000	0.000
64.000	7246.000	1568.440	20.000	0.000	3.000	0.000	0.000
64.000	7264.000	1568.570	20.000	0.000	3.000	0.000	0.000
63.000	7267.000	1568.440	20.000	0.000	3.000	0.000	0.000
80.000	7280.000	1568.570	20.000	0.000	3.000	0.000	0.000
65.000	7223.000	1568.440	20.000	0.000	3.000	0.000	0.000
63.000	7227.000	1568.570	20.000	0.000	3.000	0.000	0.000
64.000	7228.000	1568.440	20.000	0.000	3.000	0.000	0.000
64.000	7232.000	1568.570	20.000	0.000	3.000	0.000	0.000
64.000	7231.000	1568.570	20.000	0.000	3.000	0.000	0.000
64.000	7245.000	1568.570	20.000	0.000	3.000	0.000	0.000
64.000	7247.000	1568.570	20.000	0.000	3.000	0.000	0.000
64.000	7252.000	1568.440	20.000	0.000	3.000	0.000	0.000
64.000	7256.000	1568.440	20.000	0.000	3.000	0.000	0.000
63.000	7255.000	1568.570	20.000	0.000	3.000	0.000	0.000
80.000	7254.000	1568.440	20.000	0.000	3.000	0.000	0.000
64.000	7258.000	1568.570	20.000	0.000	3.000	0.000	0.000
64.000	7265.000	1568.440	20.000	0.000	3.000	0.000	0.000
64.000	7265.000	1568.440	20.000	0.000	3.000	0.000	0.000
64.000	7275.000	1568.570	20.000	0.000	3.000	0.000	0.000
64.000	7268.000	1568.440	20.000	0.000	3.000	0.000	0.000
64.000	7278.000	1568.570	20.000	0.000	3.000	0.000	0.000
64.000	7280.000	1568.440	20.000	0.000	3.000	0.000	0.000
64.000	7276.000	1568.440	20.000	0.000	3.000	0.000	0.000
64.000	7282.000	1568.570	20.000	0.000	3.000	0.000	0.000
64.000	7280.000	1568.570	20.000	0.000	3.000	0.000	0.000
64.000	7287.000	1568.440	20.000	0.000	3.000	0.000	0.000
80.000	7290.000	1568.570	20.000	0.000	3.000	0.000	0.000
64.000	7290.000	1568.570	20.000	0.000	3.000	0.000	0.000
63.000	7294.000	1568.440	20.000	0.000	3.000	0.000	0.000
64.000	7292.000	1568.440	20.000	0.000	3.000	0.000	0.000
64.000	7295.000	1568.700	20.000	0.000	3.000	0.000	0.000
64.000	7296.000	1568.570	20.000	0.000	3.000	0.000	0.000
64.000	7305.000	1568.570	20.000	0.000	3.000	0.000	0.000
65.000	7308.000	1568.570	20.000	0.000	3.000	0.000	0.000
63.000	7302.000	1568.700	20.000	0.000	3.000	0.000	0.000
64.000	7304.000	1568.700	20.000	0.000	3.000	0.000	0.000
64.000	7306.000	1568.570	20.000	0.000	3.000	0.000	0.000
80.000	7312.000	1568.570	20.000	0.000	3.000	0.000	0.000
64.000	7307.000	1568.440	20.000	0.000	3.000	0.000	0.000
63.000	7318.000	1568.570	20.000	0.000	3.000	0.000	0.000
65.000	7313.000	1568.570	20.000	0.000	3.000	0.000	0.000
64.000	7319.000	1568.440	20.000	0.000	3.000	0.000	0.000
64.000	7322.000	1568.570	20.000	0.000	3.000	0.000	0.000
64.000	7324.000	1568.570	20.000	0.000	3.000	0.000	0.000
64.000	7317.000	1568.570	20.000	0.000	3.000	0.000	0.000
64.000	7321.000	1568.570	20.000	0.000	3.000	0.000	0.000
63.000	7326.000	1568.440	20.000	0.000	3.000	0.000	0.000
65.000	7333.000	1568.570	20.000	0.000	3.000	0.000	0.000
63.000	7327.000	1568.440	20.000	0.000	3.000	0.000	0.000
80.000	7340.000	1568.570	20.000	0.000	3.000	0.000	0.000
63.000	7349.000	1568.570	20.000	0.000	3.000	0.000	0.000
65.000	7368.000	1568.700	20.000	0.000	3.000	0.000	0.000
64.000	7384.000	1568.440	20.000	0.000	3.000	0.000	0.000
63.000	7406.000	1568.570	20.000	0.000	3.000	0.000	0.000
65.000	7433.000	1568.570	20.000	0.000	3.000	0.000	0.000
63.000	7459.000	1568.570	20.000	0.000	3.000	0.000	0.000
64.000	7483.000	1568.700	20.000	0.000	3.000	0.000	0.000
65.000	7514.000	1568.570	20.000	0.000	3.000	0.000	0.000
63.000	7553.000	1568.570	20.000	0.000	3.000	0.000	0.000
64.000	7583.000	1568.700	20.000	0.000	3.000	0.000	0.000
64.000	7627.000	1568.700	20.000	0.000	3.000	0.000	0.000
80.000	7669.000	1568.570	20.000	0.000	3.000	0.000	0.000
64.000	7727.000	1568.570	20.000	0.000	3.000	0.000	0.000
64.000	7779.000	1568.700	20.000	0.000	3.000	0.000	0.000
64.000	7840.000	1568.570	20.000	0.000	3.000	0.000	0.000
64.000	7906.000	1568.570	20.000	0.000	3.000	0.000	0.000
63.000	7974.000	1568.570	20.000	0.000	3.000	0.000	0.000
64.000	8065.000	1568.570	20.000	0.000	3.000	0.000	0.000
64.000	8156.000	1568.570	20.000	0.000	3.000	0.000	0.000
65.000	8268.000	1568.570	20.000	0.000	3.000	0.000	0.000
64.000	8402.000	1568.570	20.000	0.000	3.000	0.000	0.000
63.000	8563.000	1568.700	20.000	0.000	3.000	0.000	0.000
80.000	8787.000	1568.570	20.000	0.000	3.000	0.000	0.000
64.000	9265.000	1568.700	20.000	0.000	3.000	0.000	0.000
64.000	9711.000	1568.830	20.000	0.000	3.000	0.000	0.000
64.000	9974.000	1569.080	20.000	0.000	3.000	0.000	0.000
64.000	10215.000	1569.590	20.000	0.000	3.000	0.000	0.000
63.000	10334.000	1569.970	20.000	0.000	3.000	0.000	0.000
64.000	10390.000	1570.480	20.000	0.000	3.000	0.000	0.000
65.000	10464.000	1570.990	20.000	0.000	3.000	0.000	0.000
63.000	10660.000	1571.750	20.000	0.000	3.000	0.000	0.000
64.000	11066.000	1572.390	20.000	0.000	3.000	0.000	0.000
64.000	11711.000	1573.030	20.000	0.000	3.000	0.000	0.000
64.000	12656.000	1573.920	20.000	0.000	3.000	0.000	0.000
80.000	13727.000	1574.680	20.000	0.000	3.000	0.000	0.000
64.000	14386.000	1575.070	20.000	0.000	3.000	0.000	0.000
64.000	14288.000	1574.810	20.000	0.000	3.000	0.000	0.000
64.000	13986.000	1573.920	20.000	0.000	3.000	0.000	0.000
63.000	13595.000	1572.900	20.000	0.000	3.000	0.000	0.000
64.000	13225.000	1572.140	20.000	0.000	3.000	0.000	0.000
65.000	12900.000	1571.370	20.000	0.000	3.000	0.000	0.000
64.000	12573.000	1570.740	20.000	0.000	3.000	0.000	0.000
63.000	12223.000	1570.230	20.000	0.000	3.000	0.000	0.000
65.000	11807.000	1569.970	20.000	0.000	3.000	0.000	0.000
63.000	11268.000	1569.460	20.000	0.000	3.000	0.000	0.000
64.000	10636.000	1569.210	20.000	0.000	3.000	0.000	0.000
80.000	10394.000	1569.080	20.000	0.000	3.000	0.000	0.000
64.000	10233.000	1568.700	20.000	0.000	3.000	0.000	0.000
64.000	10091.000	1568.570	20.000	0.000	3.000	0.000	0.000
64.000	9862.000	1568.440	20.000	0.000	3.000	0.000	0.000
64.000	9611.000	1568.440	20.000	0.000	3.000	0.000	0.000
64.000	9440.000	1568.440	20.000	0.000	3.000	0.000	0.000
64.000	9287.000	1568.440	20.000	0.000	3.000	0.000	0.000
64.000	8739.000	1568.320	20.000	0.000	3.000	0.000	0.000
63.000	8098.000	1568.440	20.000	0.000	3.000	0.000	0.000
65.000	7961.000	1568.440	20.000	0.000	3.000	0.000	0.000
64.000	7883.000	1568.320	20.000	0.000	3.000	0.000	0.000
64.000	7808.000	1568.320	20.000	0.000	3.000	0.000	0.000
79.000	7739.000	1568.440	20.000	0.000	3.000	0.000	0.000
64.000	7677.000	1568.320	20.000	0.000	3.000	0.000	0.000
64.000	7633.000	1568.440	20.000	0.000	3.000	0.000	0.000
64.000	7590.000	1568.320	20.000	0.000	3.000	0.000	0.000
64.000	7563.000	1568.320	20.000	0.000	3.000	0.000	0.000
64.000	7529.000	1568.440	20.000	0.000	3.000	0.000	0.000
64.000	7495.000	1568.440	20.000	0.000	3.000	0.000	0.000
64.000	7478.000	1568.320	20.000	0.000	3.000	0.000	0.000
64.000	7464.000	1568.440	20.000	0.000	3.000	0.000	0.000
63.000	7444.000	1568.440	20.000	0.000	3.000	0.000	0.000
65.000	7426.000	1568.440	20.000	0.000	3.000	0.000	0.000
79.000	7416.000	1568.320	20.000	0.000	3.000	0.000	0.000
64.000	7395.000	1568.440	20.000	0.000	3.000	0.000	0.000
65.000	7384.000	1568.440	20.000	0.000	3.000	0.000	0.000
63.000	7374.000	1568.320	20.000	0.000	3.000	0.000	0.000
64.000	7353.000	1568.320	20.000	0.000	3.000	0.000	0.000
64.000	7351.000	1568.440	20.000	0.000	3.000	0.000	0.000
64.000	7352.000	1568.320	20.000	0.000	3.000	0.000	0.000
64.000	7365.000	1568.440	20.000	0.000	3.000	0.000	0.000
64.000	7379.000	1568.320	20.000	0.000	3.000	0.000	0.000
63.000	7388.000	1568.440	20.000	0.000	3.000	0.000	0.000
65.000	7390.000	1568.320	20.000	0.000	3.000	0.000	0.000
64.000	7390.000	1568.440	20.000	0.000	3.000	0.000	0.000
79.000	7387.000	1568.440	20.000	0.000	3.000	0.000	0.000
65.000	7394.000	1568.440	20.000	0.000	3.000	0.000	0.000
63.000	7400.000	1568.440	20.000	0.000	3.000	0.000	0.000
64.000	7394.000	1568.440	20.000	0.000	3.000	0.000	0.000
64.000	7399.000	1568.440	20.000	0.000	3.000	0.000	0.000
64.000	7404.000	1568.440	20.000	0.000	3.000	0.000	0.000
64.000	7408.000	1568.320	20.000	0.000	3.000	0.000	0.000
64.000	7412.000	1568.320	20.000	0.000	3.000	0.000	0.000
63.000	7416.000	1568.440	20.000	0.000	3.000	0.000	0.000
65.000	7421.000	1568.320	20.000	0.000	3.000	0.000	0.000
64.000	7425.000	1568.440	20.000	0.000	3.000	0.000	0.000
64.000	7428.000	1568.320	20.000	0.000	3.000	0.000	0.000
80.000	7431.000	1568.320	20.000	0.000	3.000	0.000	0.000
63.000	7431.000	1568.320	20.000	0.000	3.000	0.000	0.000
64.000	7434.000	1568.320	20.000	0.000	3.000	0.000	0.000
65.000	7433.000	1568.320	20.000	0.000	3.000	0.000	0.000
64.000	7432.000	1568.320	20.000	0.000	3.000	0.000	0.000
63.000	7430.000	1568.440	20.000	0.000	3.000	0.000	0.000
64.000	7436.000	1568.440	20.000	0.000	3.000	0.000	0.000
64.000	7436.000	1568.440	20.000	0.000	3.000	0.000	0.000
64.000	7437.000	1568.440	20.000	0.000	3.000	0.000	0.000
64.000	7442.000	1568.440	20.000	0.000	3.000	0.000	0.000
64.000	7441.000	1568.570	20.000	0.000	3.000	0.000	0.000
80.000	7447.000	1568.440	20.000	0.000	3.000	0.000	0.000
64.000	7446.000	1568.440	20.000	0.000	3.000	0.000	0.000
63.000	7451.000	1568.320	20.000	0.000	3.000	0.000	0.000
64.000	7457.000	1568.440	20.000	0.000	3.000	0.000	0.000
64.000	7457.000	1568.440	20.000	0.000	3.000	0.000	0.000
64.000	7461.000	1568.440	20.000	0.000	3.000	0.000	0.000
64.000	7460.000	1568.440	20.000	0.000	3.000	0.000	0.000
64.000	7462.000	1568.320	20.000	0.000	3.000	0.000	0.000
64.000	7462.000	1568.440	20.000	0.000	3.000	0.000	0.000
64.000	7474.000	1568.320	20.000	0.000	3.000	0.000	0.000
64.000	7476.000	1568.440	20.000	0.000	3.000	0.000	0.000
63.000	7473.000	1568.440	20.000	0.000	3.000	0.000	0.000
81.000	7474.000	1568.440	20.000	0.000	3.000	0.000	0.000
63.000	7475.000	1568.440	20.000	0.000	3.000	0.000	0.000
65.000	7476.000	1568.320	20.000	0.000	3.000	0.000	0.000
64.000	7480.000	1568.440	20.000	0.000	3.000	0.000	0.000
64.000	7480.000	1568.570	20.000	0.000	3.000	0.000	0.000
63.000	7477.000	1568.440	20.000	0.000	3.000	0.000	0.000
64.000	7482.000	1568.440	20.000	0.000	3.000	0.000	0.000
64.000	7483.000	1568.440	20.000	0.000	3.000	0.000	0.000
64.000	7483.000	1568.440	20.000	0.000	3.000	0.000	0.000
64.000	7494.000	1568.440	20.000	0.000	3.000	0.000	0.000
64.000	7511.000	1568.440	20.000	0.000	3.000	0.000	0.000
63.000	7536.000	1568.320	20.000	0.000	3.000	0.000	0.000
81.000	7556.000	1568.440	20.000	0.000	3.000	0.000	0.000
63.000	7575.000	1568.440	20.000	0.000	3.000	0.000	0.000
64.000	7598.000	1568.440	20.000	0.000	3.000	0.000	0.000
65.000	7620.000	1568.440	20.000	0.000	3.000	0.000	0.000
64.000	7660.000	1568.440	20.000	0.000	3.000	0.000	0.000
64.000	7694.000	1568.440	20.000	0.000	3.000	0.000	0.000
63.000	7726.000	1568.320	20.000	0.000	3.000	0.000	0.000
65.000	7764.000	1568.320	20.000	0.000	3.000	0.000	0.000
64.000	7805.000	1568.440	20.000	0.000	3.000	0.000	0.000
63.000	7851.000	1568.440	20.000	0.000	3.000	0.000	0.000
64.000	7900.000	1568.440	20.000	0.000	3.000	0.000	0.000
80.000	7955.000	1568.320	20.000	0.000	3.000	0.000	0.000
64.000	8019.000	1568.320	20.000	0.000	3.000	0.000	0.000
64.000	8087.000	1568.440	20.000	0.000	3.000	0.000	0.000
64.000	8167.000	1568.440	20.000	0.000	3.000	0.000	0.000
64.000	8259.000	1568.320	20.000	0.000	3.000	0.000	0.000
63.000	8351.000	1568.440	20.000	0.000	3.000	0.000	0.000
65.000	8474.000	1568.570	20.000	0.000	3.000	0.000	0.000
63.000	8624.000	1568.440	20.000	0.000	3.000	0.000	0.000
65.000	8804.000	1568.440	20.000	0.000	3.000	0.000	0.000
63.000	9036.000	1568.440	20.000	0.000	3.000	0.000	0.000
64.000	9534.000	1568.440	20.000	0.000	3.000	0.000	0.000
64.000	9906.000	1568.700	20.000	0.000	3.000	0.000	0.000
80.000	10145.000	1568.830	20.000	0.000	3.000	0.000	0.000
64.000	10360.000	1569.210	20.000	0.000	3.000	0.000	0.000
64.000	10429.000	1569.720	20.000	0.000	3.000	0.000	0.000
64.000	10477.000	1570.100	20.000	0.000	3.000	0.000	0.000
63.000	10583.000	1570.740	20.000	0.000	3.000	0.000	0.000
65.000	10883.000	1571.500	20.000	0.000	3.000	0.000	0.000
64.000	11394.000	1572.140	20.000	0.000	3.000	0.000	0.000
63.000	12230.000	1573.030	20.000	0.000	3.000	0.000	0.000
64.000	13214.000	1573.790	20.000	0.000	3.000	0.000	0.000
64.000	14336.000	1574.430	20.000	0.000	3.000	0.000	0.000
64.000	14680.000	1574.810	20.000	0.000	3.000	0.000	0.000
64.000	14506.000	1574.300	20.000	0.000	3.000	0.000	0.000
80.000	14236.000	1573.410	20.000	0.000	3.000	0.000	0.000
64.000	13802.000	1572.390	20.000	0.000	3.000	0.000	0.000
63.000	13424.000	1571.500	20.000	0.000	3.000	0.000	0.000
65.000	13066.000	1570.860	20.000	0.000	3.000	0.000	0.000
63.000	12702.000	1570.350	20.000	0.000	3.000	0.000	0.000
65.000	12333.000	1569.970	20.000	0.000	3.000	0.000	0.000
64.000	11915.000	1569.590	20.000	0.000	3.000	0.000	0.000
64.000	11387.000	1569.340	20.000	0.000	3.000	0.000	0.000
64.000	10731.000	1569.080	20.000	0.000	3.000	0.000	0.000
63.000	10496.000	1569.080	20.000	0.000	3.000	0.000	0.000
64.000	10324.000	1568.830	20.000	0.000	3.000	0.000	0.000
80.000	10200.000	1568.830	20.000	0.000	3.000	0.000	0.000
64.000	9971.000	1568.700	20.000	0.000	3.000	0.000	0.000
64.000	9742.000	1568.830	20.000	0.000	3.000	0.000	0.000
64.000	9577.000	1568.830	20.000	0.000	3.000	0.000	0.000
64.000	9407.000	1568.700	20.000	0.000	3.000	0.000	0.000
63.000	8721.000	1568.950	20.000	0.000	3.000	0.000	0.000
65.000	8134.000	1568.950	20.000	0.000	3.000	0.000	0.000
64.000	8009.000	1568.950	20.000	0.000	3.000	0.000	0.000
64.000	7910.000	1568.830	20.000	0.000	3.000	0.000	0.000
63.000	7829.000	1568.950	20.000	0.000	3.000	0.000	0.000
64.000	7763.000	1568.950	20.000	0.000	3.000	0.000	0.000
64.000	7708.000	1568.830	20.000	0.000	3.000	0.000	0.000
80.000	7668.000	1568.950	20.000	0.000	3.000	0.000	0.000
64.000	7636.000	1568.950	20.000	0.000	3.000	0.000	0.000
64.000	7612.000	1568.830	20.000	0.000	3.000	0.000	0.000
64.000	7578.000	1568.950	20.000	0.000	3.000	0.000	0.000
64.000	7570.000	1568.950	20.000	0.000	3.000	0.000	0.000
64.000	7544.000	1568.950	20.000	0.000	3.000	0.000	0.000
64.000	7526.000	1568.830	20.000	0.000	3.000	0.000	0.000
64.000	7507.000	1568.830	20.000	0.000	3.000	0.000	0.000
64.000	7495.000	1568.950	20.000	0.000	3.000	0.000	0.000
64.000	7477.000	1568.950	20.000	0.000	3.000	0.000	0.000
63.000	7471.000	1568.830	20.000	0.000	3.000	0.000	0.000
64.000	7457.000	1568.830	20.000	0.000	3.000	0.000	0.000
80.000	7443.000	1568.830	20.000	0.000	3.000	0.000	0.000
64.000	7439.000	1568.830	20.000	0.000	3.000	0.000	0.000
64.000	7438.000	1568.830	20.000	0.000	3.000	0.000	0.000
64.000	7431.000	1568.830	20.000	0.000	3.000	0.000	0.000
64.000	7448.000	1568.830	20.000	0.000	3.000	0.000	0.000
64.000	7462.000	1568.830	20.000	0.000	3.000	0.000	0.000
64.000	7473.000	1568.830	20.000	0.000	3.000	0.000	0.000
64.000	7483.000	1568.950	20.000	0.000	3.000	0.000	0.000
63.000	7480.000	1568.830	20.000	0.000	3.000	0.000	0.000
64.000	7494.000	1568.950	20.000	0.000	3.000	0.000	0.000
65.000	7500.000	1568.830	20.000	0.000	3.000	0.000	0.000
79.000	7490.000	1568.830	20.000	0.000	3.000	0.000	0.000
65.000	7490.000	1568.830	20.000	0.000	3.000	0.000	0.000
63.000	7497.000	1568.950	20.000	0.000	3.000	0.000	0.000
65.000	7498.000	1568.950	20.000	0.000	3.000	0.000	0.000
63.000	7504.000	1568.830	20.000	0.000	3.000	0.000	0.000
64.000	7513.000	1568.830	20.000	0.000	3.000	0.000	0.000
64.000	7508.000	1568.830	20.000	0.000	3.000	0.000	0.000
64.000	7513.000	1568.830	20.000	0.000	3.000	0.000	0.000
64.000	7519.000	1568.830	20.000	0.000	3.000	0.000	0.000
64.000	7517.000	1569.080	20.000	0.000	3.000	0.000	0.000
64.000	7523.000	1568.950	20.000	0.000	3.000	0.000	0.000
63.000	7523.000	1568.830	20.000	0.000	3.000	0.000	0.000
80.000	7527.000	1568.830	20.000	0.000	3.000	0.000	0.000
65.000	7526.000	1568.950	20.000	0.000	3.000	0.000	0.000
64.000	7532.000	1568.830	20.000	0.000	3.000	0.000	0.000
64.000	7538.000	1568.950	20.000	0.000	3.000	0.000	0.000
63.000	7537.000	1568.830	20.000	0.000	3.000	0.000	0.000
64.000	7536.000	1568.950	20.000	0.000	3.000	0.000	0.000
64.000	7546.000	1568.950	20.000	0.000	3.000	0.000	0.000
64.000	7544.000	1568.950	20.000	0.000	3.000	0.000	0.000
64.000	7550.000	1568.950	20.000	0.000	3.000	0.000	0.000
64.000	7550.000	1568.830	20.000	0.000	3.000	0.000	0.000
64.000	7555.000	1568.830	20.000	0.000	3.000	0.000	0.000
63.000	7555.000	1568.830	20.000	0.000	3.000	0.000	0.000
80.000	7522.000	1568.830	20.000	0.000	3.000	0.000	0.000
64.000	7475.000	1568.830	20.000	0.000	3.000	0.000	0.000
65.000	7469.000	1568.950	20.000	0.000	3.000	0.000	0.000
64.000	7470.000	1568.950	20.000	0.000	3.000	0.000	0.000
63.000	7474.000	1568.950	20.000	0.000	3.000	0.000	0.000
64.000	7474.000	1568.830	20.000	0.000	3.000	0.000	0.000
64.000	7477.000	1568.830	20.000	0.000	3.000	0.000	0.000
64.000	7476.000	1568.830	20.000	0.000	3.000	0.000	0.000
64.000	7479.000	1568.950	20.000	0.000	3.000	0.000	0.000
64.000	7476.000	1568.950	20.000	0.000	3.000	0.000	0.000
64.000	7480.000	1568.830	20.000	0.000	3.000	0.000	0.000
80.000	7484.000	1568.830	20.000	0.000	3.000	0.000	0.000
64.000	7485.000	1568.830	20.000	0.000	3.000	0.000	0.000
64.000	7489.000	1568.830	20.000	0.000	3.000	0.000	0.000
64.000	7490.000	1568.950	20.000	0.000	3.000	0.000	0.000
64.000	7491.000	1568.950	20.000	0.000	3.000	0.000	0.000
63.000	7489.000	1568.950	20.000	0.000	3.000	0.000	0.000
64.000	7493.000	1568.830	20.000	0.000	3.000	0.000	0.000
64.000	7498.000	1568.950	20.000	0.000	3.000	0.000	0.000
64.000	7510.000	1568.830	20.000	0.000	3.000	0.000	0.000
64.000	7531.000	1568.950	20.000	0.000	3.000	0.000	0.000
64.000	7552.000	1568.830	20.000	0.000	3.000	0.000	0.000
64.000	7577.000	1568.830	20.000	0.000	3.000	0.000	0.000
80.000	7598.000	1568.700	20.000	0.000	3.000	0.000	0.000
63.000	7622.000	1568.950	20.000	0.000	3.000	0.000	0.000
65.000	7657.000	1568.950	20.000	0.000	3.000	0.000	0.000
64.000	7697.000	1568.830	20.000	0.000	3.000	0.000	0.000
63.000	7726.000	1568.830	20.000	0.000	3.000	0.000	0.000
64.000	7763.000	1568.950	20.000	0.000	3.000	0.000	0.000
65.000	7806.000	1568.830	20.000	0.000	3.000	0.000	0.000
64.000	7857.000	1568.950	20.000	0.000	3.000	0.000	0.000
63.000	7903.000	1568.950	20.000	0.000	3.000	0.000	0.000
65.000	7957.000	1568.950	20.000	0.000	3.000	0.000	0.000
63.000	8018.000	1568.830	20.000	0.000	3.000	0.000	0.000
64.000	8087.000	1568.830	20.000	0.000	3.000	0.000	0.000
80.000	8162.000	1568.950	20.000	0.000	3.000	0.000	0.000
64.000	8248.000	1568.830	20.000	0.000	3.000	0.000	0.000
64.000	8347.000	1568.830	20.000	0.000	3.000	0.000	0.000
64.000	8457.000	1568.830	20.000	0.000	3.000	0.000	0.000
64.000	8596.000	1568.950	20.000	0.000	3.000	0.000	0.000
64.000	8781.000	1568.830	20.000	0.000	3.000	0.000	0.000
64.000	8998.000	1568.830	20.000	0.000	3.000	0.000	0.000
63.000	9470.000	1568.830	20.000	0.000	3.000	0.000	0.000
64.000	9906.000	1568.950	20.000	0.000	3.000	0.000	0.000
64.000	10162.000	1569.210	20.000	0.000	3.000	0.000	0.000
65.000	10401.000	1569.590	20.000	0.000	3.000	0.000	0.000
79.000	10520.000	1569.970	20.000	0.000	3.000	0.000	0.000
64.000	10552.000	1570.350	20.000	0.000	3.000	0.000	0.000
64.000	10649.000	1570.860	20.000	0.000	3.000	0.000	0.000
64.000	10880.000	1571.750	20.000	0.000	3.000	0.000	0.000
64.000	11313.000	1572.520	20.000	0.000	3.000	0.000	0.000
64.000	12007.000	1573.280	20.000	0.000	3.000	0.000	0.000
64.000	13019.000	1574.050	20.000	0.000	3.000	0.000	0.000
64.000	14098.000	1574.940	20.000	0.000	3.000	0.000	0.000
63.000	14816.000	1575.320	20.000	0.000	3.000	0.000	0.000
64.000	14803.000	1575.070	20.000	0.000	3.000	0.000	0.000
64.000	14449.000	1574.300	20.000	0.000	3.000	0.000	0.000
64.000	14045.000	1573.280	20.000	0.000	3.000	0.000	0.000
81.000	13656.000	1572.260	20.000	0.000	3.000	0.000	0.000
63.000	13296.000	1571.630	20.000	0.000	3.000	0.000	0.000
64.000	12965.000	1570.990	20.000	0.000	3.000	0.000	0.000
64.000	12628.000	1570.480	20.000	0.000	3.000	0.000	0.000
64.000	12243.000	1570.100	20.000	0.000	3.000	0.000	0.000
64.000	11747.000	1569.840	20.000	0.000	3.000	0.000	0.000
63.000	11056.000	1569.720	20.000	0.000	3.000	0.000	0.000
65.000	10706.000	1569.460	20.000	0.000	3.000	0.000	0.000
63.000	10504.000	1569.340	20.000	0.000	3.000	0.000	0.000
64.000	10338.000	1569.340	20.000	0.000	3.000	0.000	0.000
65.000	10153.000	1569.340	20.000	0.000	3.000	0.000	0.000
64.000	9879.000	1569.210	20.000	0.000	3.000	0.000	0.000
79.000	9689.000	1569.340	20.000	0.000	3.000	0.000	0.000
64.000	9536.000	1569.340	20.000	0.000	3.000	0.000	0.000
64.000	9210.000	1569.340	20.000	0.000	3.000	0.000	0.000
64.000	8294.000	1569.460	20.000	0.000	3.000	0.000	0.000
64.000	8100.000	1569.340	20.000	0.000	3.000	0.000	0.000
64.000	8008.000	1569.460	20.000	0.000	3.000	0.000	0.000
63.000	7916.000	1569.340	20.000	0.000	3.000	0.000	0.000
64.000	7842.000	1569.340	20.000	0.000	3.000	0.000	0.000
65.000	7784.000	1569.210	20.000	0.000	3.000	0.000	0.000
64.000	7731.000	1569.210	20.000	0.000	3.000	0.000	0.000
63.000	7704.000	1569.340	20.000	0.000	3.000	0.000	0.000
64.000	7672.000	1569.340	20.000	0.000	3.000	0.000	0.000
80.000	7647.000	1569.460	20.000	0.000	3.000	0.000	0.000
65.000	7626.000	1569.340	20.000	0.000	3.000	0.000	0.000
63.000	7597.000	1569.340	20.000	0.000	3.000	0.000	0.000
64.000	7586.000	1569.340	20.000	0.000	3.000	0.000	0.000
64.000	7568.000	1569.340	20.000	0.000	3.000	0.000	0.000
64.000	7553.000	1569.340	20.000	0.000	3.000	0.000	0.000
64.000	7536.000	1569.340	20.000	0.000	3.000	0.000	0.000
64.000	7519.000	1569.460	20.000	0.000	3.000	0.000	0.000
64.000	7513.000	1569.460	20.000	0.000	3.000	0.000	0.000
63.000	7495.000	1569.340	20.000	0.000	3.000	0.000	0.000
65.000	7486.000	1569.340	20.000	0.000	3.000	0.000	0.000
80.000	7479.000	1569.340	20.000	0.000	3.000	0.000	0.000
64.000	7483.000	1569.340	20.000	0.000	3.000	0.000	0.000
63.000	7494.000	1569.210	20.000	0.000	3.000	0.000	0.000
65.000	7506.000	1569.340	20.000	0.000	3.000	0.000	0.000
64.000	7520.000	1569.340	20.000	0.000	3.000	0.000	0.000
63.000	7519.000	1569.340	20.000	0.000	3.000	0.000	0.000
64.000	7528.000	1569.340	20.000	0.000	3.000	0.000	0.000
64.000	7530.000	1569.460	20.000	0.000	3.000	0.000	0.000
64.000	7536.000	1569.210	20.000	0.000	3.000	0.000	0.000
64.000	7540.000	1569.460	20.000	0.000	3.000	0.000	0.000
64.000	7540.000	1569.340	20.000	0.000	3.000	0.000	0.000
63.000	7542.000	1569.340	20.000	0.000	3.000	0.000	0.000
81.000	7543.000	1569.340	20.000	0.000	3.000	0.000	0.000
64.000	7551.000	1569.340	20.000	0.000	3.000	0.000	0.000
64.000	7554.000	1569.340	20.000	0.000	3.000	0.000	0.000
64.000	7554.000	1569.340	20.000	0.000	3.000	0.000	0.000
63.000	7563.000	1569.340	20.000	0.000	3.000	0.000	0.000
64.000	7560.000	1569.340	20.000	0.000	3.000	0.000	0.000
64.000	7560.000	1569.340	20.000	0.000	3.000	0.000	0.000
64.000	7563.000	1569.460	20.000	0.000	3.000	0.000	0.000
64.000	7563.000	1569.340	20.000	0.000	3.000	0.000	0.000
64.000	7576.000	1569.340	20.000	0.000	3.000	0.000	0.000
64.000	7576.000	1569.340	20.000	0.000	3.000	0.000	0.000
64.000	7567.000	1569.340	20.000	0.000	3.000	0.000	0.000
79.000	7572.000	1569.340	20.000	0.000	3.000	0.000	0.000
64.000	7568.000	1569.460	20.000	0.000	3.000	0.000	0.000
64.000	7572.000	1569.340	20.000	0.000	3.000	0.000	0.000
65.000	7575.000	1569.340	20.000	0.000	3.000	0.000	0.000
63.000	7576.000	1569.340	20.000	0.000	3.000	0.000	0.000
64.000	7579.000	1569.340	20.000	0.000	3.000	0.000	0.000
64.000	7582.000	1569.460	20.000	0.000	3.000	0.000	0.000
64.000	7583.000	1569.340	20.000	0.000	3.000	0.000	0.000
64.000	7582.000	1569.210	20.000	0.000	3.000	0.000	0.000
64.000	7591.000	1569.340	20.000	0.000	3.000	0.000	0.000
64.000	7592.000	1569.460	20.000	0.000	3.000	0.000	0.000
80.000	7591.000	1569.340	20.000	0.000	3.000	0.000	0.000
64.000	7594.000	1569.460	20.000	0.000	3.000	0.000	0.000
64.000	7601.000	1569.340	20.000	0.000	3.000	0.000	0.000
64.000	7601.000	1569.210	20.000	0.000	3.000	0.000	0.000
64.000	7599.000	1569.460	20.000	0.000	3.000	0.000	0.000
63.000	7602.000	1569.340	20.000	0.000	3.000	0.000	0.000
65.000	7601.000	1569.340	20.000	0.000	3.000	0.000	0.000
64.000	7610.000	1569.460	20.000	0.000	3.000	0.000	0.000
63.000	7611.000	1569.340	20.000	0.000	3.000	0.000	0.000
65.000	7615.000	1569.340	20.000	0.000	3.000	0.000	0.000
64.000	7615.000	1569.340	20.000	0.000	3.000	0.000	0.000
63.000	7619.000	1569.340	20.000	0.000	3.000	0.000	0.000
80.000	7621.000	1569.460	20.000	0.000	3.000	0.000	0.000
64.000	7621.000	1569.340	20.000	0.000	3.000	0.000	0.000
64.000	7619.000	1569.340	20.000	0.000	3.000	0.000	0.000
64.000	7622.000	1569.340	20.000	0.000	3.000	0.000	0.000
64.000	7624.000	1569.460	20.000	0.000	3.000	0.000	0.000
63.000	7627.000	1569.340	20.000	0.000	3.000	0.000	0.000
64.000	7631.000	1569.340	20.000	0.000	3.000	0.000	0.000
64.000	7635.000	1569.340	20.000	0.000	3.000	0.000	0.000
65.000	7631.000	1569.460	20.000	0.000	3.000	0.000	0.000
64.000	7634.000	1569.340	20.000	0.000	3.000	0.000	0.000
63.000	7632.000	1569.340	20.000	0.000	3.000	0.000	0.000
64.000	7632.000	1569.460	20.000	0.000	3.000	0.000	0.000
80.000	7646.000	1569.340	20.000	0.000	3.000	0.000	0.000
64.000	7639.000	1569.340	20.000	0.000	3.000	0.000	0.000
64.000	7647.000	1569.340	20.000	0.000	3.000	0.000	0.000
64.000	7644.000	1569.340	20.000	0.000	3.000	0.000	0.000
64.000	7649.000	1569.340	20.000	0.000	3.000	0.000	0.000
64.000	7651.000	1569.340	20.000	0.000	3.000	0.000	0.000
64.000	7641.000	1569.460	20.000	0.000	3.000	0.000	0.000
64.000	7652.000	1569.340	20.000	0.000	3.000	0.000	0.000
64.000	7650.000	1569.340	20.000	0.000	3.000	0.000	0.000
64.000	7646.000	1569.460	20.000	0.000	3.000	0.000	0.000
64.000	7648.000	1569.210	20.000	0.000	3.000	0.000	0.000
80.000	7650.000	1569.340	20.000	0.000	3.000	0.000	0.000
63.000	7656.000	1569.340	20.000	0.000	3.000	0.000	0.000
65.000	7658.000	1569.460	20.000	0.000	3.000	0.000	0.000
63.000	7656.000	1569.340	20.000	0.000	3.000	0.000	0.000
64.000	7655.000	1569.340	20.000	0.000	3.000	0.000	0.000
64.000	7655.000	1569.340	20.000	0.000	3.000	0.000	0.000
64.000	7660.000	1569.340	20.000	0.000	3.000	0.000	0.000
64.000	7660.000	1569.340	20.000	0.000	3.000	0.000	0.000
64.000	7661.000	1569.460	20.000	0.000	3.000	0.000	0.000
64.000	7661.000	1569.340	20.000	0.000	3.000	0.000	0.000
64.000	7664.000	1569.460	20.000	0.000	3.000	0.000	0.000
64.000	7662.000	1569.460	20.000	0.000	3.000	0.000	0.000
79.000	7666.000	1569.340	20.000	0.000	3.000	0.000	0.000
67.000	7659.000	1569.460	20.000	0.000	3.000	0.000	0.000
61.000	7663.000	1569.340	20.000	0.000	3.000	0.000	0.000
72.000	7665.000	1569.340	20.000	0.000	3.000	0.000	0.000
57.000	7670.000	1569.340	20.000	0.000	3.000	0.000	0.000
63.000	7667.000	1569.340	20.000	0.000	3.000	0.000	0.000
64.000	7668.000	1569.340	20.000	0.000	3.000	0.000	0.000
64.000	7626.000	1569.340	20.000	0.000	3.000	0.000	0.000
65.000	7613.000	1569.340	20.000	0.000	3.000	0.000	0.000
63.000	7608.000	1569.340	20.000	0.000	3.000	0.000	0.000
64.000	7607.000	1569.340	20.000	0.000	3.000	0.000	0.000
64.000	7612.000	1569.340	20.000	0.000	3.000	0.000	0.000
