Loop Time (ms)	IR (16 bit)	Force (N)	Force (N)	Color	Speed (mm/s)	Spatial (mm)	Angle (deg)
255.000	7659.000	1569.210	20.000	0.000	4.000	0.000	0.000
3282.000	7655.000	1569.340	20.000	0.000	4.000	0.000	0.000
64.000	7659.000	1569.340	20.000	0.000	4.000	0.000	0.000
79.000	7653.000	1569.340	20.000	0.000	4.000	0.000	0.000
64.000	7660.000	1569.210	20.000	0.000	4.000	0.000	0.000
64.000	7662.000	1569.210	20.000	0.000	4.000	0.000	0.000
64.000	7652.000	1569.340	20.000	0.000	4.000	0.000	0.000
63.000	7659.000	1569.340	20.000	0.000	4.000	0.000	0.000
65.000	7651.000	1569.460	20.000	0.000	4.000	0.000	0.000
63.000	7655.000	1569.340	20.000	0.000	4.000	0.000	0.000
65.000	7653.000	1569.340	20.000	0.000	4.000	0.000	0.000
64.000	7658.000	1569.340	20.000	0.000	4.000	0.000	0.000
64.000	7653.000	1569.340	20.000	0.000	4.000	0.000	0.000
64.000	7656.000	1569.340	20.000	0.000	4.000	0.000	0.000
63.000	7658.000	1569.210	20.000	0.000	4.000	0.000	0.000
80.000	7655.000	1569.210	20.000	0.000	4.000	0.000	0.000
64.000	7654.000	1569.340	20.000	0.000	4.000	0.000	0.000
64.000	7654.000	1569.340	20.000	0.000	4.000	0.000	0.000
64.000	7651.000	1569.210	20.000	0.000	4.000	0.000	0.000
63.000	7657.000	1569.210	20.000	0.000	4.000	0.000	0.000
65.000	7657.000	1569.340	20.000	0.000	4.000	0.000	0.000
64.000	7649.000	1569.340	20.000	0.000	4.000	0.000	0.000
64.000	7652.000	1569.210	20.000	0.000	4.000	0.000	0.000
64.000	7650.000	1569.340	20.000	0.000	4.000	0.000	0.000
64.000	7656.000	1569.210	20.000	0.000	4.000	0.000	0.000
64.000	7651.000	1569.340	20.000	0.000	4.000	0.000	0.000
64.000	7654.000	1569.210	20.000	0.000	4.000	0.000	0.000
80.000	7658.000	1569.340	20.000	0.000	4.000	0.000	0.000
63.000	7656.000	1569.210	20.000	0.000	4.000	0.000	0.000
65.000	7649.000	1569.340	20.000	0.000	4.000	0.000	0.000
63.000	7653.000	1569.340	20.000	0.000	4.000	0.000	0.000
64.000	7653.000	1569.340	20.000	0.000	4.000	0.000	0.000
64.000	7650.000	1569.340	20.000	0.000	4.000	0.000	0.000
64.000	7653.000	1569.210	20.000	0.000	4.000	0.000	0.000
63.000	7657.000	1569.340	20.000	0.000	4.000	0.000	0.000
65.000	7656.000	1569.340	20.000	0.000	4.000	0.000	0.000
64.000	7651.000	1569.210	20.000	0.000	4.000	0.000	0.000
64.000	7656.000	1569.210	20.000	0.000	4.000	0.000	0.000
79.000	7656.000	1569.210	20.000	0.000	4.000	0.000	0.000
64.000	7653.000	1569.210	20.000	0.000	4.000	0.000	0.000
64.000	7648.000	1569.340	20.000	0.000	4.000	0.000	0.000
64.000	7655.000	1569.340	20.000	0.000	4.000	0.000	0.000
64.000	7653.000	1569.210	20.000	0.000	4.000	0.000	0.000
64.000	7657.000	1569.210	20.000	0.000	4.000	0.000	0.000
64.000	7655.000	1569.340	20.000	0.000	4.000	0.000	0.000
65.000	7659.000	1569.340	20.000	0.000	4.000	0.000	0.000
63.000	7653.000	1569.340	20.000	0.000	4.000	0.000	0.000
64.000	7652.000	1569.210	20.000	0.000	4.000	0.000	0.000
63.000	7658.000	1569.340	20.000	0.000	4.000	0.000	0.000
64.000	7656.000	1569.340	20.000	0.000	4.000	0.000	0.000
81.000	7655.000	1569.210	20.000	0.000	4.000	0.000	0.000
64.000	7657.000	1569.340	20.000	0.000	4.000	0.000	0.000
63.000	7656.000	1569.340	20.000	0.000	4.000	0.000	0.000
64.000	7654.000	1569.210	20.000	0.000	4.000	0.000	0.000
64.000	7652.000	1569.340	20.000	0.000	4.000	0.000	0.000
64.000	7656.000	1569.340	20.000	0.000	4.000	0.000	0.000
64.000	7657.000	1569.210	20.000	0.000	4.000	0.000	0.000
64.000	7652.000	1569.340	20.000	0.000	4.000	0.000	0.000
64.000	7656.000	1569.210	20.000	0.000	4.000	0.000	0.000
64.000	7656.000	1569.210	20.000	0.000	4.000	0.000	0.000
64.000	7658.000	1569.340	20.000	0.000	4.000	0.000	0.000
64.000	7657.000	1569.340	20.000	0.000	4.000	0.000	0.000
80.000	7653.000	1569.340	20.000	0.000	4.000	0.000	0.000
63.000	7654.000	1569.340	20.000	0.000	4.000	0.000	0.000
65.000	7653.000	1569.340	20.000	0.000	4.000	0.000	0.000
63.000	7656.000	1569.210	20.000	0.000	4.000	0.000	0.000
64.000	7658.000	1569.340	20.000	0.000	4.000	0.000	0.000
64.000	7649.000	1569.340	20.000	0.000	4.000	0.000	0.000
65.000	7653.000	1569.340	20.000	0.000	4.000	0.000	0.000
63.000	7656.000	1569.210	20.000	0.000	4.000	0.000	0.000
65.000	7668.000	1569.460	20.000	0.000	4.000	0.000	0.000
62.000	7677.000	1569.210	20.000	0.000	4.000	0.000	0.000
65.000	7707.000	1569.210	20.000	0.000	4.000	0.000	0.000
80.000	7735.000	1569.210	20.000	0.000	4.000	0.000	0.000
63.000	7771.000	1569.340	20.000	0.000	4.000	0.000	0.000
65.000	7812.000	1569.340	20.000	0.000	4.000	0.000	0.000
63.000	7851.000	1569.210	20.000	0.000	4.000	0.000	0.000
64.000	7902.000	1569.340	20.000	0.000	4.000	0.000	0.000
64.000	7953.000	1569.340	20.000	0.000	4.000	0.000	0.000
64.000	8015.000	1569.340	20.000	0.000	4.000	0.000	0.000
64.000	8086.000	1569.210	20.000	0.000	4.000	0.000	0.000
63.000	8165.000	1569.340	20.000	0.000	4.000	0.000	0.000
65.000	8254.000	1569.340	20.000	0.000	4.000	0.000	0.000
64.000	8366.000	1569.340	20.000	0.000	4.000	0.000	0.000
63.000	8492.000	1569.340	20.000	0.000	4.000	0.000	0.000
81.000	8651.000	1569.210	20.000	0.000	4.000	0.000	0.000
63.000	8867.000	1569.210	20.000	0.000	4.000	0.000	0.000
65.000	9139.000	1569.340	20.000	0.000	4.000	0.000	0.000
64.000	9685.000	1569.210	20.000	0.000	4.000	0.000	0.000
64.000	10197.000	1569.590	20.000	0.000	4.000	0.000	0.000
63.000	10444.000	1569.970	20.000	0.000	4.000	0.000	0.000
65.000	10505.000	1570.350	20.000	0.000	4.000	0.000	0.000
64.000	10501.000	1571.120	20.000	0.000	4.000	0.000	0.000
64.000	10738.000	1572.260	20.000	0.000	4.000	0.000	0.000
63.000	11233.000	1573.030	20.000	0.000	4.000	0.000	0.000
64.000	12222.000	1574.050	20.000	0.000	4.000	0.000	0.000
64.000	13683.000	1575.190	20.000	0.000	4.000	0.000	0.000
80.000	14892.000	1576.080	20.000	0.000	4.000	0.000	0.000
64.000	15088.000	1576.210	20.000	0.000	4.000	0.000	0.000
63.000	15060.000	1575.700	20.000	0.000	4.000	0.000	0.000
65.000	14811.000	1574.810	20.000	0.000	4.000	0.000	0.000
63.000	14376.000	1573.540	20.000	0.000	4.000	0.000	0.000
65.000	13861.000	1572.390	20.000	0.000	4.000	0.000	0.000
63.000	13353.000	1571.370	20.000	0.000	4.000	0.000	0.000
64.000	12826.000	1570.860	20.000	0.000	4.000	0.000	0.000
65.000	12277.000	1570.350	20.000	0.000	4.000	0.000	0.000
63.000	11559.000	1570.100	20.000	0.000	4.000	0.000	0.000
64.000	10777.000	1569.840	20.000	0.000	4.000	0.000	0.000
80.000	10477.000	1569.720	20.000	0.000	4.000	0.000	0.000
64.000	10251.000	1569.720	20.000	0.000	4.000	0.000	0.000
63.000	9959.000	1569.460	20.000	0.000	4.000	0.000	0.000
65.000	9699.000	1569.720	20.000	0.000	4.000	0.000	0.000
64.000	9504.000	1569.590	20.000	0.000	4.000	0.000	0.000
64.000	9240.000	1569.720	20.000	0.000	4.000	0.000	0.000
63.000	8052.000	1569.840	20.000	0.000	4.000	0.000	0.000
65.000	7663.000	1569.720	20.000	0.000	4.000	0.000	0.000
63.000	7488.000	1569.840	20.000	0.000	4.000	0.000	0.000
65.000	7092.000	1569.840	20.000	0.000	4.000	0.000	0.000
63.000	6977.000	1569.970	20.000	0.000	4.000	0.000	0.000
64.000	6928.000	1569.720	20.000	0.000	4.000	0.000	0.000
80.000	6898.000	1569.720	20.000	0.000	4.000	0.000	0.000
64.000	6875.000	1569.840	20.000	0.000	4.000	0.000	0.000
64.000	6852.000	1569.590	20.000	0.000	4.000	0.000	0.000
64.000	6838.000	1569.720	20.000	0.000	4.000	0.000	0.000
64.000	6821.000	1569.840	20.000	0.000	4.000	0.000	0.000
64.000	6814.000	1569.590	20.000	0.000	4.000	0.000	0.000
64.000	6809.000	1569.720	20.000	0.000	4.000	0.000	0.000
64.000	6797.000	1569.720	20.000	0.000	4.000	0.000	0.000
64.000	6788.000	1569.840	20.000	0.000	4.000	0.000	0.000
64.000	6777.000	1569.720	20.000	0.000	4.000	0.000	0.000
63.000	6772.000	1569.840	20.000	0.000	4.000	0.000	0.000
64.000	6789.000	1569.840	20.000	0.000	4.000	0.000	0.000
80.000	6808.000	1569.720	20.000	0.000	4.000	0.000	0.000
64.000	6837.000	1569.720	20.000	0.000	4.000	0.000	0.000
64.000	6846.000	1569.720	20.000	0.000	4.000	0.000	0.000
64.000	6855.000	1569.590	20.000	0.000	4.000	0.000	0.000
63.000	6864.000	1569.720	20.000	0.000	4.000	0.000	0.000
66.000	6875.000	1569.720	20.000	0.000	4.000	0.000	0.000
63.000	6882.000	1569.840	20.000	0.000	4.000	0.000	0.000
64.000	6905.000	1569.720	20.000	0.000	4.000	0.000	0.000
63.000	6914.000	1569.720	20.000	0.000	4.000	0.000	0.000
64.000	6916.000	1569.720	20.000	0.000	4.000	0.000	0.000
64.000	6924.000	1569.720	20.000	0.000	4.000	0.000	0.000
80.000	6936.000	1569.840	20.000	0.000	4.000	0.000	0.000
64.000	6941.000	1569.720	20.000	0.000	4.000	0.000	0.000
64.000	6948.000	1569.720	20.000	0.000	4.000	0.000	0.000
64.000	6948.000	1569.720	20.000	0.000	4.000	0.000	0.000
64.000	6962.000	1569.840	20.000	0.000	4.000	0.000	0.000
64.000	6959.000	1569.720	20.000	0.000	4.000	0.000	0.000
63.000	6972.000	1569.720	20.000	0.000	4.000	0.000	0.000
65.000	6977.000	1569.840	20.000	0.000	4.000	0.000	0.000
64.000	6980.000	1569.840	20.000	0.000	4.000	0.000	0.000
63.000	6982.000	1569.840	20.000	0.000	4.000	0.000	0.000
64.000	6991.000	1569.840	20.000	0.000	4.000	0.000	0.000
64.000	6992.000	1569.840	20.000	0.000	4.000	0.000	0.000
80.000	6997.000	1569.720	20.000	0.000	4.000	0.000	0.000
65.000	7005.000	1569.720	20.000	0.000	4.000	0.000	0.000
63.000	6997.000	1569.720	20.000	0.000	4.000	0.000	0.000
64.000	7003.000	1569.840	20.000	0.000	4.000	0.000	0.000
64.000	7012.000	1569.840	20.000	0.000	4.000	0.000	0.000
64.000	7004.000	1569.720	20.000	0.000	4.000	0.000	0.000
64.000	7015.000	1569.840	20.000	0.000	4.000	0.000	0.000
64.000	7016.000	1569.840	20.000	0.000	4.000	0.000	0.000
64.000	7021.000	1569.720	20.000	0.000	4.000	0.000	0.000
64.000	7021.000	1569.720	20.000	0.000	4.000	0.000	0.000
63.000	7031.000	1569.720	20.000	0.000	4.000	0.000	0.000
64.000	7029.000	1569.720	20.000	0.000	4.000	0.000	0.000
80.000	7032.000	1569.720	20.000	0.000	4.000	0.000	0.000
64.000	7032.000	1569.720	20.000	0.000	4.000	0.000	0.000
64.000	7043.000	1569.840	20.000	0.000	4.000	0.000	0.000
63.000	7040.000	1569.720	20.000	0.000	4.000	0.000	0.000
65.000	7043.000	1569.840	20.000	0.000	4.000	0.000	0.000
64.000	7051.000	1569.720	20.000	0.000	4.000	0.000	0.000
63.000	7054.000	1569.840	20.000	0.000	4.000	0.000	0.000
65.000	7056.000	1569.720	20.000	0.000	4.000	0.000	0.000
63.000	7057.000	1569.840	20.000	0.000	4.000	0.000	0.000
65.000	7058.000	1569.720	20.000	0.000	4.000	0.000	0.000
63.000	7063.000	1569.720	20.000	0.000	4.000	0.000	0.000
81.000	7064.000	1569.590	20.000	0.000	4.000	0.000	0.000
64.000	7063.000	1569.720	20.000	0.000	4.000	0.000	0.000
63.000	7072.000	1569.720	20.000	0.000	4.000	0.000	0.000
64.000	7048.000	1569.720	20.000	0.000	4.000	0.000	0.000
65.000	7071.000	1569.720	20.000	0.000	4.000	0.000	0.000
63.000	7097.000	1569.720	20.000	0.000	4.000	0.000	0.000
64.000	7130.000	1569.720	20.000	0.000	4.000	0.000	0.000
64.000	7170.000	1569.720	20.000	0.000	4.000	0.000	0.000
63.000	7209.000	1569.840	20.000	0.000	4.000	0.000	0.000
64.000	7252.000	1569.840	20.000	0.000	4.000	0.000	0.000
65.000	7308.000	1569.840	20.000	0.000	4.000	0.000	0.000
63.000	7364.000	1569.720	20.000	0.000	4.000	0.000	0.000
81.000	7432.000	1569.840	20.000	0.000	4.000	0.000	0.000
64.000	7506.000	1569.720	20.000	0.000	4.000	0.000	0.000
64.000	7601.000	1569.840	20.000	0.000	4.000	0.000	0.000
63.000	7697.000	1569.840	20.000	0.000	4.000	0.000	0.000
64.000	7826.000	1569.840	20.000	0.000	4.000	0.000	0.000
64.000	7972.000	1569.840	20.000	0.000	4.000	0.000	0.000
64.000	8167.000	1569.840	20.000	0.000	4.000	0.000	0.000
64.000	8457.000	1569.720	20.000	0.000	4.000	0.000	0.000
64.000	9157.000	1569.720	20.000	0.000	4.000	0.000	0.000
64.000	9805.000	1570.100	20.000	0.000	4.000	0.000	0.000
64.000	10176.000	1570.480	20.000	0.000	4.000	0.000	0.000
64.000	10353.000	1570.860	20.000	0.000	4.000	0.000	0.000
79.000	10458.000	1571.750	20.000	0.000	4.000	0.000	0.000
64.000	10729.000	1572.650	20.000	0.000	4.000	0.000	0.000
64.000	11255.000	1573.670	20.000	0.000	4.000	0.000	0.000
65.000	12301.000	1574.680	20.000	0.000	4.000	0.000	0.000
63.000	13773.000	1575.830	20.000	0.000	4.000	0.000	0.000
64.000	14807.000	1576.590	20.000	0.000	4.000	0.000	0.000
64.000	14904.000	1576.590	20.000	0.000	4.000	0.000	0.000
64.000	14898.000	1576.080	20.000	0.000	4.000	0.000	0.000
64.000	14570.000	1575.070	20.000	0.000	4.000	0.000	0.000
64.000	14079.000	1573.790	20.000	0.000	4.000	0.000	0.000
64.000	13586.000	1572.650	20.000	0.000	4.000	0.000	0.000
80.000	13105.000	1571.880	20.000	0.000	4.000	0.000	0.000
64.000	12652.000	1571.250	20.000	0.000	4.000	0.000	0.000
64.000	12078.000	1570.740	20.000	0.000	4.000	0.000	0.000
63.000	11186.000	1570.480	20.000	0.000	4.000	0.000	0.000
64.000	10609.000	1570.350	20.000	0.000	4.000	0.000	0.000
65.000	10338.000	1570.350	20.000	0.000	4.000	0.000	0.000
63.000	10152.000	1570.230	20.000	0.000	4.000	0.000	0.000
64.000	9845.000	1570.230	20.000	0.000	4.000	0.000	0.000
64.000	9599.000	1570.230	20.000	0.000	4.000	0.000	0.000
64.000	9403.000	1570.100	20.000	0.000	4.000	0.000	0.000
64.000	9238.000	1570.230	20.000	0.000	4.000	0.000	0.000
64.000	8343.000	1570.350	20.000	0.000	4.000	0.000	0.000
80.000	7856.000	1570.230	20.000	0.000	4.000	0.000	0.000
64.000	7652.000	1570.230	20.000	0.000	4.000	0.000	0.000
64.000	7272.000	1570.350	20.000	0.000	4.000	0.000	0.000
64.000	7085.000	1570.230	20.000	0.000	4.000	0.000	0.000
64.000	7019.000	1570.350	20.000	0.000	4.000	0.000	0.000
63.000	6975.000	1570.350	20.000	0.000	4.000	0.000	0.000
64.000	6948.000	1570.350	20.000	0.000	4.000	0.000	0.000
65.000	6923.000	1570.230	20.000	0.000	4.000	0.000	0.000
63.000	6904.000	1570.350	20.000	0.000	4.000	0.000	0.000
64.000	6889.000	1570.350	20.000	0.000	4.000	0.000	0.000
64.000	6883.000	1570.230	20.000	0.000	4.000	0.000	0.000
64.000	6869.000	1570.230	20.000	0.000	4.000	0.000	0.000
80.000	6859.000	1570.230	20.000	0.000	4.000	0.000	0.000
63.000	6853.000	1570.350	20.000	0.000	4.000	0.000	0.000
65.000	6858.000	1570.230	20.000	0.000	4.000	0.000	0.000
64.000	6869.000	1570.230	20.000	0.000	4.000	0.000	0.000
64.000	6882.000	1570.350	20.000	0.000	4.000	0.000	0.000
63.000	6910.000	1570.350	20.000	0.000	4.000	0.000	0.000
64.000	6935.000	1570.230	20.000	0.000	4.000	0.000	0.000
65.000	6943.000	1570.350	20.000	0.000	4.000	0.000	0.000
64.000	6962.000	1570.350	20.000	0.000	4.000	0.000	0.000
64.000	6968.000	1570.350	20.000	0.000	4.000	0.000	0.000
64.000	6978.000	1570.350	20.000	0.000	4.000	0.000	0.000
79.000	6991.000	1570.100	20.000	0.000	4.000	0.000	0.000
64.000	6989.000	1570.350	20.000	0.000	4.000	0.000	0.000
64.000	6997.000	1570.230	20.000	0.000	4.000	0.000	0.000
64.000	6999.000	1570.230	20.000	0.000	4.000	0.000	0.000
64.000	7003.000	1570.230	20.000	0.000	4.000	0.000	0.000
64.000	7012.000	1570.350	20.000	0.000	4.000	0.000	0.000
64.000	7021.000	1570.230	20.000	0.000	4.000	0.000	0.000
63.000	7019.000	1570.230	20.000	0.000	4.000	0.000	0.000
65.000	7035.000	1570.230	20.000	0.000	4.000	0.000	0.000
64.000	7034.000	1570.350	20.000	0.000	4.000	0.000	0.000
63.000	7041.000	1570.230	20.000	0.000	4.000	0.000	0.000
64.000	7041.000	1570.230	20.000	0.000	4.000	0.000	0.000
80.000	7048.000	1570.350	20.000	0.000	4.000	0.000	0.000
64.000	7047.000	1570.230	20.000	0.000	4.000	0.000	0.000
64.000	7052.000	1570.230	20.000	0.000	4.000	0.000	0.000
63.000	7051.000	1570.350	20.000	0.000	4.000	0.000	0.000
64.000	7052.000	1570.230	20.000	0.000	4.000	0.000	0.000
65.000	7058.000	1570.350	20.000	0.000	4.000	0.000	0.000
63.000	7057.000	1570.350	20.000	0.000	4.000	0.000	0.000
65.000	7062.000	1570.230	20.000	0.000	4.000	0.000	0.000
63.000	7064.000	1570.350	20.000	0.000	4.000	0.000	0.000
64.000	7065.000	1570.350	20.000	0.000	4.000	0.000	0.000
64.000	7079.000	1570.350	20.000	0.000	4.000	0.000	0.000
64.000	7083.000	1570.230	20.000	0.000	4.000	0.000	0.000
80.000	7082.000	1570.230	20.000	0.000	4.000	0.000	0.000
64.000	7084.000	1570.230	20.000	0.000	4.000	0.000	0.000
64.000	7086.000	1570.230	20.000	0.000	4.000	0.000	0.000
64.000	7096.000	1570.230	20.000	0.000	4.000	0.000	0.000
64.000	7097.000	1570.230	20.000	0.000	4.000	0.000	0.000
64.000	7103.000	1570.230	20.000	0.000	4.000	0.000	0.000
63.000	7099.000	1570.230	20.000	0.000	4.000	0.000	0.000
65.000	7102.000	1570.230	20.000	0.000	4.000	0.000	0.000
63.000	7108.000	1570.350	20.000	0.000	4.000	0.000	0.000
65.000	7118.000	1570.230	20.000	0.000	4.000	0.000	0.000
64.000	7112.000	1570.350	20.000	0.000	4.000	0.000	0.000
79.000	7118.000	1570.350	20.000	0.000	4.000	0.000	0.000
64.000	7124.000	1570.230	20.000	0.000	4.000	0.000	0.000
64.000	7126.000	1570.350	20.000	0.000	4.000	0.000	0.000
64.000	7125.000	1570.230	20.000	0.000	4.000	0.000	0.000
64.000	7133.000	1570.230	20.000	0.000	4.000	0.000	0.000
63.000	7128.000	1570.230	20.000	0.000	4.000	0.000	0.000
65.000	7140.000	1570.350	20.000	0.000	4.000	0.000	0.000
63.000	7157.000	1570.230	20.000	0.000	4.000	0.000	0.000
64.000	7192.000	1570.350	20.000	0.000	4.000	0.000	0.000
65.000	7217.000	1570.350	20.000	0.000	4.000	0.000	0.000
64.000	7246.000	1570.350	20.000	0.000	4.000	0.000	0.000
63.000	7285.000	1570.230	20.000	0.000	4.000	0.000	0.000
80.000	7326.000	1570.230	20.000	0.000	4.000	0.000	0.000
64.000	7366.000	1570.350	20.000	0.000	4.000	0.000	0.000
64.000	7418.000	1570.230	20.000	0.000	4.000	0.000	0.000
64.000	7471.000	1570.350	20.000	0.000	4.000	0.000	0.000
64.000	7536.000	1570.230	20.000	0.000	4.000	0.000	0.000
64.000	7603.000	1570.350	20.000	0.000	4.000	0.000	0.000
64.000	7689.000	1570.230	20.000	0.000	4.000	0.000	0.000
64.000	7788.000	1570.230	20.000	0.000	4.000	0.000	0.000
63.000	7902.000	1570.350	20.000	0.000	4.000	0.000	0.000
64.000	8035.000	1570.230	20.000	0.000	4.000	0.000	0.000
65.000	8213.000	1570.230	20.000	0.000	4.000	0.000	0.000
64.000	8440.000	1570.480	20.000	0.000	4.000	0.000	0.000
79.000	8963.000	1570.350	20.000	0.000	4.000	0.000	0.000
65.000	9617.000	1570.350	20.000	0.000	4.000	0.000	0.000
63.000	9991.000	1570.860	20.000	0.000	4.000	0.000	0.000
64.000	10265.000	1571.250	20.000	0.000	4.000	0.000	0.000
64.000	10389.000	1571.880	20.000	0.000	4.000	0.000	0.000
64.000	10588.000	1572.900	20.000	0.000	4.000	0.000	0.000
64.000	10975.000	1573.790	20.000	0.000	4.000	0.000	0.000
64.000	11766.000	1574.810	20.000	0.000	4.000	0.000	0.000
64.000	13111.000	1575.830	20.000	0.000	4.000	0.000	0.000
63.000	14587.000	1576.980	20.000	0.000	4.000	0.000	0.000
65.000	15014.000	1577.360	20.000	0.000	4.000	0.000	0.000
79.000	15131.000	1577.230	20.000	0.000	4.000	0.000	0.000
64.000	14999.000	1576.470	20.000	0.000	4.000	0.000	0.000
64.000	14583.000	1575.320	20.000	0.000	4.000	0.000	0.000
64.000	14084.000	1573.920	20.000	0.000	4.000	0.000	0.000
65.000	13606.000	1572.900	20.000	0.000	4.000	0.000	0.000
63.000	13095.000	1572.260	20.000	0.000	4.000	0.000	0.000
64.000	12576.000	1571.500	20.000	0.000	4.000	0.000	0.000
64.000	11941.000	1571.250	20.000	0.000	4.000	0.000	0.000
64.000	11087.000	1570.860	20.000	0.000	4.000	0.000	0.000
64.000	10530.000	1570.740	20.000	0.000	4.000	0.000	0.000
64.000	10253.000	1570.740	20.000	0.000	4.000	0.000	0.000
63.000	10095.000	1570.610	20.000	0.000	4.000	0.000	0.000
81.000	9817.000	1570.610	20.000	0.000	4.000	0.000	0.000
64.000	9596.000	1570.610	20.000	0.000	4.000	0.000	0.000
64.000	9380.000	1570.610	20.000	0.000	4.000	0.000	0.000
63.000	9228.000	1570.610	20.000	0.000	4.000	0.000	0.000
64.000	8231.000	1570.740	20.000	0.000	4.000	0.000	0.000
65.000	7753.000	1570.740	20.000	0.000	4.000	0.000	0.000
64.000	7205.000	1570.740	20.000	0.000	4.000	0.000	0.000
63.000	7015.000	1570.740	20.000	0.000	4.000	0.000	0.000
64.000	6937.000	1570.860	20.000	0.000	4.000	0.000	0.000
64.000	6903.000	1570.740	20.000	0.000	4.000	0.000	0.000
64.000	6882.000	1570.860	20.000	0.000	4.000	0.000	0.000
64.000	6865.000	1570.740	20.000	0.000	4.000	0.000	0.000
80.000	6844.000	1570.860	20.000	0.000	4.000	0.000	0.000
63.000	6834.000	1570.740	20.000	0.000	4.000	0.000	0.000
65.000	6830.000	1570.860	20.000	0.000	4.000	0.000	0.000
63.000	6822.000	1570.740	20.000	0.000	4.000	0.000	0.000
64.000	6817.000	1570.860	20.000	0.000	4.000	0.000	0.000
65.000	6812.000	1570.740	20.000	0.000	4.000	0.000	0.000
63.000	6810.000	1570.740	20.000	0.000	4.000	0.000	0.000
64.000	6813.000	1570.740	20.000	0.000	4.000	0.000	0.000
64.000	6830.000	1570.740	20.000	0.000	4.000	0.000	0.000
64.000	6846.000	1570.740	20.000	0.000	4.000	0.000	0.000
64.000	6895.000	1570.740	20.000	0.000	4.000	0.000	0.000
80.000	6927.000	1570.740	20.000	0.000	4.000	0.000	0.000
64.000	6940.000	1570.740	20.000	0.000	4.000	0.000	0.000
63.000	6950.000	1570.860	20.000	0.000	4.000	0.000	0.000
65.000	6956.000	1570.740	20.000	0.000	4.000	0.000	0.000
64.000	6969.000	1570.740	20.000	0.000	4.000	0.000	0.000
63.000	6975.000	1570.740	20.000	0.000	4.000	0.000	0.000
64.000	6978.000	1570.740	20.000	0.000	4.000	0.000	0.000
65.000	6995.000	1570.860	20.000	0.000	4.000	0.000	0.000
63.000	6989.000	1570.610	20.000	0.000	4.000	0.000	0.000
64.000	7005.000	1570.610	20.000	0.000	4.000	0.000	0.000
64.000	7005.000	1570.740	20.000	0.000	4.000	0.000	0.000
64.000	7013.000	1570.740	20.000	0.000	4.000	0.000	0.000
80.000	7015.000	1570.860	20.000	0.000	4.000	0.000	0.000
64.000	7028.000	1570.740	20.000	0.000	4.000	0.000	0.000
64.000	7034.000	1570.740	20.000	0.000	4.000	0.000	0.000
63.000	7039.000	1570.740	20.000	0.000	4.000	0.000	0.000
64.000	7043.000	1570.740	20.000	0.000	4.000	0.000	0.000
64.000	7049.000	1570.740	20.000	0.000	4.000	0.000	0.000
65.000	7054.000	1570.610	20.000	0.000	4.000	0.000	0.000
64.000	7060.000	1570.740	20.000	0.000	4.000	0.000	0.000
63.000	7069.000	1570.740	20.000	0.000	4.000	0.000	0.000
64.000	7070.000	1570.740	20.000	0.000	4.000	0.000	0.000
64.000	7077.000	1570.740	20.000	0.000	4.000	0.000	0.000
64.000	7073.000	1570.610	20.000	0.000	4.000	0.000	0.000
80.000	7078.000	1570.740	20.000	0.000	4.000	0.000	0.000
64.000	7079.000	1570.740	20.000	0.000	4.000	0.000	0.000
64.000	7083.000	1570.740	20.000	0.000	4.000	0.000	0.000
63.000	7091.000	1570.740	20.000	0.000	4.000	0.000	0.000
65.000	7099.000	1570.740	20.000	0.000	4.000	0.000	0.000
64.000	7097.000	1570.740	20.000	0.000	4.000	0.000	0.000
63.000	7104.000	1570.740	20.000	0.000	4.000	0.000	0.000
64.000	7099.000	1570.740	20.000	0.000	4.000	0.000	0.000
64.000	7099.000	1570.610	20.000	0.000	4.000	0.000	0.000
64.000	7108.000	1570.860	20.000	0.000	4.000	0.000	0.000
64.000	7111.000	1570.740	20.000	0.000	4.000	0.000	0.000
80.000	7115.000	1570.610	20.000	0.000	4.000	0.000	0.000
64.000	7117.000	1570.740	20.000	0.000	4.000	0.000	0.000
64.000	7128.000	1570.740	20.000	0.000	4.000	0.000	0.000
64.000	7130.000	1570.740	20.000	0.000	4.000	0.000	0.000
64.000	7131.000	1570.860	20.000	0.000	4.000	0.000	0.000
64.000	7130.000	1570.740	20.000	0.000	4.000	0.000	0.000
63.000	7141.000	1570.740	20.000	0.000	4.000	0.000	0.000
64.000	7138.000	1570.740	20.000	0.000	4.000	0.000	0.000
64.000	7139.000	1570.860	20.000	0.000	4.000	0.000	0.000
64.000	7144.000	1570.740	20.000	0.000	4.000	0.000	0.000
64.000	7139.000	1570.740	20.000	0.000	4.000	0.000	0.000
64.000	7143.000	1570.860	20.000	0.000	4.000	0.000	0.000
79.000	7161.000	1570.740	20.000	0.000	4.000	0.000	0.000
64.000	7177.000	1570.740	20.000	0.000	4.000	0.000	0.000
64.000	7213.000	1570.860	20.000	0.000	4.000	0.000	0.000
65.000	7212.000	1570.740	20.000	0.000	4.000	0.000	0.000
64.000	7190.000	1570.740	20.000	0.000	4.000	0.000	0.000
63.000	7226.000	1570.740	20.000	0.000	4.000	0.000	0.000
65.000	7258.000	1570.740	20.000	0.000	4.000	0.000	0.000
63.000	7309.000	1570.740	20.000	0.000	4.000	0.000	0.000
64.000	7364.000	1570.740	20.000	0.000	4.000	0.000	0.000
65.000	7416.000	1570.740	20.000	0.000	4.000	0.000	0.000
63.000	7489.000	1570.860	20.000	0.000	4.000	0.000	0.000
64.000	7567.000	1570.860	20.000	0.000	4.000	0.000	0.000
80.000	7654.000	1570.860	20.000	0.000	4.000	0.000	0.000
64.000	7763.000	1570.740	20.000	0.000	4.000	0.000	0.000
64.000	7896.000	1570.740	20.000	0.000	4.000	0.000	0.000
64.000	8049.000	1570.740	20.000	0.000	4.000	0.000	0.000
64.000	8250.000	1570.740	20.000	0.000	4.000	0.000	0.000
63.000	8562.000	1570.860	20.000	0.000	4.000	0.000	0.000
64.000	9228.000	1570.740	20.000	0.000	4.000	0.000	0.000
64.000	9756.000	1571.120	20.000	0.000	4.000	0.000	0.000
64.000	10100.000	1571.500	20.000	0.000	4.000	0.000	0.000
64.000	10290.000	1572.010	20.000	0.000	4.000	0.000	0.000
64.000	10411.000	1572.650	20.000	0.000	4.000	0.000	0.000
80.000	10676.000	1573.670	20.000	0.000	4.000	0.000	0.000
64.000	11251.000	1574.680	20.000	0.000	4.000	0.000	0.000
64.000	12338.000	1575.700	20.000	0.000	4.000	0.000	0.000
64.000	13848.000	1576.980	20.000	0.000	4.000	0.000	0.000
64.000	14839.000	1577.610	20.000	0.000	4.000	0.000	0.000
64.000	14973.000	1577.610	20.000	0.000	4.000	0.000	0.000
63.000	14894.000	1577.230	20.000	0.000	4.000	0.000	0.000
64.000	14574.000	1576.210	20.000	0.000	4.000	0.000	0.000
64.000	14130.000	1574.940	20.000	0.000	4.000	0.000	0.000
64.000	13648.000	1573.790	20.000	0.000	4.000	0.000	0.000
64.000	13159.000	1572.900	20.000	0.000	4.000	0.000	0.000
64.000	12643.000	1572.260	20.000	0.000	4.000	0.000	0.000
80.000	12080.000	1571.750	20.000	0.000	4.000	0.000	0.000
64.000	11399.000	1571.500	20.000	0.000	4.000	0.000	0.000
64.000	10614.000	1571.250	20.000	0.000	4.000	0.000	0.000
64.000	10228.000	1571.120	20.000	0.000	4.000	0.000	0.000
64.000	10124.000	1570.990	20.000	0.000	4.000	0.000	0.000
64.000	9825.000	1571.120	20.000	0.000	4.000	0.000	0.000
63.000	9589.000	1570.990	20.000	0.000	4.000	0.000	0.000
64.000	9389.000	1571.120	20.000	0.000	4.000	0.000	0.000
64.000	9230.000	1571.120	20.000	0.000	4.000	0.000	0.000
64.000	8788.000	1571.370	20.000	0.000	4.000	0.000	0.000
65.000	7909.000	1571.120	20.000	0.000	4.000	0.000	0.000
63.000	7706.000	1571.250	20.000	0.000	4.000	0.000	0.000
81.000	7292.000	1571.250	20.000	0.000	4.000	0.000	0.000
63.000	7123.000	1571.250	20.000	0.000	4.000	0.000	0.000
64.000	7043.000	1571.250	20.000	0.000	4.000	0.000	0.000
64.000	7001.000	1571.120	20.000	0.000	4.000	0.000	0.000
64.000	6983.000	1571.250	20.000	0.000	4.000	0.000	0.000
64.000	6955.000	1571.250	20.000	0.000	4.000	0.000	0.000
64.000	6940.000	1571.120	20.000	0.000	4.000	0.000	0.000
64.000	6933.000	1571.250	20.000	0.000	4.000	0.000	0.000
64.000	6920.000	1571.250	20.000	0.000	4.000	0.000	0.000
63.000	6909.000	1571.120	20.000	0.000	4.000	0.000	0.000
65.000	6892.000	1571.250	20.000	0.000	4.000	0.000	0.000
79.000	6891.000	1571.120	20.000	0.000	4.000	0.000	0.000
64.000	6891.000	1571.250	20.000	0.000	4.000	0.000	0.000
64.000	6899.000	1571.250	20.000	0.000	4.000	0.000	0.000
64.000	6915.000	1571.250	20.000	0.000	4.000	0.000	0.000
64.000	6935.000	1571.120	20.000	0.000	4.000	0.000	0.000
64.000	6960.000	1571.250	20.000	0.000	4.000	0.000	0.000
64.000	6971.000	1571.250	20.000	0.000	4.000	0.000	0.000
64.000	6979.000	1571.250	20.000	0.000	4.000	0.000	0.000
64.000	6994.000	1571.120	20.000	0.000	4.000	0.000	0.000
64.000	7003.000	1571.250	20.000	0.000	4.000	0.000	0.000
64.000	7009.000	1571.250	20.000	0.000	4.000	0.000	0.000
64.000	7018.000	1571.250	20.000	0.000	4.000	0.000	0.000
79.000	7022.000	1571.120	20.000	0.000	4.000	0.000	0.000
64.000	7030.000	1571.120	20.000	0.000	4.000	0.000	0.000
64.000	7036.000	1571.250	20.000	0.000	4.000	0.000	0.000
64.000	7046.000	1571.250	20.000	0.000	4.000	0.000	0.000
64.000	7045.000	1571.250	20.000	0.000	4.000	0.000	0.000
64.000	7061.000	1571.250	20.000	0.000	4.000	0.000	0.000
64.000	7061.000	1571.120	20.000	0.000	4.000	0.000	0.000
64.000	7067.000	1571.250	20.000	0.000	4.000	0.000	0.000
64.000	7071.000	1571.250	20.000	0.000	4.000	0.000	0.000
64.000	7077.000	1571.250	20.000	0.000	4.000	0.000	0.000
63.000	7079.000	1571.120	20.000	0.000	4.000	0.000	0.000
64.000	7084.000	1571.120	20.000	0.000	4.000	0.000	0.000
80.000	7087.000	1571.250	20.000	0.000	4.000	0.000	0.000
64.000	7094.000	1571.250	20.000	0.000	4.000	0.000	0.000
64.000	7089.000	1571.250	20.000	0.000	4.000	0.000	0.000
63.000	7094.000	1571.120	20.000	0.000	4.000	0.000	0.000
65.000	7101.000	1571.120	20.000	0.000	4.000	0.000	0.000
64.000	7109.000	1571.250	20.000	0.000	4.000	0.000	0.000
64.000	7110.000	1571.370	20.000	0.000	4.000	0.000	0.000
64.000	7115.000	1571.250	20.000	0.000	4.000	0.000	0.000
63.000	7116.000	1571.250	20.000	0.000	4.000	0.000	0.000
64.000	7116.000	1571.250	20.000	0.000	4.000	0.000	0.000
64.000	7120.000	1571.250	20.000	0.000	4.000	0.000	0.000
81.000	7123.000	1571.250	20.000	0.000	4.000	0.000	0.000
64.000	7131.000	1571.250	20.000	0.000	4.000	0.000	0.000
64.000	7133.000	1571.250	20.000	0.000	4.000	0.000	0.000
63.000	7133.000	1571.250	20.000	0.000	4.000	0.000	0.000
64.000	7137.000	1571.250	20.000	0.000	4.000	0.000	0.000
64.000	7136.000	1571.250	20.000	0.000	4.000	0.000	0.000
64.000	7147.000	1571.250	20.000	0.000	4.000	0.000	0.000
64.000	7149.000	1571.120	20.000	0.000	4.000	0.000	0.000
64.000	7152.000	1571.250	20.000	0.000	4.000	0.000	0.000
64.000	7151.000	1571.120	20.000	0.000	4.000	0.000	0.000
64.000	7149.000	1571.120	20.000	0.000	4.000	0.000	0.000
63.000	7156.000	1571.250	20.000	0.000	4.000	0.000	0.000
80.000	7165.000	1571.250	20.000	0.000	4.000	0.000	0.000
64.000	7161.000	1571.250	20.000	0.000	4.000	0.000	0.000
64.000	7165.000	1571.370	20.000	0.000	4.000	0.000	0.000
64.000	7164.000	1571.120	20.000	0.000	4.000	0.000	0.000
65.000	7176.000	1571.250	20.000	0.000	4.000	0.000	0.000
63.000	7183.000	1571.250	20.000	0.000	4.000	0.000	0.000
64.000	7198.000	1571.250	20.000	0.000	4.000	0.000	0.000
64.000	7234.000	1571.250	20.000	0.000	4.000	0.000	0.000
64.000	7259.000	1571.250	20.000	0.000	4.000	0.000	0.000
63.000	7293.000	1571.120	20.000	0.000	4.000	0.000	0.000
64.000	7321.000	1571.250	20.000	0.000	4.000	0.000	0.000
64.000	7364.000	1571.250	20.000	0.000	4.000	0.000	0.000
80.000	7414.000	1571.120	20.000	0.000	4.000	0.000	0.000
65.000	7463.000	1571.370	20.000	0.000	4.000	0.000	0.000
64.000	7515.000	1571.120	20.000	0.000	4.000	0.000	0.000
63.000	7587.000	1571.120	20.000	0.000	4.000	0.000	0.000
64.000	7661.000	1571.250	20.000	0.000	4.000	0.000	0.000
65.000	7744.000	1571.120	20.000	0.000	4.000	0.000	0.000
63.000	7845.000	1571.250	20.000	0.000	4.000	0.000	0.000
64.000	7960.000	1571.250	20.000	0.000	4.000	0.000	0.000
64.000	8105.000	1571.250	20.000	0.000	4.000	0.000	0.000
64.000	8285.000	1571.120	20.000	0.000	4.000	0.000	0.000
64.000	8524.000	1571.250	20.000	0.000	4.000	0.000	0.000
79.000	9079.000	1571.250	20.000	0.000	4.000	0.000	0.000
65.000	9642.000	1571.370	20.000	0.000	4.000	0.000	0.000
64.000	9978.000	1571.880	20.000	0.000	4.000	0.000	0.000
64.000	10211.000	1572.390	20.000	0.000	4.000	0.000	0.000
64.000	10325.000	1572.900	20.000	0.000	4.000	0.000	0.000
64.000	10533.000	1573.920	20.000	0.000	4.000	0.000	0.000
64.000	10994.000	1574.940	20.000	0.000	4.000	0.000	0.000
63.000	11903.000	1575.960	20.000	0.000	4.000	0.000	0.000
64.000	13290.000	1577.100	20.000	0.000	4.000	0.000	0.000
64.000	14597.000	1578.120	20.000	0.000	4.000	0.000	0.000
64.000	14814.000	1578.250	20.000	0.000	4.000	0.000	0.000
64.000	14875.000	1577.990	20.000	0.000	4.000	0.000	0.000
80.000	14609.000	1576.980	20.000	0.000	4.000	0.000	0.000
64.000	14242.000	1575.830	20.000	0.000	4.000	0.000	0.000
63.000	13746.000	1574.560	20.000	0.000	4.000	0.000	0.000
65.000	13259.000	1573.670	20.000	0.000	4.000	0.000	0.000
63.000	12727.000	1572.900	20.000	0.000	4.000	0.000	0.000
64.000	12199.000	1572.260	20.000	0.000	4.000	0.000	0.000
64.000	11537.000	1571.880	20.000	0.000	4.000	0.000	0.000
65.000	10712.000	1571.630	20.000	0.000	4.000	0.000	0.000
63.000	10260.000	1571.500	20.000	0.000	4.000	0.000	0.000
64.000	10055.000	1571.370	20.000	0.000	4.000	0.000	0.000
64.000	9878.000	1571.370	20.000	0.000	4.000	0.000	0.000
64.000	9620.000	1571.370	20.000	0.000	4.000	0.000	0.000
80.000	9408.000	1571.370	20.000	0.000	4.000	0.000	0.000
64.000	9238.000	1571.370	20.000	0.000	4.000	0.000	0.000
64.000	8934.000	1571.250	20.000	0.000	4.000	0.000	0.000
63.000	7861.000	1571.370	20.000	0.000	4.000	0.000	0.000
65.000	7626.000	1571.500	20.000	0.000	4.000	0.000	0.000
64.000	7437.000	1571.370	20.000	0.000	4.000	0.000	0.000
63.000	7143.000	1571.370	20.000	0.000	4.000	0.000	0.000
64.000	7026.000	1571.500	20.000	0.000	4.000	0.000	0.000
64.000	6956.000	1571.500	20.000	0.000	4.000	0.000	0.000
64.000	6916.000	1571.500	20.000	0.000	4.000	0.000	0.000
64.000	6889.000	1571.370	20.000	0.000	4.000	0.000	0.000
80.000	6870.000	1571.370	20.000	0.000	4.000	0.000	0.000
64.000	6851.000	1571.370	20.000	0.000	4.000	0.000	0.000
64.000	6846.000	1571.500	20.000	0.000	4.000	0.000	0.000
66.000	6836.000	1571.500	20.000	0.000	4.000	0.000	0.000
62.000	6832.000	1571.500	20.000	0.000	4.000	0.000	0.000
63.000	6823.000	1571.370	20.000	0.000	4.000	0.000	0.000
65.000	6818.000	1571.370	20.000	0.000	4.000	0.000	0.000
63.000	6831.000	1571.370	20.000	0.000	4.000	0.000	0.000
64.000	6843.000	1571.500	20.000	0.000	4.000	0.000	0.000
65.000	6856.000	1571.370	20.000	0.000	4.000	0.000	0.000
63.000	6899.000	1571.370	20.000	0.000	4.000	0.000	0.000
64.000	6917.000	1571.370	20.000	0.000	4.000	0.000	0.000
80.000	6938.000	1571.370	20.000	0.000	4.000	0.000	0.000
64.000	6951.000	1571.500	20.000	0.000	4.000	0.000	0.000
64.000	6956.000	1571.250	20.000	0.000	4.000	0.000	0.000
64.000	6963.000	1571.370	20.000	0.000	4.000	0.000	0.000
64.000	6974.000	1571.370	20.000	0.000	4.000	0.000	0.000
64.000	6985.000	1571.370	20.000	0.000	4.000	0.000	0.000
64.000	6990.000	1571.370	20.000	0.000	4.000	0.000	0.000
63.000	6996.000	1571.250	20.000	0.000	4.000	0.000	0.000
65.000	7005.000	1571.370	20.000	0.000	4.000	0.000	0.000
63.000	7012.000	1571.370	20.000	0.000	4.000	0.000	0.000
64.000	7015.000	1571.370	20.000	0.000	4.000	0.000	0.000
64.000	7027.000	1571.370	20.000	0.000	4.000	0.000	0.000
80.000	7026.000	1571.370	20.000	0.000	4.000	0.000	0.000
64.000	7035.000	1571.370	20.000	0.000	4.000	0.000	0.000
64.000	7039.000	1571.370	20.000	0.000	4.000	0.000	0.000
64.000	7039.000	1571.370	20.000	0.000	4.000	0.000	0.000
64.000	7046.000	1571.370	20.000	0.000	4.000	0.000	0.000
64.000	7048.000	1571.370	20.000	0.000	4.000	0.000	0.000
63.000	7056.000	1571.370	20.000	0.000	4.000	0.000	0.000
64.000	7059.000	1571.370	20.000	0.000	4.000	0.000	0.000
65.000	7058.000	1571.370	20.000	0.000	4.000	0.000	0.000
63.000	7061.000	1571.370	20.000	0.000	4.000	0.000	0.000
65.000	7064.000	1571.370	20.000	0.000	4.000	0.000	0.000
79.000	7072.000	1571.250	20.000	0.000	4.000	0.000	0.000
64.000	7075.000	1571.250	20.000	0.000	4.000	0.000	0.000
64.000	7081.000	1571.250	20.000	0.000	4.000	0.000	0.000
64.000	7085.000	1571.250	20.000	0.000	4.000	0.000	0.000
64.000	7087.000	1571.250	20.000	0.000	4.000	0.000	0.000
64.000	7090.000	1571.370	20.000	0.000	4.000	0.000	0.000
64.000	7093.000	1571.370	20.000	0.000	4.000	0.000	0.000
63.000	7099.000	1571.370	20.000	0.000	4.000	0.000	0.000
64.000	7100.000	1571.250	20.000	0.000	4.000	0.000	0.000
64.000	7099.000	1571.250	20.000	0.000	4.000	0.000	0.000
64.000	7108.000	1571.250	20.000	0.000	4.000	0.000	0.000
64.000	7110.000	1571.250	20.000	0.000	4.000	0.000	0.000
80.000	7116.000	1571.250	20.000	0.000	4.000	0.000	0.000
64.000	7118.000	1571.250	20.000	0.000	4.000	0.000	0.000
64.000	7114.000	1571.250	20.000	0.000	4.000	0.000	0.000
64.000	7124.000	1571.250	20.000	0.000	4.000	0.000	0.000
64.000	7125.000	1571.250	20.000	0.000	4.000	0.000	0.000
64.000	7136.000	1571.250	20.000	0.000	4.000	0.000	0.000
64.000	7133.000	1571.250	20.000	0.000	4.000	0.000	0.000
64.000	7134.000	1571.120	20.000	0.000	4.000	0.000	0.000
63.000	7129.000	1571.250	20.000	0.000	4.000	0.000	0.000
65.000	7142.000	1571.250	20.000	0.000	4.000	0.000	0.000
63.000	7157.000	1571.250	20.000	0.000	4.000	0.000	0.000
64.000	7172.000	1571.250	20.000	0.000	4.000	0.000	0.000
80.000	7210.000	1571.250	20.000	0.000	4.000	0.000	0.000
64.000	7225.000	1571.250	20.000	0.000	4.000	0.000	0.000
64.000	7259.000	1571.370	20.000	0.000	4.000	0.000	0.000
64.000	7299.000	1571.250	20.000	0.000	4.000	0.000	0.000
64.000	7339.000	1571.250	20.000	0.000	4.000	0.000	0.000
64.000	7379.000	1571.250	20.000	0.000	4.000	0.000	0.000
63.000	7441.000	1571.250	20.000	0.000	4.000	0.000	0.000
65.000	7492.000	1571.250	20.000	0.000	4.000	0.000	0.000
63.000	7557.000	1571.120	20.000	0.000	4.000	0.000	0.000
64.000	7634.000	1571.120	20.000	0.000	4.000	0.000	0.000
64.000	7712.000	1571.120	20.000	0.000	4.000	0.000	0.000
80.000	7812.000	1571.250	20.000	0.000	4.000	0.000	0.000
65.000	7927.000	1571.250	20.000	0.000	4.000	0.000	0.000
63.000	8072.000	1571.120	20.000	0.000	4.000	0.000	0.000
64.000	8254.000	1571.120	20.000	0.000	4.000	0.000	0.000
64.000	8484.000	1571.370	20.000	0.000	4.000	0.000	0.000
64.000	9054.000	1571.250	20.000	0.000	4.000	0.000	0.000
64.000	9605.000	1571.370	20.000	0.000	4.000	0.000	0.000
64.000	9943.000	1571.880	20.000	0.000	4.000	0.000	0.000
64.000	10161.000	1572.520	20.000	0.000	4.000	0.000	0.000
63.000	10299.000	1573.030	20.000	0.000	4.000	0.000	0.000
65.000	10504.000	1573.920	20.000	0.000	4.000	0.000	0.000
64.000	10927.000	1574.810	20.000	0.000	4.000	0.000	0.000
80.000	11772.000	1575.830	20.000	0.000	4.000	0.000	0.000
63.000	13207.000	1576.980	20.000	0.000	4.000	0.000	0.000
64.000	14552.000	1577.870	20.000	0.000	4.000	0.000	0.000
65.000	14714.000	1578.380	20.000	0.000	4.000	0.000	0.000
63.000	14764.000	1577.870	20.000	0.000	4.000	0.000	0.000
64.000	14490.000	1576.980	20.000	0.000	4.000	0.000	0.000
64.000	14131.000	1575.580	20.000	0.000	4.000	0.000	0.000
64.000	13647.000	1574.560	20.000	0.000	4.000	0.000	0.000
64.000	13177.000	1573.670	20.000	0.000	4.000	0.000	0.000
64.000	12655.000	1572.900	20.000	0.000	4.000	0.000	0.000
64.000	12118.000	1572.390	20.000	0.000	4.000	0.000	0.000
64.000	11385.000	1571.750	20.000	0.000	4.000	0.000	0.000
80.000	10580.000	1571.500	20.000	0.000	4.000	0.000	0.000
64.000	10160.000	1571.250	20.000	0.000	4.000	0.000	0.000
63.000	9971.000	1570.990	20.000	0.000	4.000	0.000	0.000
65.000	9761.000	1570.860	20.000	0.000	4.000	0.000	0.000
63.000	9557.000	1570.740	20.000	0.000	4.000	0.000	0.000
64.000	9349.000	1570.740	20.000	0.000	4.000	0.000	0.000
64.000	9183.000	1570.740	20.000	0.000	4.000	0.000	0.000
64.000	8773.000	1570.740	20.000	0.000	4.000	0.000	0.000
64.000	7795.000	1570.740	20.000	0.000	4.000	0.000	0.000
64.000	7603.000	1570.740	20.000	0.000	4.000	0.000	0.000
64.000	7443.000	1570.610	20.000	0.000	4.000	0.000	0.000
80.000	7352.000	1570.610	20.000	0.000	4.000	0.000	0.000
64.000	7293.000	1570.740	20.000	0.000	4.000	0.000	0.000
64.000	7134.000	1570.610	20.000	0.000	4.000	0.000	0.000
64.000	7026.000	1570.610	20.000	0.000	4.000	0.000	0.000
63.000	6949.000	1570.740	20.000	0.000	4.000	0.000	0.000
64.000	6906.000	1570.610	20.000	0.000	4.000	0.000	0.000
64.000	6885.000	1570.610	20.000	0.000	4.000	0.000	0.000
64.000	6862.000	1570.610	20.000	0.000	4.000	0.000	0.000
65.000	6847.000	1570.610	20.000	0.000	4.000	0.000	0.000
63.000	6833.000	1570.480	20.000	0.000	4.000	0.000	0.000
64.000	6822.000	1570.610	20.000	0.000	4.000	0.000	0.000
64.000	6820.000	1570.610	20.000	0.000	4.000	0.000	0.000
80.000	6828.000	1570.610	20.000	0.000	4.000	0.000	0.000
63.000	6838.000	1570.480	20.000	0.000	4.000	0.000	0.000
65.000	6860.000	1570.480	20.000	0.000	4.000	0.000	0.000
64.000	6876.000	1570.480	20.000	0.000	4.000	0.000	0.000
63.000	6894.000	1570.480	20.000	0.000	4.000	0.000	0.000
65.000	6901.000	1570.480	20.000	0.000	4.000	0.000	0.000
63.000	6907.000	1570.480	20.000	0.000	4.000	0.000	0.000
64.000	6917.000	1570.480	20.000	0.000	4.000	0.000	0.000
64.000	6927.000	1570.480	20.000	0.000	4.000	0.000	0.000
64.000	6932.000	1570.480	20.000	0.000	4.000	0.000	0.000
64.000	6937.000	1570.480	20.000	0.000	4.000	0.000	0.000
64.000	6950.000	1570.350	20.000	0.000	4.000	0.000	0.000
80.000	6961.000	1570.350	20.000	0.000	4.000	0.000	0.000
64.000	6966.000	1570.480	20.000	0.000	4.000	0.000	0.000
64.000	6972.000	1570.480	20.000	0.000	4.000	0.000	0.000
64.000	6976.000	1570.350	20.000	0.000	4.000	0.000	0.000
64.000	6978.000	1570.350	20.000	0.000	4.000	0.000	0.000
64.000	6984.000	1570.350	20.000	0.000	4.000	0.000	0.000
64.000	6994.000	1570.230	20.000	0.000	4.000	0.000	0.000
64.000	6993.000	1570.350	20.000	0.000	4.000	0.000	0.000
63.000	7004.000	1570.350	20.000	0.000	4.000	0.000	0.000
64.000	7005.000	1570.480	20.000	0.000	4.000	0.000	0.000
64.000	7009.000	1570.350	20.000	0.000	4.000	0.000	0.000
80.000	7014.000	1570.350	20.000	0.000	4.000	0.000	0.000
63.000	7016.000	1570.350	20.000	0.000	4.000	0.000	0.000
65.000	7024.000	1570.350	20.000	0.000	4.000	0.000	0.000
64.000	7033.000	1570.350	20.000	0.000	4.000	0.000	0.000
64.000	7035.000	1570.230	20.000	0.000	4.000	0.000	0.000
64.000	7039.000	1570.230	20.000	0.000	4.000	0.000	0.000
64.000	7041.000	1570.230	20.000	0.000	4.000	0.000	0.000
64.000	7042.000	1570.230	20.000	0.000	4.000	0.000	0.000
64.000	7049.000	1570.230	20.000	0.000	4.000	0.000	0.000
63.000	7055.000	1570.100	20.000	0.000	4.000	0.000	0.000
64.000	7054.000	1570.100	20.000	0.000	4.000	0.000	0.000
64.000	7060.000	1570.230	20.000	0.000	4.000	0.000	0.000
80.000	7065.000	1570.100	20.000	0.000	4.000	0.000	0.000
64.000	7069.000	1570.100	20.000	0.000	4.000	0.000	0.000
64.000	7067.000	1570.100	20.000	0.000	4.000	0.000	0.000
64.000	7069.000	1570.230	20.000	0.000	4.000	0.000	0.000
63.000	7079.000	1570.230	20.000	0.000	4.000	0.000	0.000
64.000	7077.000	1570.230	20.000	0.000	4.000	0.000	0.000
64.000	7088.000	1570.100	20.000	0.000	4.000	0.000	0.000
64.000	7089.000	1570.100	20.000	0.000	4.000	0.000	0.000
64.000	7088.000	1570.100	20.000	0.000	4.000	0.000	0.000
64.000	7097.000	1570.230	20.000	0.000	4.000	0.000	0.000
64.000	7096.000	1570.100	20.000	0.000	4.000	0.000	0.000
64.000	7100.000	1570.230	20.000	0.000	4.000	0.000	0.000
80.000	7106.000	1570.100	20.000	0.000	4.000	0.000	0.000
64.000	7109.000	1570.100	20.000	0.000	4.000	0.000	0.000
64.000	7114.000	1570.100	20.000	0.000	4.000	0.000	0.000
64.000	7124.000	1570.100	20.000	0.000	4.000	0.000	0.000
64.000	7146.000	1570.100	20.000	0.000	4.000	0.000	0.000
64.000	7172.000	1569.970	20.000	0.000	4.000	0.000	0.000
64.000	7205.000	1570.100	20.000	0.000	4.000	0.000	0.000
64.000	7244.000	1569.970	20.000	0.000	4.000	0.000	0.000
64.000	7275.000	1570.100	20.000	0.000	4.000	0.000	0.000
63.000	7318.000	1569.970	20.000	0.000	4.000	0.000	0.000
64.000	7361.000	1570.100	20.000	0.000	4.000	0.000	0.000
64.000	7419.000	1569.970	20.000	0.000	4.000	0.000	0.000
81.000	7465.000	1569.970	20.000	0.000	4.000	0.000	0.000
64.000	7541.000	1570.100	20.000	0.000	4.000	0.000	0.000
63.000	7619.000	1569.840	20.000	0.000	4.000	0.000	0.000
64.000	7713.000	1569.970	20.000	0.000	4.000	0.000	0.000
64.000	7819.000	1569.840	20.000	0.000	4.000	0.000	0.000
64.000	7944.000	1569.970	20.000	0.000	4.000	0.000	0.000
63.000	8097.000	1569.970	20.000	0.000	4.000	0.000	0.000
65.000	8297.000	1569.970	20.000	0.000	4.000	0.000	0.000
63.000	8558.000	1569.970	20.000	0.000	4.000	0.000	0.000
65.000	9183.000	1569.970	20.000	0.000	4.000	0.000	0.000
63.000	9655.000	1570.230	20.000	0.000	4.000	0.000	0.000
81.000	9979.000	1570.860	20.000	0.000	4.000	0.000	0.000
64.000	10154.000	1571.370	20.000	0.000	4.000	0.000	0.000
63.000	10289.000	1571.880	20.000	0.000	4.000	0.000	0.000
65.000	10513.000	1572.900	20.000	0.000	4.000	0.000	0.000
64.000	11024.000	1573.920	20.000	0.000	4.000	0.000	0.000
63.000	12035.000	1574.940	20.000	0.000	4.000	0.000	0.000
64.000	13511.000	1576.080	20.000	0.000	4.000	0.000	0.000
64.000	14512.000	1576.720	20.000	0.000	4.000	0.000	0.000
64.000	14614.000	1576.720	20.000	0.000	4.000	0.000	0.000
64.000	14551.000	1576.210	20.000	0.000	4.000	0.000	0.000
64.000	14194.000	1575.320	20.000	0.000	4.000	0.000	0.000
63.000	13740.000	1573.920	20.000	0.000	4.000	0.000	0.000
80.000	13276.000	1572.900	20.000	0.000	4.000	0.000	0.000
64.000	12818.000	1572.010	20.000	0.000	4.000	0.000	0.000
64.000	12338.000	1571.370	20.000	0.000	4.000	0.000	0.000
64.000	11772.000	1570.740	20.000	0.000	4.000	0.000	0.000
64.000	10898.000	1570.350	20.000	0.000	4.000	0.000	0.000
64.000	10345.000	1570.100	20.000	0.000	4.000	0.000	0.000
64.000	10060.000	1569.720	20.000	0.000	4.000	0.000	0.000
64.000	9897.000	1569.720	20.000	0.000	4.000	0.000	0.000
64.000	9604.000	1569.460	20.000	0.000	4.000	0.000	0.000
64.000	9366.000	1569.460	20.000	0.000	4.000	0.000	0.000
64.000	9190.000	1569.460	20.000	0.000	4.000	0.000	0.000
64.000	9034.000	1569.460	20.000	0.000	4.000	0.000	0.000
80.000	8394.000	1569.460	20.000	0.000	4.000	0.000	0.000
64.000	7780.000	1569.460	20.000	0.000	4.000	0.000	0.000
63.000	7650.000	1569.460	20.000	0.000	4.000	0.000	0.000
64.000	7559.000	1569.460	20.000	0.000	4.000	0.000	0.000
64.000	7485.000	1569.460	20.000	0.000	4.000	0.000	0.000
64.000	7425.000	1569.460	20.000	0.000	4.000	0.000	0.000
64.000	7388.000	1569.460	20.000	0.000	4.000	0.000	0.000
64.000	7353.000	1569.340	20.000	0.000	4.000	0.000	0.000
63.000	7226.000	1569.460	20.000	0.000	4.000	0.000	0.000
65.000	7143.000	1569.460	20.000	0.000	4.000	0.000	0.000
64.000	7093.000	1569.460	20.000	0.000	4.000	0.000	0.000
80.000	7054.000	1569.340	20.000	0.000	4.000	0.000	0.000
64.000	7026.000	1569.340	20.000	0.000	4.000	0.000	0.000
64.000	6993.000	1569.340	20.000	0.000	4.000	0.000	0.000
64.000	6979.000	1569.340	20.000	0.000	4.000	0.000	0.000
63.000	6974.000	1569.340	20.000	0.000	4.000	0.000	0.000
64.000	6967.000	1569.460	20.000	0.000	4.000	0.000	0.000
64.000	6985.000	1569.340	20.000	0.000	4.000	0.000	0.000
64.000	7007.000	1569.340	20.000	0.000	4.000	0.000	0.000
64.000	7019.000	1569.340	20.000	0.000	4.000	0.000	0.000
64.000	7020.000	1569.460	20.000	0.000	4.000	0.000	0.000
64.000	7035.000	1569.340	20.000	0.000	4.000	0.000	0.000
64.000	7035.000	1569.340	20.000	0.000	4.000	0.000	0.000
79.000	7037.000	1569.460	20.000	0.000	4.000	0.000	0.000
64.000	7049.000	1569.340	20.000	0.000	4.000	0.000	0.000
65.000	7054.000	1569.210	20.000	0.000	4.000	0.000	0.000
64.000	7059.000	1569.340	20.000	0.000	4.000	0.000	0.000
64.000	7058.000	1569.210	20.000	0.000	4.000	0.000	0.000
64.000	7061.000	1569.210	20.000	0.000	4.000	0.000	0.000
64.000	7074.000	1569.340	20.000	0.000	4.000	0.000	0.000
64.000	7077.000	1569.340	20.000	0.000	4.000	0.000	0.000
63.000	7085.000	1569.340	20.000	0.000	4.000	0.000	0.000
64.000	7081.000	1569.210	20.000	0.000	4.000	0.000	0.000
64.000	7090.000	1569.340	20.000	0.000	4.000	0.000	0.000
64.000	7095.000	1569.340	20.000	0.000	4.000	0.000	0.000
80.000	7090.000	1569.340	20.000	0.000	4.000	0.000	0.000
64.000	7104.000	1569.340	20.000	0.000	4.000	0.000	0.000
64.000	7107.000	1569.340	20.000	0.000	4.000	0.000	0.000
64.000	7112.000	1569.340	20.000	0.000	4.000	0.000	0.000
64.000	7114.000	1569.340	20.000	0.000	4.000	0.000	0.000
64.000	7109.000	1569.340	20.000	0.000	4.000	0.000	0.000
64.000	7121.000	1569.210	20.000	0.000	4.000	0.000	0.000
63.000	7126.000	1569.210	20.000	0.000	4.000	0.000	0.000
64.000	7126.000	1569.210	20.000	0.000	4.000	0.000	0.000
64.000	7127.000	1569.210	20.000	0.000	4.000	0.000	0.000
64.000	7134.000	1569.210	20.000	0.000	4.000	0.000	0.000
80.000	7141.000	1569.210	20.000	0.000	4.000	0.000	0.000
64.000	7146.000	1569.210	20.000	0.000	4.000	0.000	0.000
64.000	7142.000	1569.210	20.000	0.000	4.000	0.000	0.000
64.000	7145.000	1569.210	20.000	0.000	4.000	0.000	0.000
64.000	7152.000	1569.210	20.000	0.000	4.000	0.000	0.000
63.000	7161.000	1569.080	20.000	0.000	4.000	0.000	0.000
65.000	7156.000	1569.210	20.000	0.000	4.000	0.000	0.000
64.000	7165.000	1569.210	20.000	0.000	4.000	0.000	0.000
64.000	7169.000	1569.080	20.000	0.000	4.000	0.000	0.000
64.000	7171.000	1569.210	20.000	0.000	4.000	0.000	0.000
63.000	7177.000	1569.210	20.000	0.000	4.000	0.000	0.000
64.000	7176.000	1569.210	20.000	0.000	4.000	0.000	0.000
80.000	7182.000	1569.210	20.000	0.000	4.000	0.000	0.000
64.000	7182.000	1569.210	20.000	0.000	4.000	0.000	0.000
64.000	7189.000	1569.080	20.000	0.000	4.000	0.000	0.000
64.000	7191.000	1569.210	20.000	0.000	4.000	0.000	0.000
64.000	7194.000	1569.210	20.000	0.000	4.000	0.000	0.000
63.000	7197.000	1569.210	20.000	0.000	4.000	0.000	0.000
65.000	7202.000	1569.080	20.000	0.000	4.000	0.000	0.000
64.000	7211.000	1569.080	20.000	0.000	4.000	0.000	0.000
63.000	7232.000	1569.080	20.000	0.000	4.000	0.000	0.000
65.000	7257.000	1569.080	20.000	0.000	4.000	0.000	0.000
64.000	7281.000	1569.080	20.000	0.000	4.000	0.000	0.000
64.000	7320.000	1569.080	20.000	0.000	4.000	0.000	0.000
79.000	7356.000	1569.080	20.000	0.000	4.000	0.000	0.000
64.000	7394.000	1569.080	20.000	0.000	4.000	0.000	0.000
64.000	7447.000	1569.080	20.000	0.000	4.000	0.000	0.000
64.000	7490.000	1569.080	20.000	0.000	4.000	0.000	0.000
64.000	7547.000	1569.080	20.000	0.000	4.000	0.000	0.000
64.000	7607.000	1569.080	20.000	0.000	4.000	0.000	0.000
64.000	7685.000	1569.210	20.000	0.000	4.000	0.000	0.000
63.000	7769.000	1569.080	20.000	0.000	4.000	0.000	0.000
64.000	7872.000	1569.080	20.000	0.000	4.000	0.000	0.000
64.000	7987.000	1569.080	20.000	0.000	4.000	0.000	0.000
64.000	8125.000	1569.080	20.000	0.000	4.000	0.000	0.000
80.000	8302.000	1569.080	20.000	0.000	4.000	0.000	0.000
65.000	8536.000	1569.080	20.000	0.000	4.000	0.000	0.000
64.000	9000.000	1569.080	20.000	0.000	4.000	0.000	0.000
63.000	9545.000	1569.210	20.000	0.000	4.000	0.000	0.000
64.000	9868.000	1569.840	20.000	0.000	4.000	0.000	0.000
64.000	10121.000	1570.350	20.000	0.000	4.000	0.000	0.000
64.000	10245.000	1570.860	20.000	0.000	4.000	0.000	0.000
64.000	10407.000	1571.750	20.000	0.000	4.000	0.000	0.000
64.000	10795.000	1572.770	20.000	0.000	4.000	0.000	0.000
63.000	11602.000	1573.670	20.000	0.000	4.000	0.000	0.000
64.000	12969.000	1574.940	20.000	0.000	4.000	0.000	0.000
64.000	14274.000	1575.700	20.000	0.000	4.000	0.000	0.000
81.000	14494.000	1576.080	20.000	0.000	4.000	0.000	0.000
63.000	14529.000	1575.700	20.000	0.000	4.000	0.000	0.000
64.000	14309.000	1574.680	20.000	0.000	4.000	0.000	0.000
64.000	13933.000	1573.540	20.000	0.000	4.000	0.000	0.000
64.000	13461.000	1572.390	20.000	0.000	4.000	0.000	0.000
64.000	13007.000	1571.500	20.000	0.000	4.000	0.000	0.000
64.000	12491.000	1570.740	20.000	0.000	4.000	0.000	0.000
64.000	11943.000	1570.100	20.000	0.000	4.000	0.000	0.000
64.000	11253.000	1569.590	20.000	0.000	4.000	0.000	0.000
63.000	10457.000	1569.340	20.000	0.000	4.000	0.000	0.000
64.000	10080.000	1568.950	20.000	0.000	4.000	0.000	0.000
65.000	9967.000	1568.700	20.000	0.000	4.000	0.000	0.000
79.000	9703.000	1568.830	20.000	0.000	4.000	0.000	0.000
65.000	9473.000	1568.570	20.000	0.000	4.000	0.000	0.000
64.000	9259.000	1568.570	20.000	0.000	4.000	0.000	0.000
64.000	9094.000	1568.700	20.000	0.000	4.000	0.000	0.000
63.000	8950.000	1568.700	20.000	0.000	4.000	0.000	0.000
64.000	8214.000	1568.700	20.000	0.000	4.000	0.000	0.000
65.000	7710.000	1568.570	20.000	0.000	4.000	0.000	0.000
63.000	7576.000	1568.700	20.000	0.000	4.000	0.000	0.000
64.000	7494.000	1568.700	20.000	0.000	4.000	0.000	0.000
64.000	7422.000	1568.700	20.000	0.000	4.000	0.000	0.000
64.000	7377.000	1568.570	20.000	0.000	4.000	0.000	0.000
80.000	7356.000	1568.700	20.000	0.000	4.000	0.000	0.000
63.000	7282.000	1568.570	20.000	0.000	4.000	0.000	0.000
64.000	7178.000	1568.570	20.000	0.000	4.000	0.000	0.000
64.000	7124.000	1568.700	20.000	0.000	4.000	0.000	0.000
64.000	7082.000	1568.570	20.000	0.000	4.000	0.000	0.000
64.000	7049.000	1568.700	20.000	0.000	4.000	0.000	0.000
64.000	7019.000	1568.700	20.000	0.000	4.000	0.000	0.000
64.000	6966.000	1568.700	20.000	0.000	4.000	0.000	0.000
64.000	6966.000	1568.570	20.000	0.000	4.000	0.000	0.000
64.000	6973.000	1568.700	20.000	0.000	4.000	0.000	0.000
64.000	6968.000	1568.570	20.000	0.000	4.000	0.000	0.000
64.000	6995.000	1568.700	20.000	0.000	4.000	0.000	0.000
80.000	7018.000	1568.700	20.000	0.000	4.000	0.000	0.000
64.000	7029.000	1568.570	20.000	0.000	4.000	0.000	0.000
63.000	7033.000	1568.570	20.000	0.000	4.000	0.000	0.000
64.000	7043.000	1568.570	20.000	0.000	4.000	0.000	0.000
65.000	7049.000	1568.570	20.000	0.000	4.000	0.000	0.000
64.000	7050.000	1568.700	20.000	0.000	4.000	0.000	0.000
64.000	7055.000	1568.570	20.000	0.000	4.000	0.000	0.000
63.000	7062.000	1568.570	20.000	0.000	4.000	0.000	0.000
64.000	7070.000	1568.570	20.000	0.000	4.000	0.000	0.000
64.000	7074.000	1568.570	20.000	0.000	4.000	0.000	0.000
64.000	7078.000	1568.700	20.000	0.000	4.000	0.000	0.000
64.000	7052.000	1568.700	20.000	0.000	4.000	0.000	0.000
80.000	7018.000	1568.570	20.000	0.000	4.000	0.000	0.000
64.000	7019.000	1568.700	20.000	0.000	4.000	0.000	0.000
64.000	7024.000	1568.570	20.000	0.000	4.000	0.000	0.000
64.000	7030.000	1568.570	20.000	0.000	4.000	0.000	0.000
63.000	7032.000	1568.700	20.000	0.000	4.000	0.000	0.000
64.000	7039.000	1568.570	20.000	0.000	4.000	0.000	0.000
64.000	7040.000	1568.700	20.000	0.000	4.000	0.000	0.000
64.000	7047.000	1568.570	20.000	0.000	4.000	0.000	0.000
64.000	7049.000	1568.700	20.000	0.000	4.000	0.000	0.000
64.000	7053.000	1568.700	20.000	0.000	4.000	0.000	0.000
64.000	7058.000	1568.570	20.000	0.000	4.000	0.000	0.000
80.000	7068.000	1568.570	20.000	0.000	4.000	0.000	0.000
64.000	7065.000	1568.570	20.000	0.000	4.000	0.000	0.000
63.000	7067.000	1568.700	20.000	0.000	4.000	0.000	0.000
65.000	7075.000	1568.700	20.000	0.000	4.000	0.000	0.000
63.000	7072.000	1568.570	20.000	0.000	4.000	0.000	0.000
64.000	7083.000	1568.570	20.000	0.000	4.000	0.000	0.000
65.000	7082.000	1568.700	20.000	0.000	4.000	0.000	0.000
63.000	7085.000	1568.700	20.000	0.000	4.000	0.000	0.000
64.000	7089.000	1568.570	20.000	0.000	4.000	0.000	0.000
65.000	7095.000	1568.570	20.000	0.000	4.000	0.000	0.000
63.000	7098.000	1568.700	20.000	0.000	4.000	0.000	0.000
64.000	7105.000	1568.700	20.000	0.000	4.000	0.000	0.000
80.000	7099.000	1568.570	20.000	0.000	4.000	0.000	0.000
64.000	7110.000	1568.570	20.000	0.000	4.000	0.000	0.000
64.000	7112.000	1568.570	20.000	0.000	4.000	0.000	0.000
64.000	7120.000	1568.570	20.000	0.000	4.000	0.000	0.000
63.000	7123.000	1568.570	20.000	0.000	4.000	0.000	0.000
65.000	7128.000	1568.700	20.000	0.000	4.000	0.000	0.000
63.000	7126.000	1568.570	20.000	0.000	4.000	0.000	0.000
65.000	7129.000	1568.700	20.000	0.000	4.000	0.000	0.000
63.000	7131.000	1568.700	20.000	0.000	4.000	0.000	0.000
64.000	7138.000	1568.700	20.000	0.000	4.000	0.000	0.000
64.000	7134.000	1568.700	20.000	0.000	4.000	0.000	0.000
64.000	7146.000	1568.570	20.000	0.000	4.000	0.000	0.000
80.000	7149.000	1568.440	20.000	0.000	4.000	0.000	0.000
64.000	7172.000	1568.570	20.000	0.000	4.000	0.000	0.000
64.000	7197.000	1568.570	20.000	0.000	4.000	0.000	0.000
64.000	7233.000	1568.700	20.000	0.000	4.000	0.000	0.000
64.000	7269.000	1568.570	20.000	0.000	4.000	0.000	0.000
64.000	7309.000	1568.700	20.000	0.000	4.000	0.000	0.000
64.000	7350.000	1568.570	20.000	0.000	4.000	0.000	0.000
63.000	7392.000	1568.700	20.000	0.000	4.000	0.000	0.000
64.000	7443.000	1568.570	20.000	0.000	4.000	0.000	0.000
65.000	7494.000	1568.440	20.000	0.000	4.000	0.000	0.000
64.000	7567.000	1568.700	20.000	0.000	4.000	0.000	0.000
63.000	7644.000	1568.570	20.000	0.000	4.000	0.000	0.000
80.000	7733.000	1568.570	20.000	0.000	4.000	0.000	0.000
64.000	7840.000	1568.570	20.000	0.000	4.000	0.000	0.000
64.000	7964.000	1568.700	20.000	0.000	4.000	0.000	0.000
64.000	8115.000	1568.700	20.000	0.000	4.000	0.000	0.000
64.000	8305.000	1568.570	20.000	0.000	4.000	0.000	0.000
64.000	8574.000	1568.700	20.000	0.000	4.000	0.000	0.000
64.000	9136.000	1568.700	20.000	0.000	4.000	0.000	0.000
63.000	9615.000	1569.080	20.000	0.000	4.000	0.000	0.000
65.000	9938.000	1569.590	20.000	0.000	4.000	0.000	0.000
63.000	10125.000	1569.970	20.000	0.000	4.000	0.000	0.000
64.000	10219.000	1570.740	20.000	0.000	4.000	0.000	0.000
81.000	10458.000	1571.500	20.000	0.000	4.000	0.000	0.000
63.000	10931.000	1572.520	20.000	0.000	4.000	0.000	0.000
64.000	11856.000	1573.670	20.000	0.000	4.000	0.000	0.000
64.000	13296.000	1574.680	20.000	0.000	4.000	0.000	0.000
64.000	14380.000	1575.580	20.000	0.000	4.000	0.000	0.000
64.000	14577.000	1575.830	20.000	0.000	4.000	0.000	0.000
64.000	14544.000	1575.450	20.000	0.000	4.000	0.000	0.000
64.000	14335.000	1574.300	20.000	0.000	4.000	0.000	0.000
64.000	13936.000	1573.030	20.000	0.000	4.000	0.000	0.000
64.000	13444.000	1571.880	20.000	0.000	4.000	0.000	0.000
64.000	12979.000	1570.990	20.000	0.000	4.000	0.000	0.000
64.000	12486.000	1570.350	20.000	0.000	4.000	0.000	0.000
80.000	11915.000	1569.590	20.000	0.000	4.000	0.000	0.000
63.000	11221.000	1569.210	20.000	0.000	4.000	0.000	0.000
64.000	10421.000	1568.830	20.000	0.000	4.000	0.000	0.000
64.000	10059.000	1568.570	20.000	0.000	4.000	0.000	0.000
64.000	9933.000	1568.320	20.000	0.000	4.000	0.000	0.000
63.000	9669.000	1568.320	20.000	0.000	4.000	0.000	0.000
65.000	9408.000	1568.320	20.000	0.000	4.000	0.000	0.000
63.000	9214.000	1568.190	20.000	0.000	4.000	0.000	0.000
65.000	9047.000	1568.190	20.000	0.000	4.000	0.000	0.000
63.000	8905.000	1568.190	20.000	0.000	4.000	0.000	0.000
64.000	7953.000	1568.320	20.000	0.000	4.000	0.000	0.000
65.000	7643.000	1568.320	20.000	0.000	4.000	0.000	0.000
80.000	7535.000	1568.320	20.000	0.000	4.000	0.000	0.000
64.000	7427.000	1568.320	20.000	0.000	4.000	0.000	0.000
63.000	7214.000	1568.320	20.000	0.000	4.000	0.000	0.000
64.000	7113.000	1568.190	20.000	0.000	4.000	0.000	0.000
64.000	7056.000	1568.190	20.000	0.000	4.000	0.000	0.000
64.000	7020.000	1568.320	20.000	0.000	4.000	0.000	0.000
64.000	6988.000	1568.320	20.000	0.000	4.000	0.000	0.000
64.000	6966.000	1568.320	20.000	0.000	4.000	0.000	0.000
64.000	6953.000	1568.320	20.000	0.000	4.000	0.000	0.000
64.000	6936.000	1568.320	20.000	0.000	4.000	0.000	0.000
64.000	6924.000	1568.190	20.000	0.000	4.000	0.000	0.000
79.000	6915.000	1568.320	20.000	0.000	4.000	0.000	0.000
65.000	6913.000	1568.190	20.000	0.000	4.000	0.000	0.000
63.000	6921.000	1568.320	20.000	0.000	4.000	0.000	0.000
65.000	6936.000	1568.320	20.000	0.000	4.000	0.000	0.000
63.000	6954.000	1568.320	20.000	0.000	4.000	0.000	0.000
64.000	6972.000	1568.320	20.000	0.000	4.000	0.000	0.000
64.000	6988.000	1568.320	20.000	0.000	4.000	0.000	0.000
64.000	6992.000	1568.320	20.000	0.000	4.000	0.000	0.000
64.000	6997.000	1568.190	20.000	0.000	4.000	0.000	0.000
64.000	7008.000	1568.320	20.000	0.000	4.000	0.000	0.000
64.000	7008.000	1568.320	20.000	0.000	4.000	0.000	0.000
63.000	7020.000	1568.320	20.000	0.000	4.000	0.000	0.000
81.000	7019.000	1568.320	20.000	0.000	4.000	0.000	0.000
64.000	7029.000	1568.320	20.000	0.000	4.000	0.000	0.000
64.000	7041.000	1568.320	20.000	0.000	4.000	0.000	0.000
64.000	7048.000	1568.440	20.000	0.000	4.000	0.000	0.000
63.000	7049.000	1568.440	20.000	0.000	4.000	0.000	0.000
64.000	7052.000	1568.320	20.000	0.000	4.000	0.000	0.000
64.000	7062.000	1568.440	20.000	0.000	4.000	0.000	0.000
64.000	7065.000	1568.320	20.000	0.000	4.000	0.000	0.000
64.000	7070.000	1568.320	20.000	0.000	4.000	0.000	0.000
64.000	7069.000	1568.440	20.000	0.000	4.000	0.000	0.000
64.000	7077.000	1568.320	20.000	0.000	4.000	0.000	0.000
64.000	7082.000	1568.440	20.000	0.000	4.000	0.000	0.000
80.000	7090.000	1568.440	20.000	0.000	4.000	0.000	0.000
63.000	7086.000	1568.440	20.000	0.000	4.000	0.000	0.000
64.000	7098.000	1568.440	20.000	0.000	4.000	0.000	0.000
65.000	7097.000	1568.440	20.000	0.000	4.000	0.000	0.000
64.000	7104.000	1568.440	20.000	0.000	4.000	0.000	0.000
63.000	7110.000	1568.440	20.000	0.000	4.000	0.000	0.000
64.000	7111.000	1568.440	20.000	0.000	4.000	0.000	0.000
64.000	7113.000	1568.440	20.000	0.000	4.000	0.000	0.000
63.000	7124.000	1568.440	20.000	0.000	4.000	0.000	0.000
65.000	7129.000	1568.320	20.000	0.000	4.000	0.000	0.000
64.000	7130.000	1568.440	20.000	0.000	4.000	0.000	0.000
79.000	7131.000	1568.570	20.000	0.000	4.000	0.000	0.000
65.000	7138.000	1568.440	20.000	0.000	4.000	0.000	0.000
64.000	7142.000	1568.440	20.000	0.000	4.000	0.000	0.000
63.000	7142.000	1568.440	20.000	0.000	4.000	0.000	0.000
65.000	7151.000	1568.440	20.000	0.000	4.000	0.000	0.000
63.000	7154.000	1568.440	20.000	0.000	4.000	0.000	0.000
65.000	7148.000	1568.440	20.000	0.000	4.000	0.000	0.000
63.000	7160.000	1568.440	20.000	0.000	4.000	0.000	0.000
64.000	7162.000	1568.440	20.000	0.000	4.000	0.000	0.000
64.000	7165.000	1568.440	20.000	0.000	4.000	0.000	0.000
63.000	7169.000	1568.440	20.000	0.000	4.000	0.000	0.000
65.000	7165.000	1568.440	20.000	0.000	4.000	0.000	0.000
79.000	7171.000	1568.440	20.000	0.000	4.000	0.000	0.000
65.000	7182.000	1568.440	20.000	0.000	4.000	0.000	0.000
64.000	7180.000	1568.440	20.000	0.000	4.000	0.000	0.000
64.000	7186.000	1568.570	20.000	0.000	4.000	0.000	0.000
64.000	7187.000	1568.570	20.000	0.000	4.000	0.000	0.000
64.000	7198.000	1568.440	20.000	0.000	4.000	0.000	0.000
64.000	7227.000	1568.440	20.000	0.000	4.000	0.000	0.000
63.000	7261.000	1568.320	20.000	0.000	4.000	0.000	0.000
64.000	7293.000	1568.440	20.000	0.000	4.000	0.000	0.000
64.000	7324.000	1568.440	20.000	0.000	4.000	0.000	0.000
64.000	7367.000	1568.570	20.000	0.000	4.000	0.000	0.000
64.000	7413.000	1568.570	20.000	0.000	4.000	0.000	0.000
80.000	7460.000	1568.440	20.000	0.000	4.000	0.000	0.000
64.000	7513.000	1568.440	20.000	0.000	4.000	0.000	0.000
63.000	7578.000	1568.570	20.000	0.000	4.000	0.000	0.000
64.000	7646.000	1568.570	20.000	0.000	4.000	0.000	0.000
65.000	7732.000	1568.570	20.000	0.000	4.000	0.000	0.000
64.000	7826.000	1568.440	20.000	0.000	4.000	0.000	0.000
64.000	7930.000	1568.700	20.000	0.000	4.000	0.000	0.000
64.000	8066.000	1568.440	20.000	0.000	4.000	0.000	0.000
63.000	8228.000	1568.570	20.000	0.000	4.000	0.000	0.000
64.000	8444.000	1568.570	20.000	0.000	4.000	0.000	0.000
64.000	8828.000	1568.440	20.000	0.000	4.000	0.000	0.000
80.000	9414.000	1568.570	20.000	0.000	4.000	0.000	0.000
64.000	9765.000	1569.210	20.000	0.000	4.000	0.000	0.000
64.000	10038.000	1569.720	20.000	0.000	4.000	0.000	0.000
64.000	10150.000	1570.350	20.000	0.000	4.000	0.000	0.000
64.000	10307.000	1571.120	20.000	0.000	4.000	0.000	0.000
64.000	10609.000	1572.010	20.000	0.000	4.000	0.000	0.000
64.000	11327.000	1573.030	20.000	0.000	4.000	0.000	0.000
64.000	12562.000	1574.050	20.000	0.000	4.000	0.000	0.000
64.000	14115.000	1575.190	20.000	0.000	4.000	0.000	0.000
64.000	14545.000	1575.830	20.000	0.000	4.000	0.000	0.000
64.000	14735.000	1575.700	20.000	0.000	4.000	0.000	0.000
63.000	14654.000	1575.070	20.000	0.000	4.000	0.000	0.000
80.000	14319.000	1573.920	20.000	0.000	4.000	0.000	0.000
64.000	13853.000	1572.520	20.000	0.000	4.000	0.000	0.000
64.000	13384.000	1571.370	20.000	0.000	4.000	0.000	0.000
64.000	12889.000	1570.740	20.000	0.000	4.000	0.000	0.000
64.000	12309.000	1569.970	20.000	0.000	4.000	0.000	0.000
64.000	11738.000	1569.460	20.000	0.000	4.000	0.000	0.000
64.000	10914.000	1568.950	20.000	0.000	4.000	0.000	0.000
64.000	10301.000	1568.700	20.000	0.000	4.000	0.000	0.000
63.000	9975.000	1568.440	20.000	0.000	4.000	0.000	0.000
65.000	9866.000	1568.190	20.000	0.000	4.000	0.000	0.000
63.000	9584.000	1568.190	20.000	0.000	4.000	0.000	0.000
65.000	9357.000	1568.060	20.000	0.000	4.000	0.000	0.000
79.000	9171.000	1568.190	20.000	0.000	4.000	0.000	0.000
65.000	9002.000	1568.190	20.000	0.000	4.000	0.000	0.000
63.000	8870.000	1568.190	20.000	0.000	4.000	0.000	0.000
64.000	7865.000	1568.190	20.000	0.000	4.000	0.000	0.000
64.000	7589.000	1568.060	20.000	0.000	4.000	0.000	0.000
64.000	7479.000	1568.190	20.000	0.000	4.000	0.000	0.000
63.000	7321.000	1568.320	20.000	0.000	4.000	0.000	0.000
65.000	7144.000	1568.060	20.000	0.000	4.000	0.000	0.000
64.000	7058.000	1568.320	20.000	0.000	4.000	0.000	0.000
63.000	7010.000	1568.190	20.000	0.000	4.000	0.000	0.000
65.000	6980.000	1568.190	20.000	0.000	4.000	0.000	0.000
80.000	6959.000	1568.190	20.000	0.000	4.000	0.000	0.000
64.000	6939.000	1568.190	20.000	0.000	4.000	0.000	0.000
63.000	6929.000	1568.190	20.000	0.000	4.000	0.000	0.000
64.000	6914.000	1568.190	20.000	0.000	4.000	0.000	0.000
64.000	6900.000	1568.190	20.000	0.000	4.000	0.000	0.000
64.000	6896.000	1568.190	20.000	0.000	4.000	0.000	0.000
64.000	6891.000	1568.190	20.000	0.000	4.000	0.000	0.000
64.000	6891.000	1568.190	20.000	0.000	4.000	0.000	0.000
64.000	6910.000	1568.190	20.000	0.000	4.000	0.000	0.000
64.000	6925.000	1568.190	20.000	0.000	4.000	0.000	0.000
63.000	6949.000	1568.320	20.000	0.000	4.000	0.000	0.000
65.000	6962.000	1568.320	20.000	0.000	4.000	0.000	0.000
80.000	6971.000	1568.320	20.000	0.000	4.000	0.000	0.000
64.000	6981.000	1568.190	20.000	0.000	4.000	0.000	0.000
64.000	6989.000	1568.320	20.000	0.000	4.000	0.000	0.000
63.000	6998.000	1568.320	20.000	0.000	4.000	0.000	0.000
65.000	7001.000	1568.440	20.000	0.000	4.000	0.000	0.000
63.000	7007.000	1568.320	20.000	0.000	4.000	0.000	0.000
64.000	7010.000	1568.320	20.000	0.000	4.000	0.000	0.000
64.000	7022.000	1568.320	20.000	0.000	4.000	0.000	0.000
64.000	7020.000	1568.320	20.000	0.000	4.000	0.000	0.000
63.000	7028.000	1568.320	20.000	0.000	4.000	0.000	0.000
64.000	7036.000	1568.320	20.000	0.000	4.000	0.000	0.000
64.000	7045.000	1568.320	20.000	0.000	4.000	0.000	0.000
81.000	7046.000	1568.440	20.000	0.000	4.000	0.000	0.000
64.000	7061.000	1568.320	20.000	0.000	4.000	0.000	0.000
63.000	7063.000	1568.320	20.000	0.000	4.000	0.000	0.000
64.000	7057.000	1568.320	20.000	0.000	4.000	0.000	0.000
64.000	7070.000	1568.320	20.000	0.000	4.000	0.000	0.000
64.000	7075.000	1568.320	20.000	0.000	4.000	0.000	0.000
64.000	7082.000	1568.440	20.000	0.000	4.000	0.000	0.000
64.000	7080.000	1568.320	20.000	0.000	4.000	0.000	0.000
64.000	7086.000	1568.320	20.000	0.000	4.000	0.000	0.000
64.000	7090.000	1568.440	20.000	0.000	4.000	0.000	0.000
64.000	7093.000	1568.440	20.000	0.000	4.000	0.000	0.000
80.000	7094.000	1568.320	20.000	0.000	4.000	0.000	0.000
64.000	7096.000	1568.320	20.000	0.000	4.000	0.000	0.000
64.000	7097.000	1568.440	20.000	0.000	4.000	0.000	0.000
63.000	7104.000	1568.440	20.000	0.000	4.000	0.000	0.000
65.000	7113.000	1568.440	20.000	0.000	4.000	0.000	0.000
63.000	7116.000	1568.440	20.000	0.000	4.000	0.000	0.000
64.000	7117.000	1568.190	20.000	0.000	4.000	0.000	0.000
64.000	7125.000	1568.440	20.000	0.000	4.000	0.000	0.000
64.000	7124.000	1568.440	20.000	0.000	4.000	0.000	0.000
64.000	7126.000	1568.320	20.000	0.000	4.000	0.000	0.000
64.000	7130.000	1568.440	20.000	0.000	4.000	0.000	0.000
64.000	7135.000	1568.320	20.000	0.000	4.000	0.000	0.000
80.000	7137.000	1568.440	20.000	0.000	4.000	0.000	0.000
63.000	7144.000	1568.440	20.000	0.000	4.000	0.000	0.000
65.000	7146.000	1568.570	20.000	0.000	4.000	0.000	0.000
63.000	7149.000	1568.440	20.000	0.000	4.000	0.000	0.000
64.000	7146.000	1568.570	20.000	0.000	4.000	0.000	0.000
65.000	7155.000	1568.440	20.000	0.000	4.000	0.000	0.000
63.000	7162.000	1568.440	20.000	0.000	4.000	0.000	0.000
64.000	7169.000	1568.570	20.000	0.000	4.000	0.000	0.000
64.000	7165.000	1568.440	20.000	0.000	4.000	0.000	0.000
64.000	7167.000	1568.440	20.000	0.000	4.000	0.000	0.000
64.000	7176.000	1568.440	20.000	0.000	4.000	0.000	0.000
64.000	7180.000	1568.440	20.000	0.000	4.000	0.000	0.000
80.000	7181.000	1568.440	20.000	0.000	4.000	0.000	0.000
64.000	7182.000	1568.570	20.000	0.000	4.000	0.000	0.000
64.000	7179.000	1568.440	20.000	0.000	4.000	0.000	0.000
63.000	7185.000	1568.440	20.000	0.000	4.000	0.000	0.000
65.000	7195.000	1568.440	20.000	0.000	4.000	0.000	0.000
63.000	7194.000	1568.440	20.000	0.000	4.000	0.000	0.000
64.000	7193.000	1568.570	20.000	0.000	4.000	0.000	0.000
64.000	7196.000	1568.440	20.000	0.000	4.000	0.000	0.000
64.000	7205.000	1568.440	20.000	0.000	4.000	0.000	0.000
64.000	7205.000	1568.440	20.000	0.000	4.000	0.000	0.000
64.000	7210.000	1568.440	20.000	0.000	4.000	0.000	0.000
64.000	7207.000	1568.440	20.000	0.000	4.000	0.000	0.000
80.000	7216.000	1568.440	20.000	0.000	4.000	0.000	0.000
64.000	7214.000	1568.570	20.000	0.000	4.000	0.000	0.000
64.000	7222.000	1568.570	20.000	0.000	4.000	0.000	0.000
64.000	7224.000	1568.570	20.000	0.000	4.000	0.000	0.000
64.000	7221.000	1568.440	20.000	0.000	4.000	0.000	0.000
64.000	7220.000	1568.570	20.000	0.000	4.000	0.000	0.000
63.000	7228.000	1568.440	20.000	0.000	4.000	0.000	0.000
64.000	7232.000	1568.570	20.000	0.000	4.000	0.000	0.000
64.000	7238.000	1568.440	20.000	0.000	4.000	0.000	0.000
65.000	7236.000	1568.570	20.000	0.000	4.000	0.000	0.000
63.000	7240.000	1568.440	20.000	0.000	4.000	0.000	0.000
80.000	7239.000	1568.440	20.000	0.000	4.000	0.000	0.000
64.000	7240.000	1568.570	20.000	0.000	4.000	0.000	0.000
63.000	7246.000	1568.440	20.000	0.000	4.000	0.000	0.000
65.000	7238.000	1568.570	20.000	0.000	4.000	0.000	0.000
63.000	7240.000	1568.440	20.000	0.000	4.000	0.000	0.000
65.000	7248.000	1568.570	20.000	0.000	4.000	0.000	0.000
63.000	7257.000	1568.570	20.000	0.000	4.000	0.000	0.000
65.000	7252.000	1568.570	20.000	0.000	4.000	0.000	0.000
63.000	7256.000	1568.440	20.000	0.000	4.000	0.000	0.000
64.000	7256.000	1568.570	20.000	0.000	4.000	0.000	0.000
64.000	7254.000	1568.440	20.000	0.000	4.000	0.000	0.000
64.000	7261.000	1568.570	20.000	0.000	4.000	0.000	0.000
80.000	7261.000	1568.570	20.000	0.000	4.000	0.000	0.000
64.000	7261.000	1568.440	20.000	0.000	4.000	0.000	0.000
64.000	7263.000	1568.570	20.000	0.000	4.000	0.000	0.000
64.000	7262.000	1568.570	20.000	0.000	4.000	0.000	0.000
64.000	7273.000	1568.440	20.000	0.000	4.000	0.000	0.000
64.000	7267.000	1568.570	20.000	0.000	4.000	0.000	0.000
63.000	7269.000	1568.440	20.000	0.000	4.000	0.000	0.000
65.000	7270.000	1568.570	20.000	0.000	4.000	0.000	0.000
63.000	7272.000	1568.570	20.000	0.000	4.000	0.000	0.000
64.000	7271.000	1568.570	20.000	0.000	4.000	0.000	0.000
64.000	7275.000	1568.570	20.000	0.000	4.000	0.000	0.000
80.000	7275.000	1568.570	20.000	0.000	4.000	0.000	0.000
64.000	7282.000	1568.570	20.000	0.000	4.000	0.000	0.000
67.000	7282.000	1568.440	20.000	0.000	4.000	0.000	0.000
