Loop Time (ms)	IR (16 bit)	Force (N)
259	10688	1533.83
55	10696	1533.96
64	10694	1533.96
65	10692	1533.83
79	10691	1533.83
64	10693	1533.83
64	10696	1533.96
64	10697	1533.96
64	10694	1533.96
64	10693	1533.96
64	10696	1533.96
64	10698	1533.96
64	10692	1533.96
64	10697	1533.83
63	10698	1533.83
65	10696	1533.96
80	10694	1533.96
64	10692	1533.96
63	10694	1533.96
65	10696	1533.96
64	10694	1533.83
63	10691	1533.96
65	10696	1533.96
64	10699	1533.96
64	10694	1533.96
63	10695	1533.96
64	10696	1534.08
65	10695	1533.96
63	10695	1533.96
81	10696	1533.83
63	10695	1533.96
64	10698	1533.96
64	10693	1533.96
64	10695	1533.96
64	10694	1533.83
64	10702	1533.96
64	10696	1533.83
64	10697	1533.96
64	10693	1533.83
64	10697	1533.96
64	10695	1533.96
80	10698	1533.96
64	10694	1533.96
64	10695	1533.96
64	10697	1533.96
64	10695	1533.96
63	10695	1533.96
65	10699	1533.96
63	10696	1533.96
64	10693	1533.83
64	10694	1533.96
64	10695	1533.83
64	10698	1533.96
81	10700	1533.96
63	10697	1533.96
64	10695	1534.08
64	10695	1533.83
65	10698	1533.83
63	10693	1533.96
64	10696	1533.96
64	10696	1533.83
64	10694	1533.96
64	10696	1533.96
64	10695	1533.96
64	10694	1533.96
80	10698	1533.96
64	10699	1533.96
64	10696	1534.08
64	10696	1533.83
64	10696	1533.96
64	10695	1533.96
64	10694	1533.96
64	10697	1533.96
64	10696	1533.96
64	10699	1533.96
64	10693	1533.96
64	10698	1533.96
80	10697	1533.96
63	10695	1533.96
64	10694	1533.96
64	10699	1533.96
64	10691	1534.08
64	10698	1533.96
64	10697	1533.96
64	10699	1533.96
65	10696	1533.96
63	10700	1533.96
64	10697	1533.96
64	10696	1533.96
80	10693	1533.96
65	10699	1533.96
64	10699	1533.96
63	10699	1533.96
65	10698	1533.96
63	10699	1533.96
64	10697	1533.96
65	10693	1533.96
63	10700	1533.96
64	10698	1533.96
64	10697	1533.83
63	10697	1533.96
81	10694	1533.96
64	10698	1533.96
63	10696	1533.96
65	10692	1533.96
63	10698	1533.96
65	10696	1533.96
64	10698	1534.08
63	10698	1533.96
64	10700	1533.96
65	10698	1533.96
63	10700	1533.96
65	10695	1533.96
80	10694	1533.96
64	10693	1533.96
64	10698	1533.96
63	10697	1533.96
64	10702	1533.96
64	10696	1533.96
64	10699	1533.96
64	10698	1533.96
64	10700	1533.96
64	10698	1533.96
65	10700	1533.96
63	10698	1533.96
80	10697	1533.96
64	10697	1533.96
64	10694	1533.96
64	10699	1533.96
64	10699	1534.08
64	10695	1533.96
63	10701	1533.96
65	10695	1533.96
64	10696	1533.96
64	10696	1533.96
64	10699	1534.08
64	10698	1533.96
80	10701	1533.96
64	10697	1533.96
64	10701	1533.96
63	10697	1533.96
64	10696	1533.96
64	10697	1533.96
64	10700	1533.96
64	10698	1533.96
64	10703	1533.96
65	10698	1533.96
63	10703	1533.96
64	10699	1533.96
81	10701	1533.96
64	10701	1533.96
64	10700	1533.96
64	10698	1533.96
63	10698	1533.96
64	10697	1533.96
64	10700	1533.96
64	10696	1533.96
64	10701	1533.96
64	10699	1533.96
64	10702	1533.96
64	10697	1533.96
80	10699	1534.08
64	10699	1533.96
64	10696	1534.08
64	10700	1534.08
64	10700	1533.96
63	10698	1533.96
64	10697	1534.08
64	10701	1533.96
64	10701	1534.08
64	10693	1533.96
64	10698	1533.96
64	10699	1533.96
80	10701	1533.83
64	10704	1533.96
64	10699	1533.96
64	10699	1533.96
64	10700	1534.08
65	10701	1533.96
63	10696	1533.96
64	10702	1533.96
64	10698	1534.08
65	10698	1533.96
63	10698	1534.08
64	10700	1533.96
80	10699	1533.96
64	10698	1533.96
64	10700	1533.83
64	10704	1534.08
64	10722	1533.83
64	10735	1534.08
64	10746	1533.96
64	10761	1533.96
64	10777	1533.96
63	10796	1533.96
65	10807	1533.96
64	10821	1533.96
79	10841	1533.96
64	10861	1533.96
64	10879	1533.83
64	10903	1533.96
64	10922	1533.96
65	10941	1533.83
64	10962	1533.83
63	10985	1533.96
65	11001	1533.96
64	11027	1533.96
63	11045	1534.08
64	11072	1533.96
64	11100	1533.83
81	11124	1534.08
64	11149	1533.96
63	11180	1533.96
64	11204	1533.96
65	11235	1534.08
64	11258	1533.96
63	11294	1533.96
64	11315	1533.96
64	11343	1533.96
64	11379	1534.08
64	11411	1534.08
64	11450	1533.96
80	11479	1533.96
64	11516	1534.08
64	11551	1533.96
64	11593	1534.08
64	11634	1534.08
64	11680	1534.08
64	11718	1534.08
63	11766	1533.96
65	11806	1533.96
63	11859	1533.96
65	11910	1533.96
64	11957	1533.96
80	12010	1533.96
63	12064	1534.08
64	12106	1534.21
64	12159	1534.6
64	12214	1534.98
64	12265	1535.49
65	12329	1536
64	12393	1536.64
63	12459	1537.15
64	12412	1536.64
64	12347	1536
65	12281	1535.49
79	12221	1534.98
64	12175	1534.6
64	12120	1534.47
64	12074	1534.21
64	12028	1534.21
64	11974	1534.21
64	11928	1534.21
64	11875	1534.21
64	11825	1534.08
64	11781	1534.08
63	11736	1533.96
65	11692	1534.08
79	11647	1534.08
65	11614	1534.08
64	11570	1534.08
63	11533	1533.96
65	11498	1534.08
64	11461	1534.08
64	11423	1534.08
63	11390	1534.08
64	11361	1534.08
64	11331	1534.08
64	11298	1533.96
64	11271	1534.08
81	11244	1534.08
63	11212	1533.96
64	11189	1534.08
64	11162	1533.96
66	11138	1534.08
63	11107	1534.08
64	11085	1533.96
63	11068	1534.08
64	11035	1534.08
64	11011	1533.96
64	10990	1534.08
65	10973	1533.96
79	10948	1534.08
64	10928	1534.08
64	10908	1534.08
64	10890	1534.08
64	10870	1534.08
64	10850	1534.08
64	10834	1533.96
63	10815	1534.08
64	10799	1534.08
64	10785	1534.08
64	10765	1533.96
64	10754	1534.08
80	10742	1534.08
64	10724	1534.08
64	10708	1534.08
65	10698	1533.96
64	10702	1534.08
64	10707	1534.08
64	10704	1534.08
63	10704	1534.08
64	10705	1534.08
65	10702	1534.08
63	10700	1534.08
64	10701	1533.96
81	10702	1534.08
63	10704	1534.08
64	10702	1534.08
64	10700	1533.96
79	10703	1534.08
49	10703	1533.96
63	10703	1534.08
65	10705	1534.08
64	10702	1534.08
64	10704	1534.08
63	10703	1534.08
64	10702	1534.08
81	10703	1533.96
64	10701	1534.08
64	10704	1534.08
63	10701	1534.08
65	10701	1534.08
63	10700	1534.08
64	10700	1533.96
64	10703	1534.08
65	10704	1534.21
63	10705	1534.08
65	10704	1534.08
64	10700	1533.96
80	10704	1534.08
95	10701	1534.08
32	10702	1533.96
64	10705	1533.96
64	10703	1534.08
64	10701	1534.08
64	10702	1534.08
64	10707	1534.08
64	10702	1534.08
64	10706	1534.08
64	10704	1534.08
64	10704	1533.96
83	10705	1534.08
61	10707	1534.08
63	10706	1533.96
64	10702	1534.08
65	10707	1534.08
65	10707	1534.08
63	10704	1534.21
64	10702	1534.08
65	10705	1533.96
62	10703	1534.08
64	10705	1534.08
65	10707	1534.08
79	10703	1534.08
66	10701	1533.96
62	10702	1534.08
65	10705	1534.08
63	10705	1534.08
64	10704	1534.08
64	10707	1534.08
64	10705	1534.08
64	10705	1534.08
64	10704	1534.08
64	10704	1534.08
64	10704	1533.96
65	10700	1534.08
79	10705	1534.08
64	10705	1534.08
64	10703	1534.08
64	10704	1534.08
64	10701	1534.08
65	10704	1534.08
63	10706	1534.08
69	10701	1534.08
59	10701	1534.08
64	10706	1534.08
96	10707	1534.08
32	10705	1533.96
80	10706	1534.08
64	10703	1534.08
64	10703	1534.08
64	10705	1534.08
63	10705	1534.08
64	10708	1534.21
64	10701	1534.08
65	10704	1534.08
63	10703	1534.08
65	10706	1534.21
63	10703	1533.96
65	10705	1534.08
79	10709	1534.08
65	10706	1534.08
63	10711	1534.08
64	10728	1534.08
65	10740	1534.08
63	10755	1534.08
65	10771	1533.96
63	10788	1534.08
64	10801	1534.08
65	10819	1534.08
63	10829	1534.08
64	10854	1534.08
80	10875	1533.96
64	10894	1534.08
64	10911	1534.08
64	10932	1533.96
64	10948	1533.96
64	10973	1533.96
64	10991	1534.08
64	11010	1534.08
64	11037	1534.08
64	11058	1534.08
64	11085	1534.08
64	11110	1533.96
79	11137	1533.96
65	11164	1534.08
64	11191	1533.96
63	11215	1534.08
64	11242	1533.96
64	11278	1534.08
65	11300	1534.21
64	11333	1533.96
63	11362	1534.21
64	11398	1534.21
64	11426	1534.08
64	11461	1533.96
80	11497	1534.08
64	11534	1534.08
64	11572	1534.08
64	11610	1534.08
64	11649	1534.08
64	11696	1533.96
63	11736	1534.08
65	11784	1534.08
64	11835	1534.21
64	11874	1534.08
64	11922	1534.21
64	11977	1534.08
80	12029	1534.21
64	12081	1534.34
64	12125	1534.34
64	12177	1534.72
63	12235	1535.11
65	12290	1535.62
64	12352	1536.13
63	12417	1536.9
65	12465	1537.41
63	12411	1536.77
64	12339	1535.87
64	12280	1535.49
80	12220	1534.98
64	12167	1534.6
65	12118	1534.34
63	12078	1534.21
65	12026	1534.08
63	11971	1534.21
64	11922	1534.08
64	11871	1534.08
65	11826	1534.08
63	11780	1534.21
64	11730	1534.08
64	11685	1534.08
79	11649	1534.08
65	11606	1534.08
64	11571	1534.21
64	11526	1534.08
64	11496	1534.08
64	11456	1534.21
63	11427	1534.08
64	11393	1534.08
65	11364	1534.08
64	11325	1534.21
64	11294	1534.08
63	11274	1533.96
81	11241	1534.08
64	11220	1534.21
63	11195	1534.08
65	11164	1534.08
63	11140	1534.08
64	11115	1534.08
65	11084	1534.08
63	11058	1534.08
64	11037	1534.08
64	11015	1534.08
64	11000	1534.08
65	10973	1534.21
79	10952	1534.21
64	10933	1534.21
64	10907	1534.21
64	10892	1534.08
64	10875	1534.08
63	10858	1534.21
65	10837	1534.08
64	10820	1534.21
64	10802	1534.21
64	10789	1534.08
64	10771	1534.08
64	10758	1534.08
79	10745	1534.08
64	10728	1534.21
64	10716	1534.08
65	10702	1534.08
64	10705	1534.08
64	10712	1534.08
64	10707	1534.08
64	10707	1534.21
63	10710	1534.08
65	10706	1534.08
63	10711	1534.21
64	10712	1534.08
81	10709	1534.08
63	10708	1534.21
64	10708	1534.21
64	10708	1534.21
64	10712	1534.21
64	10709	1534.21
64	10707	1534.21
64	10706	1534.08
64	10706	1534.08
63	10708	1534.08
65	10711	1534.08
64	10704	1534.08
80	10709	1534.08
64	10707	1534.21
64	10710	1534.08
63	10707	1534.08
64	10708	1533.96
64	10706	1533.96
64	10709	1534.08
65	10708	1534.08
64	10705	1534.08
64	10708	1534.08
63	10707	1534.21
64	10707	1534.08
80	10712	1534.21
65	10712	1534.08
63	10714	1534.21
64	10712	1534.21
64	10708	1534.08
64	10709	1534.08
64	10706	1534.21
64	10708	1534.08
64	10706	1534.08
64	10709	1534.08
64	10708	1534.21
65	10707	1534.08
63	10711	1534.08
80	10712	1534.08
64	10711	1534.08
65	10711	1534.08
63	10709	1534.08
64	10710	1534.21
64	10708	1534.34
64	10708	1534.08
63	10705	1534.21
64	10706	1534.08
65	10707	1534.08
63	10708	1534.21
65	10710	1534.21
80	10710	1534.08
64	10707	1534.08
63	10708	1534.08
64	10708	1534.08
65	10709	1534.08
64	10709	1534.21
63	10710	1534.21
64	10709	1534.21
65	10709	1534.08
64	10710	1534.21
63	10708	1534.21
64	10709	1534.08
80	10713	1534.21
64	10708	1534.21
64	10707	1534.21
64	10709	1534.08
65	10709	1534.08
63	10709	1534.21
64	10711	1534.21
64	10709	1534.08
64	10710	1534.08
64	10715	1534.21
64	10711	1534.08
64	10708	1534.21
80	10706	1534.08
64	10712	1534.08
64	10710	1534.08
64	10712	1534.08
64	10710	1533.96
63	10709	1534.21
65	10709	1534.21
64	10712	1534.21
64	10712	1534.08
64	10709	1534.08
63	10709	1534.08
64	10707	1534.34
80	10712	1534.21
65	10715	1534.21
63	10727	1534.08
65	10747	1534.08
63	10756	1534.08
65	10770	1534.08
63	10790	1534.08
64	10806	1534.08
64	10819	1534.08
65	10842	1534.08
63	10852	1534.21
64	10878	1534.08
80	10884	1534.08
64	10905	1534.21
63	10930	1534.21
65	10947	1534.21
64	10970	1534.21
64	10997	1534.21
64	11013	1534.08
64	11034	1534.21
64	11061	1534.21
63	11083	1534.21
65	11116	1534.21
64	11136	1534.21
80	11160	1534.08
63	11193	1534.08
64	11214	1534.08
65	11244	1534.08
63	11274	1534.08
65	11303	1534.08
63	11333	1534.08
65	11358	1534.21
63	11392	1534.08
65	11427	1534.21
63	11462	1534.08
64	11496	1534.21
80	11542	1534.21
64	11568	1534.21
64	11609	1534.21
65	11652	1534.08
63	11693	1534.21
64	11740	1534.21
64	11781	1534.21
64	11826	1534.21
64	11876	1534.08
63	11926	1534.08
65	11975	1534.21
64	12027	1534.21
80	12080	1534.21
64	12125	1534.47
63	12178	1534.72
65	12225	1535.11
63	12284	1535.62
64	12345	1536.26
65	12411	1536.77
64	12478	1537.66
63	12448	1537.15
64	12374	1536.39
64	12314	1535.75
64	12251	1535.23
80	12196	1534.85
64	12147	1534.6
65	12097	1534.47
63	12052	1534.21
64	12000	1534.34
64	11949	1534.21
64	11899	1534.34
65	11850	1534.21
63	11799	1534.08
64	11761	1534.21
64	11714	1534.08
64	11672	1534.21
80	11627	1534.34
64	11589	1534.08
64	11552	1534.21
64	11510	1534.21
64	11483	1534.21
64	11443	1534.21
63	11413	1534.08
65	11378	1534.21
64	11352	1534.21
64	11321	1534.21
63	11293	1534.21
64	11264	1534.08
80	11235	1534.21
64	11202	1534.21
64	11181	1534.21
65	11152	1534.21
63	11128	1534.21
64	11100	1534.08
64	11074	1534.08
64	11050	1534.21
64	11025	1534.21
64	11003	1534.21
65	10988	1534.21
63	10964	1534.21
80	10947	1534.08
64	10926	1534.21
64	10900	1534.21
64	10888	1534.21
64	10869	1534.08
64	10851	1534.21
64	10834	1534.21
64	10814	1534.08
63	10801	1534.21
64	10785	1534.08
64	10766	1534.21
65	10743	1534.08
79	10739	1534.21
65	10726	1534.21
63	10710	1534.08
65	10705	1534.21
63	10715	1534.21
64	10714	1534.08
64	10711	1534.21
65	10714	1534.21
63	10711	1534.08
64	10714	1534.21
64	10712	1534.21
64	10716	1534.21
80	10716	1534.21
65	10721	1534.21
63	10711	1534.21
65	10711	1534.21
63	10718	1534.08
64	10716	1534.08
64	10717	1534.21
64	10714	1534.08
64	10714	1534.21
65	10716	1534.21
63	10714	1534.21
63	10716	1534.21
81	10711	1534.08
63	10713	1534.34
65	10718	1534.21
64	10712	1534.08
64	10717	1534.21
64	10714	1534.21
63	10715	1534.08
64	10712	1534.34
65	10716	1534.08
64	10713	1534.21
64	10710	1534.34
64	10713	1534.21
79	10716	1534.21
64	10717	1534.21
64	10712	1534.21
64	10715	1534.21
64	10711	1534.21
64	10712	1534.08
65	10716	1534.21
64	10707	1534.21
63	10709	1534.08
65	10713	1534.21
64	10718	1534.21
64	10716	1534.21
63	10714	1534.21
80	10713	1534.21
64	10713	1534.21
64	10713	1534.34
65	10717	1534.08
62	10716	1534.21
65	10717	1534.21
63	10719	1534.08
65	10716	1534.21
64	10715	1534.08
63	10719	1534.21
65	10715	1534.08
64	10715	1534.21
80	10715	1534.21
64	10716	1534.21
63	10714	1534.08
64	10715	1534.21
64	10712	1534.08
64	10715	1534.21
64	10716	1534.21
64	10714	1534.34
64	10713	1534.21
65	10720	1534.21
63	10717	1534.08
64	10715	1534.21
80	10713	1534.08
64	10718	1534.21
64	10712	1534.21
64	10714	1534.21
63	10715	1534.21
65	10713	1534.21
64	10713	1534.21
64	10714	1534.21
64	10712	1534.21
64	10712	1534.21
63	10719	1534.34
65	10717	1534.21
80	10718	1534.21
64	10714	1534.21
64	10715	1534.21
63	10714	1534.21
64	10713	1534.21
64	10715	1534.21
65	10713	1534.21
64	10716	1534.21
63	10713	1534.08
64	10716	1534.21
64	10715	1534.21
64	10713	1534.21
80	10712	1534.08
64	10719	1534.21
64	10728	1534.21
64	10749	1534.21
64	10761	1534.08
64	10771	1534.08
64	10789	1534.34
64	10813	1534.21
64	10819	1534.21
64	10847	1534.21
64	10853	1534.21
64	10881	1534.08
80	10898	1534.21
63	10911	1534.34
64	10936	1534.21
64	10957	1534.21
65	10975	1534.34
63	10991	1534.21
64	11026	1534.21
65	11036	1534.21
63	11068	1534.21
64	11092	1534.08
65	11119	1534.21
63	11139	1534.21
81	11162	1534.08
64	11190	1534.21
63	11218	1534.08
64	11253	1534.21
64	11270	1534.34
65	11302	1534.21
64	11339	1534.08
64	11361	1534.21
63	11399	1534.21
64	11428	1534.21
64	11459	1534.21
64	11495	1534.21
80	11535	1534.21
64	11573	1534.21
64	11609	1534.21
64	11646	1534.21
64	11692	1534.21
64	11738	1534.34
63	11782	1534.21
65	11824	1534.21
64	11873	1534.21
63	11921	1534.34
65	11973	1534.08
63	12027	1534.21
81	12078	1534.47
64	12127	1534.47
64	12178	1534.85
64	12226	1535.11
63	12287	1535.49
64	12346	1536.13
64	12409	1536.9
64	12470	1537.41
64	12428	1537.02
64	12362	1536.26
64	12302	1535.75
64	12244	1535.23
80	12192	1534.85
65	12135	1534.47
63	12095	1534.47
64	12039	1534.34
63	11991	1534.21
65	11945	1534.21
64	11893	1534.21
64	11844	1534.34
64	11798	1534.34
64	11754	1534.34
64	11712	1534.21
64	11666	1534.21
80	11621	1534.21
63	11583	1534.21
65	11547	1534.21
64	11511	1534.21
63	11480	1534.34
65	11443	1534.21
63	11411	1534.21
65	11377	1534.34
64	11346	1534.21
63	11317	1534.21
64	11286	1534.21
64	11261	1534.34
80	11231	1534.34
64	11207	1534.21
64	11179	1534.34
65	11156	1534.21
63	11127	1534.21
64	11101	1534.21
64	11079	1534.21
64	11049	1534.21
64	11030	1534.34
64	11008	1534.21
64	10987	1534.21
63	10961	1534.21
81	10944	1534.21
64	10929	1534.21
64	10904	1534.21
64	10886	1534.34
64	10879	1534.08
64	10846	1534.21
64	10833	1534.34
64	10814	1534.21
63	10803	1534.21
64	10786	1534.34
64	10773	1534.21
65	10753	1534.08
80	10738	1534.21
63	10726	1534.21
64	10716	1534.34
64	10711	1534.34
65	10719	1534.21
64	10719	1534.21
63	10719	1534.21
65	10716	1534.34
64	10712	1534.21
63	10716	1534.21
64	10721	1534.21
64	10718	1534.34
80	10721	1534.21
64	10717	1534.21
64	10714	1534.21
64	10714	1534.21
64	10714	1534.21
64	10721	1534.21
64	10719	1534.34
63	10720	1534.34
64	10718	1534.34
64	10717	1534.21
65	10718	1534.21
63	10717	1534.34
80	10719	1534.21
65	10720	1534.34
64	10718	1534.34
63	10719	1534.34
64	10718	1534.21
64	10719	1534.21
64	10716	1534.21
64	10718	1534.21
64	10716	1534.34
64	10717	1534.21
64	10712	1534.21
64	10720	1534.21
80	10717	1534.21
64	10717	1534.21
64	10719	1534.34
64	10716	1534.21
64	10718	1534.21
64	10719	1534.08
64	10720	1534.21
64	10719	1534.34
63	10720	1534.21
65	10718	1534.34
64	10719	1534.34
64	10722	1534.21
80	10722	1534.21
63	10716	1534.21
65	10722	1534.21
63	10720	1534.21
65	10719	1534.21
64	10720	1534.21
64	10717	1534.08
63	10717	1534.21
64	10720	1534.21
64	10725	1534.21
65	10718	1534.21
64	10721	1534.34
64	10718	1534.34
79	10723	1534.21
64	10718	1534.34
64	10721	1534.34
64	10718	1534.34
64	10718	1534.21
64	10724	1534.21
64	10721	1534.21
64	10719	1534.34
64	10719	1534.21
64	10717	1534.34
64	10722	1534.21
64	10720	1534.34
80	10718	1534.21
64	10720	1534.21
64	10720	1534.21
64	10718	1534.21
64	10719	1534.34
63	10716	1534.21
65	10719	1534.21
63	10722	1534.34
65	10719	1534.34
64	10721	1534.21
64	10718	1534.21
64	10721	1534.21
80	10718	1534.34
64	10719	1534.34
64	10721	1534.21
63	10720	1534.21
64	10724	1534.34
65	10715	1534.34
64	10718	1534.08
64	10717	1534.34
63	10718	1534.21
65	10718	1534.34
63	10718	1534.34
65	10723	1534.21
80	10719	1534.34
63	10724	1534.34
64	10730	1534.21
64	10749	1534.34
63	10764	1534.21
65	10776	1534.34
63	10792	1534.21
65	10808	1534.34
63	10822	1534.21
65	10846	1534.21
63	10857	1534.21
65	10870	1534.08
80	10888	1534.21
63	10914	1534.21
65	10934	1534.21
64	10956	1534.21
64	10977	1534.21
64	11000	1534.34
64	11015	1534.34
64	11036	1534.34
63	11062	1534.21
64	11089	1534.34
65	11116	1534.34
63	11140	1534.21
80	11162	1534.21
64	11191	1534.34
64	11220	1534.34
65	11246	1534.21
63	11276	1534.21
64	11304	1534.34
64	11335	1534.21
65	11361	1534.21
63	11389	1534.21
64	11421	1534.34
64	11460	1534.21
64	11496	1534.21
80	11528	1534.34
64	11560	1534.21
64	11601	1534.34
64	11646	1534.21
64	11692	1534.21
63	11732	1534.34
65	11772	1534.21
64	11822	1534.34
63	11871	1534.21
64	11915	1534.21
65	11963	1534.21
63	12021	1534.21
81	12070	1534.34
63	12115	1534.47
65	12167	1534.72
64	12224	1535.23
63	12272	1535.49
65	12334	1536
64	12401	1536.77
63	12461	1537.41
65	12434	1537.02
63	12364	1536.39
64	12304	1535.62
65	12246	1535.23
79	12191	1534.85
64	12144	1534.6
64	12098	1534.47
64	12041	1534.34
64	11992	1534.34
64	11942	1534.34
64	11899	1534.34
63	11846	1534.47
64	11797	1534.47
65	11762	1534.34
64	11710	1534.34
63	11671	1534.47
80	11627	1534.34
65	11586	1534.34
63	11547	1534.21
65	11510	1534.34
64	11481	1534.34
64	11442	1534.34
64	11410	1534.34
63	11382	1534.34
64	11347	1534.34
64	11316	1534.34
64	11292	1534.34
64	11259	1534.21
80	11240	1534.34
64	11207	1534.21
64	11183	1534.21
64	11158	1534.34
64	11130	1534.34
64	11105	1534.34
64	11080	1534.34
64	11053	1534.21
64	11032	1534.34
64	11010	1534.34
64	10992	1534.34
64	10968	1534.21
80	10945	1534.34
64	10933	1534.34
64	10910	1534.34
64	10893	1534.34
64	10872	1534.34
64	10853	1534.21
64	10835	1534.21
64	10821	1534.34
63	10803	1534.34
65	10787	1534.21
64	10772	1534.34
63	10758	1534.21
80	10745	1534.21
64	10729	1534.21
65	10715	1534.34
64	10719	1534.34
63	10724	1534.21
65	10720	1534.21
63	10723	1534.21
64	10721	1534.34
64	10722	1534.34
64	10724	1534.21
64	10722	1534.34
64	10724	1534.34
80	10719	1534.34
64	10720	1534.21
64	10721	1534.34
64	10720	1534.34
64	10725	1534.34
64	10725	1534.21
63	10720	1534.34
64	10723	1534.34
64	10723	1534.34
65	10722	1534.21
63	10722	1534.34
65	10723	1534.21
79	10720	1534.34
65	10720	1534.21
64	10720	1534.34
63	10721	1534.08
64	10719	1534.21
64	10720	1534.21
65	10725	1534.34
63	10723	1534.34
64	10723	1534.21
65	10726	1534.34
63	10722	1534.34
64	10719	1534.34
80	10720	1534.21
64	10726	1534.21
64	10723	1534.34
64	10726	1534.34
63	10723	1534.21
65	10726	1534.21
64	10719	1534.34
64	10724	1534.34
64	10722	1534.34
64	10724	1534.21
63	10720	1534.34
64	10722	1534.47
65	10726	1534.34
80	10722	1534.34
64	10721	1534.34
64	10725	1534.34
63	10725	1534.34
64	10724	1534.34
64	10727	1534.34
64	10728	1534.34
65	10719	1534.34
64	10725	1534.47
64	10723	1534.34
63	10721	1534.21
64	10723	1534.34
81	10725	1534.34
63	10723	1534.34
64	10723	1534.34
64	10725	1534.34
64	10720	1534.47
64	10724	1534.34
64	10722	1534.47
64	10722	1534.21
64	10722	1534.34
64	10725	1534.34
64	10724	1534.34
64	10726	1534.21
79	10722	1534.21
65	10723	1534.21
64	10722	1534.21
64	10726	1534.21
64	10723	1534.34
63	10725	1534.34
65	10723	1534.21
64	10725	1534.34
64	10723	1534.21
63	10726	1534.34
64	10726	1534.34
64	10728	1534.34
81	10719	1534.34
64	10725	1534.21
63	10726	1534.21
65	10724	1534.34
64	10719	1534.34
63	10724	1534.21
65	10722	1534.34
63	10721	1534.21
64	10724	1534.34
64	10727	1534.34
64	10725	1534.21
64	10726	1534.34
80	10722	1534.34
64	10732	1534.34
64	10748	1534.34
64	10758	1534.34
64	10771	1534.21
64	10786	1534.34
64	10807	1534.34
64	10826	1534.34
64	10839	1534.34
63	10850	1534.21
65	10876	1534.34
63	10887	1534.34
81	10912	1534.34
63	10933	1534.34
65	10946	1534.21
63	10966	1534.34
64	10988	1534.34
64	11009	1534.21
64	11030	1534.34
64	11055	1534.34
64	11082	1534.47
65	11104	1534.21
63	11124	1534.21
65	11160	1534.34
80	11184	1534.34
63	11209	1534.34
64	11234	1534.34
65	11261	1534.34
63	11292	1534.34
64	11319	1534.47
64	11351	1534.34
64	11382	1534.34
65	11410	1534.34
63	11447	1534.34
64	11475	1534.21
64	11512	1534.34
80	11542	1534.47
64	11587	1534.34
64	11633	1534.34
64	11671	1534.34
64	11714	1534.34
64	11757	1534.34
64	11796	1534.34
63	11846	1534.34
64	11895	1534.34
64	11940	1534.34
64	11995	1534.34
65	12042	1534.34
80	12099	1534.47
64	12138	1534.72
63	12194	1534.98
64	12249	1535.36
64	12304	1535.87
65	12368	1536.51
63	12428	1537.02
65	12470	1537.41
63	12418	1536.9
64	12351	1536.13
64	12289	1535.62
64	12229	1535.11
80	12182	1534.85
64	12132	1534.6
64	12083	1534.47
64	12037	1534.47
64	11979	1534.47
64	11930	1534.34
64	11884	1534.47
64	11839	1534.34
65	11788	1534.47
63	11742	1534.34
64	11703	1534.34
64	11669	1534.34
80	11627	1534.34
64	11576	1534.47
64	11549	1534.34
63	11505	1534.34
65	11475	1534.34
63	11442	1534.34
65	11408	1534.34
63	11371	1534.34
65	11344	1534.34
64	11311	1534.34
63	11280	1534.34
65	11252	1534.34
79	11230	1534.34
65	11205	1534.47
63	11179	1534.34
64	11159	1534.34
65	11131	1534.34
64	11104	1534.21
63	11072	1534.47
64	11047	1534.34
63	11026	1534.34
65	11007	1534.34
64	10985	1534.47
64	10963	1534.21
79	10950	1534.34
65	10925	1534.34
63	10912	1534.34
64	10883	1534.47
66	10868	1534.34
62	10855	1534.34
65	10835	1534.47
64	10815	1534.34
63	10800	1534.34
64	10786	1534.47
65	10774	1534.47
64	10759	1534.47
79	10746	1534.34
65	10730	1534.34
63	10716	1534.34
64	10722	1534.34
64	10724	1534.34
65	10726	1534.47
64	10727	1534.34
63	10724	1534.34
65	10728	1534.34
63	10728	1534.34
64	10724	1534.34
64	10724	1534.34
80	10727	1534.47
64	10723	1534.34
64	10727	1534.47
64	10727	1534.34
63	10726	1534.34
65	10726	1534.47
64	10724	1534.47
63	10726	1534.34
65	10723	1534.34
63	10728	1534.34
65	10727	1534.34
64	10724	1534.34
79	10730	1534.34
64	10729	1534.21
64	10730	1534.34
64	10725	1534.34
64	10730	1534.34
64	10727	1534.34
64	10726	1534.34
65	10729	1534.47
64	10722	1534.34
63	10728	1534.21
64	10728	1534.47
64	10729	1534.34
64	10726	1534.34
80	10721	1534.21
64	10729	1534.34
65	10727	1534.34
63	10728	1534.47
64	10725	1534.47
64	10726	1534.47
64	10731	1534.34
63	10730	1534.34
65	10728	1534.34
63	10723	1534.34
65	10727	1534.34
64	10726	1534.47
79	10726	1534.34
65	10727	1534.34
63	10728	1534.34
65	10729	1534.47
64	10725	1534.47
63	10727	1534.34
65	10726	1534.47
64	10735	1534.34
64	10726	1534.34
64	10727	1534.34
63	10730	1534.34
65	10726	1534.21
79	10725	1534.34
65	10732	1534.47
63	10728	1534.47
65	10729	1534.34
63	10729	1534.47
64	10729	1534.47
64	10727	1534.34
64	10731	1534.34
64	10727	1534.47
64	10725	1534.47
64	10727	1534.47
64	10729	1534.34
80	10728	1534.47
63	10727	1534.34
65	10729	1534.34
64	10725	1534.47
64	10728	1534.34
64	10732	1534.34
64	10728	1534.34
64	10730	1534.34
64	10727	1534.34
63	10729	1534.47
65	10726	1534.34
63	10723	1534.34
81	10731	1534.34
63	10729	1534.34
65	10731	1534.34
64	10727	1534.34
63	10728	1534.47
65	10726	1534.34
64	10731	1534.34
63	10726	1534.47
65	10727	1534.47
63	10726	1534.34
64	10724	1534.34
65	10732	1534.34
79	10725	1534.34
64	10742	1534.47
64	10751	1534.34
64	10763	1534.34
64	10782	1534.34
63	10795	1534.34
65	10816	1534.47
64	10828	1534.34
64	10841	1534.47
64	10863	1534.47
64	10885	1534.47
64	10905	1534.47
80	10923	1534.47
64	10941	1534.47
63	10959	1534.47
65	10981	1534.47
64	11001	1534.47
63	11015	1534.47
64	11045	1534.34
64	11065	1534.34
64	11091	1534.34
65	11113	1534.34
63	11144	1534.34
64	11168	1534.34
81	11193	1534.47
63	11222	1534.34
64	11248	1534.34
64	11276	1534.47
64	11303	1534.47
64	11337	1534.34
64	11365	1534.6
64	11396	1534.34
64	11427	1534.47
64	11465	1534.34
64	11495	1534.21
64	11530	1534.34
80	11569	1534.47
64	11608	1534.34
63	11646	1534.34
65	11690	1534.34
64	11734	1534.34
64	11775	1534.34
63	11820	1534.34
64	11866	1534.47
65	11917	1534.34
65	11964	1534.34
62	12012	1534.34
65	12070	1534.47
80	12115	1534.6
63	12164	1534.85
64	12215	1535.11
64	12271	1535.49
65	12329	1536
64	12395	1536.77
63	12462	1537.41
65	12482	1537.41
63	12412	1536.77
64	12339	1536.13
64	12285	1535.62
64	12232	1535.11
80	12173	1534.98
65	12138	1534.6
63	12080	1534.47
65	12029	1534.6
63	11978	1534.47
64	11932	1534.6
64	11881	1534.47
64	11839	1534.47
63	11789	1534.47
64	11748	1534.34
65	11701	1534.47
64	11658	1534.47
80	11614	1534.47
64	11579	1534.47
64	11537	1534.47
63	11509	1534.34
64	11473	1534.47
65	11437	1534.47
63	11405	1534.47
64	11375	1534.47
64	11339	1534.47
65	11317	1534.47
63	11286	1534.34
65	11257	1534.34
80	11229	1534.34
63	11197	1534.34
65	11173	1534.47
63	11149	1534.47
65	11126	1534.34
63	11106	1534.34
65	11080	1534.34
63	11053	1534.47
64	11034	1534.6
64	11008	1534.47
64	10992	1534.47
64	10967	1534.47
80	10950	1534.47
64	10927	1534.47
64	10907	1534.34
64	10889	1534.34
64	10869	1534.34
63	10855	1534.34
64	10840	1534.34
65	10819	1534.47
63	10798	1534.47
65	10787	1534.34
64	10769	1534.47
63	10761	1534.34
65	10747	1534.47
80	10730	1534.47
64	10720	1534.6
64	10722	1534.47
64	10729	1534.34
63	10731	1534.34
65	10727	1534.47
63	10731	1534.47
64	10736	1534.34
64	10731	1534.34
65	10729	1534.47
63	10730	1534.47
65	10731	1534.47
79	10731	1534.47
64	10727	1534.47
64	10728	1534.47
64	10725	1534.47
64	10727	1534.6
64	10728	1534.47
64	10732	1534.47
64	10732	1534.34
64	10727	1534.34
64	10733	1534.34
64	10729	1534.34
64	10727	1534.34
80	10732	1534.47
64	10732	1534.34
64	10734	1534.34
63	10730	1534.47
65	10728	1534.34
63	10732	1534.47
64	10732	1534.47
64	10731	1534.34
64	10731	1534.34
65	10729	1534.47
63	10728	1534.47
64	10728	1534.47
80	10730	1534.6
64	10734	1534.34
64	10724	1534.47
64	10727	1534.47
65	10731	1534.47
63	10731	1534.47
64	10730	1534.47
64	10730	1534.47
64	10729	1534.47
64	10732	1534.47
64	10728	1534.47
64	10727	1534.34
79	10730	1534.47
65	10729	1534.47
64	10728	1534.47
64	10729	1534.34
63	10729	1534.34
65	10729	1534.47
64	10730	1534.47
64	10729	1534.47
64	10729	1534.47
63	10727	1534.34
64	10732	1534.34
64	10729	1534.34
81	10728	1534.47
64	10727	1534.47
63	10727	1534.47
64	10731	1534.47
64	10732	1534.47
64	10727	1534.47
64	10728	1534.47
65	10729	1534.47
63	10734	1534.47
64	10733	1534.47
64	10733	1534.47
64	10729	1534.34
80	10732	1534.47
64	10729	1534.47
64	10733	1534.34
64	10727	1534.34
64	10731	1534.47
64	10730	1534.34
64	10729	1534.47
64	10728	1534.34
64	10730	1534.47
64	10730	1534.6
64	10732	1534.47
64	10731	1534.47
79	10725	1534.47
65	10732	1534.34
63	10729	1534.34
65	10733	1534.34
63	10723	1534.47
65	10727	1534.34
63	10732	1534.47
64	10731	1534.47
64	10732	1534.47
65	10728	1534.47
64	10731	1534.47
63	10731	1534.47
81	10733	1534.47
63	10744	1534.47
65	10754	1534.34
63	10773	1534.47
64	10786	1534.47
64	10805	1534.34
64	10817	1534.47
64	10833	1534.47
64	10849	1534.47
64	10872	1534.34
64	10888	1534.34
64	10906	1534.47
80	10920	1534.47
65	10943	1534.34
63	10963	1534.47
64	10985	1534.47
63	11001	1534.34
65	11029	1534.47
64	11047	1534.6
64	11072	1534.6
64	11096	1534.34
63	11120	1534.47
65	11147	1534.47
64	11172	1534.47
79	11202	1534.47
65	11227	1534.34
63	11253	1534.6
64	11281	1534.47
64	11307	1534.34
64	11334	1534.47
64	11374	1534.34
64	11405	1534.47
64	11432	1534.34
64	11468	1534.47
63	11502	1534.47
65	11537	1534.47
80	11576	1534.47
64	11615	1534.47
64	11654	1534.47
63	11702	1534.47
64	11737	1534.47
65	11790	1534.47
63	11824	1534.47
65	11879	1534.47
63	11922	1534.47
64	11974	1534.47
65	12023	1534.47
64	12079	1534.47
80	12119	1534.72
63	12172	1534.85
64	12226	1535.11
64	12277	1535.62
64	12343	1536.13
64	12402	1536.77
64	12472	1537.66
65	12466	1537.41
64	12390	1536.51
63	12328	1535.87
65	12271	1535.49
63	12220	1535.11
80	12168	1534.85
65	12126	1534.72
63	12072	1534.6
64	12021	1534.47
64	11968	1534.47
64	11916	1534.6
64	11876	1534.47
64	11826	1534.47
63	11775	1534.34
64	11739	1534.47
65	11694	1534.6
64	11655	1534.47
80	11609	1534.47
64	11570	1534.47
63	11540	1534.47
65	11498	1534.47
63	11468	1534.47
64	11433	1534.47
65	11397	1534.47
63	11366	1534.6
65	11337	1534.34
64	11304	1534.47
63	11274	1534.47
64	11255	1534.47
80	11221	1534.47
64	11194	1534.47
64	11171	1534.34
64	11150	1534.47
65	11116	1534.47
63	11101	1534.47
64	11068	1534.47
64	11049	1534.47
64	11026	1534.47
64	11002	1534.47
64	10985	1534.47
64	10967	1534.47
80	10948	1534.6
63	10926	1534.6
65	10905	1534.6
64	10885	1534.47
63	10868	1534.47
65	10854	1534.47
64	10838	1534.47
64	10818	1534.47
63	10801	1534.47
65	10790	1534.47
64	10775	1534.47
64	10760	1534.47
63	10741	1534.47
81	10731	1534.47
64	10723	1534.34
63	10729	1534.6
65	10732	1534.47
63	10734	1534.47
64	10730	1534.47
64	10730	1534.47
65	10735	1534.47
63	10730	1534.47
64	10733	1534.34
64	10730	1534.47
64	10733	1534.47
80	10731	1534.47
64	10729	1534.6
65	10736	1534.6
63	10733	1534.47
64	10727	1534.47
64	10733	1534.47
65	10730	1534.47
63	10732	1534.47
64	10739	1534.47
64	10734	1534.47
63	10730	1534.47
65	10733	1534.47
80	10733	1534.47
63	10733	1534.6
65	10736	1534.47
63	10731	1534.47
65	10732	1534.47
64	10733	1534.47
63	10730	1534.34
65	10736	1534.6
63	10731	1534.47
64	10732	1534.47
64	10732	1534.47
64	10731	1534.47
81	10735	1534.6
63	10732	1534.6
64	10734	1534.47
64	10733	1534.47
64	10731	1534.6
64	10738	1534.47
64	10741	1534.47
64	10735	1534.47
64	10733	1534.47
64	10733	1534.47
64	10730	1534.6
63	10734	1534.34
81	10736	1534.47
63	10732	1534.47
65	10730	1534.47
64	10733	1534.6
64	10736	1534.6
64	10731	1534.6
65	10734	1534.47
62	10728	1534.47
65	10735	1534.47
63	10738	1534.47
64	10736	1534.6
65	10730	1534.6
80	10732	1534.47
63	10734	1534.47
64	10737	1534.6
64	10729	1534.47
65	10733	1534.47
63	10734	1534.47
64	10735	1534.6
64	10731	1534.6
64	10736	1534.47
64	10732	1534.34
64	10732	1534.47
64	10730	1534.6
80	10728	1534.47
64	10731	1534.6
64	10733	1534.47
64	10731	1534.47
64	10734	1534.47
63	10734	1534.6
65	10734	1534.6
64	10731	1534.6
64	10735	1534.47
64	10730	1534.47
64	10735	1534.47
64	10735	1534.6
80	10731	1534.47
64	10734	1534.47
64	10740	1534.47
63	10739	1534.47
65	10733	1534.47
64	10731	1534.47
63	10733	1534.6
64	10735	1534.6
64	10730	1534.47
64	10729	1534.6
64	10735	1534.6
65	10740	1534.6
79	10732	1534.6
64	10748	1534.47
64	10761	1534.47
64	10775	1534.47
64	10791	1534.47
64	10805	1534.47
64	10820	1534.47
64	10837	1534.6
64	10858	1534.6
64	10872	1534.6
63	10895	1534.47
64	10910	1534.47
81	10927	1534.6
63	10949	1534.47
64	10965	1534.47
65	10986	1534.47
64	11008	1534.47
64	11028	1534.6
64	11056	1534.47
63	11079	1534.47
64	11104	1534.47
65	11131	1534.47
64	11153	1534.6
64	11180	1534.47
80	11203	1534.6
63	11233	1534.47
64	11257	1534.47
65	11288	1534.47
63	11316	1534.47
65	11346	1534.47
63	11374	1534.47
64	11406	1534.47
64	11441	1534.6
64	11472	1534.6
64	11505	1534.47
63	11541	1534.6
81	11585	1534.47
64	11625	1534.47
63	11659	1534.47
66	11709	1534.47
62	11746	1534.47
65	11790	1534.6
64	11833	1534.47
64	11887	1534.47
64	11925	1534.47
64	11982	1534.47
64	12033	1534.47
64	12088	1534.6
80	12130	1534.72
63	12186	1534.98
65	12237	1535.23
63	12289	1535.75
65	12350	1536.39
64	12417	1536.9
63	12483	1537.54
65	12463	1537.41
63	12395	1536.64
64	12329	1536
64	12272	1535.62
64	12222	1535.11
80	12162	1534.85
64	12126	1534.72
64	12070	1534.6
64	12019	1534.47
64	11968	1534.72
64	11917	1534.6
64	11877	1534.6
64	11829	1534.6
64	11781	1534.47
64	11738	1534.47
64	11696	1534.47
64	11659	1534.6
80	11615	1534.47
63	11571	1534.47
65	11532	1534.47
64	11501	1534.6
64	11462	1534.6
63	11431	1534.47
65	11401	1534.6
63	11366	1534.6
64	11336	1534.47
64	11310	1534.47
64	11276	1534.47
65	11258	1534.6
63	11225	1534.47
80	11199	1534.47
65	11167	1534.47
63	11146	1534.6
64	11125	1534.6
64	11097	1534.47
64	11074	1534.47
64	11053	1534.47
64	11028	1534.6
64	11004	1534.47
64	10987	1534.47
64	10968	1534.47
64	10945	1534.6
80	10927	1534.47
64	10909	1534.47
64	10890	1534.6
64	10863	1534.47
63	10848	1534.47
64	10835	1534.6
65	10814	1534.6
64	10802	1534.6
64	10788	1534.6
63	10776	1534.6
64	10756	1534.6
65	10745	1534.47
80	10734	1534.47
64	10723	1534.47
63	10736	1534.6
64	10736	1534.6
64	10736	1534.6
65	10738	1534.47
64	10732	1534.6
63	10734	1534.6
64	10736	1534.6
64	10735	1534.47
64	10733	1534.6
64	10737	1534.6
80	10737	1534.47
64	10732	1534.47
64	10738	1534.47
63	10731	1534.47
65	10733	1534.6
64	10738	1534.6
63	10736	1534.6
64	10734	1534.47
65	10736	1534.6
63	10737	1534.47
65	10738	1534.47
63	10735	1534.47
80	10735	1534.47
65	10735	1534.47
63	10733	1534.47
64	10734	1534.6
65	10742	1534.6
64	10728	1534.47
64	10741	1534.6
64	10733	1534.47
63	10737	1534.6
64	10737	1534.47
64	10736	1534.47
65	10734	1534.47
79	10734	1534.6
64	10737	1534.47
64	10735	1534.6
64	10740	1534.47
65	10740	1534.47
63	10737	1534.47
64	10735	1534.6
64	10737	1534.6
64	10738	1534.6
64	10734	1534.6
64	10735	1534.6
63	10737	1534.47
81	10739	1534.6
63	10733	1534.6
65	10736	1534.6
64	10739	1534.47
63	10738	1534.47
65	10736	1534.6
64	10736	1534.6
64	10737	1534.6
64	10743	1534.6
64	10737	1534.47
64	10741	1534.6
63	10741	1534.6
80	10740	1534.47
65	10743	1534.47
64	10735	1534.6
63	10734	1534.47
64	10739	1534.47
64	10735	1534.6
65	10741	1534.47
63	10734	1534.47
64	10740	1534.47
65	10735	1534.47
63	10736	1534.47
64	10732	1534.6
80	10739	1534.6
64	10737	1534.6
64	10737	1534.47
64	10738	1534.47
64	10737	1534.47
63	10735	1534.47
65	10737	1534.47
64	10733	1534.47
63	10738	1534.47
65	10733	1534.6
64	10733	1534.6
63	10735	1534.47
81	10739	1534.6
63	10735	1534.47
65	10734	1534.6
63	10735	1534.6
64	10738	1534.6
64	10737	1534.6
65	10737	1534.6
64	10743	1534.47
64	10734	1534.6
64	10737	1534.6
63	10735	1534.47
65	10742	1534.6
79	10745	1534.6
64	10757	1534.6
64	10772	1534.47
64	10781	1534.6
64	10801	1534.6
64	10812	1534.6
64	10828	1534.6
64	10845	1534.6
65	10867	1534.47
63	10875	1534.47
64	10898	1534.6
64	10918	1534.47
80	10936	1534.72
63	10959	1534.47
65	10982	1534.47
63	10997	1534.6
65	11016	1534.6
64	11037	1534.6
64	11059	1534.6
64	11084	1534.47
64	11111	1534.47
63	11136	1534.6
64	11163	1534.6
65	11189	1534.6
79	11213	1534.6
64	11243	1534.72
65	11270	1534.47
64	11298	1534.6
63	11324	1534.47
65	11356	1534.6
64	11385	1534.6
63	11419	1534.6
64	11447	1534.6
64	11485	1534.6
64	11520	1534.47
64	11559	1534.6
80	11592	1534.6
64	11633	1534.6
64	11679	1534.47
64	11716	1534.47
64	11765	1534.47
64	11806	1534.47
64	11857	1534.6
64	11898	1534.47
63	11949	1534.6
65	11999	1534.6
64	12050	1534.6
63	12104	1534.72
65	12147	1534.72
80	12202	1534.98
64	12254	1535.49
64	12311	1535.87
64	12368	1536.64
64	12431	1537.15
63	12493	1537.79
64	12452	1537.28
65	12379	1536.51
64	12320	1535.87
64	12262	1535.49
63	12214	1535.11
64	12158	1534.98
80	12117	1534.6
64	12069	1534.72
64	12007	1534.6
64	11962	1534.72
64	11912	1534.6
64	11861	1534.6
64	11820	1534.6
64	11773	1534.6
64	11732	1534.47
64	11687	1534.6
64	11649	1534.6
64	11600	1534.72
80	11565	1534.6
63	11530	1534.72
65	11496	1534.6
64	11462	1534.6
64	11428	1534.47
64	11399	1534.6
64	11364	1534.6
64	11336	1534.6
63	11305	1534.6
65	11281	1534.6
64	11253	1534.72
63	11217	1534.6
80	11200	1534.6
64	11173	1534.47
64	11146	1534.6
64	11118	1534.6
65	11096	1534.47
64	11068	1534.6
63	11047	1534.6
64	11027	1534.6
65	11008	1534.6
63	10984	1534.6
64	10966	1534.6
64	10939	1534.6
80	10916	1534.6
64	10901	1534.47
64	10893	1534.6
64	10870	1534.6
64	10851	1534.72
63	10836	1534.47
65	10824	1534.6
63	10808	1534.72
65	10791	1534.6
64	10769	1534.6
63	10758	1534.6
65	10744	1534.6
79	10731	1534.47
65	10727	1534.6
63	10741	1534.6
65	10738	1534.6
63	10737	1534.6
64	10737	1534.6
64	10735	1534.6
64	10737	1534.6
65	10737	1534.6
63	10738	1534.6
64	10739	1534.6
64	10739	1534.6
80	10738	1534.6
64	10737	1534.6
64	10739	1534.6
65	10740	1534.6
63	10735	1534.72
64	10738	1534.6
64	10739	1534.6
63	10735	1534.6
65	10741	1534.6
65	10738	1534.6
63	10737	1534.6
63	10738	1534.6
81	10742	1534.47
64	10738	1534.6
64	10740	1534.6
64	10737	1534.6
64	10739	1534.6
63	10738	1534.6
64	10740	1534.6
65	10740	1534.6
64	10740	1534.6
64	10743	1534.6
64	10736	1534.6
63	10741	1534.47
80	10743	1534.6
65	10743	1534.47
64	10742	1534.47
64	10742	1534.47
63	10739	1534.47
64	10740	1534.6
64	10738	1534.6
64	10736	1534.47
65	10739	1534.72
63	10739	1534.6
63	10744	1534.72
65	10738	1534.6
80	10736	1534.72
64	10739	1534.6
64	10742	1534.47
64	10741	1534.6
63	10742	1534.6
65	10740	1534.6
64	10741	1534.6
63	10738	1534.6
64	10738	1534.6
64	10743	1534.47
65	10741	1534.6
63	10735	1534.6
81	10739	1534.6
63	10741	1534.47
64	10743	1534.6
64	10745	1534.6
65	10738	1534.6
63	10738	1534.6
64	10743	1534.6
64	10738	1534.6
65	10735	1534.6
63	10740	1534.6
65	10742	1534.72
63	10739	1534.6
81	10741	1534.6
63	10742	1534.6
64	10743	1534.6
64	10738	1534.6
64	10739	1534.47
64	10742	1534.6
64	10739	1534.6
64	10739	1534.47
64	10741	1534.6
64	10740	1534.6
64	10737	1534.47
64	10740	1534.6
80	10740	1534.6
63	10739	1534.6
65	10745	1534.72
63	10739	1534.6
65	10740	1534.6
64	10746	1534.72
63	10740	1534.6
65	10743	1534.6
64	10742	1534.6
63	10740	1534.47
65	10741	1534.6
63	10737	1534.6
80	10742	1534.6
64	10738	1534.6
64	10737	1534.6
65	10739	1534.6
63	10742	1534.72
64	10735	1534.72
64	10738	1534.6
64	10744	1534.72
64	10743	1534.6
64	10741	1534.6
64	10741	1534.6
64	10745	1534.6
80	10741	1534.72
63	10743	1534.6
65	10742	1534.6
64	10742	1534.6
64	10740	1534.72
64	10741	1534.6
64	10740	1534.6
64	10738	1534.6
64	10736	1534.6
64	10742	1534.6
64	10741	1534.6
64	10738	1534.6
79	10739	1534.6
64	10738	1534.6
64	10739	1534.47
64	10740	1534.6
65	10738	1534.6
63	10742	1534.6
65	10740	1534.6
63	10748	1534.6
64	10735	1534.6
64	10740	1534.6
64	10741	1534.47
64	10737	1534.72
65	10737	1534.72
79	10739	1534.72
64	10741	1534.72
64	10739	1534.72
65	10741	1534.6
63	10741	1534.72
64	10741	1534.6
64	10741	1534.72
64	10742	1534.6
64	10741	1534.6
63	10742	1534.6
64	10742	1534.47
64	10741	1534.6
80	10740	1534.6
64	10745	1534.72
65	10739	1534.6
64	10747	1534.6
64	10740	1534.6
64	10741	1534.72
63	10742	1534.6
65	10744	1534.72
64	10743	1534.72
63	10742	1534.72
64	10740	1534.6
64	10740	1534.6
81	10740	1534.6
64	10740	1534.6
63	10743	1534.6
64	10742	1534.72
64	10746	1534.6
65	10742	1534.6
63	10740	1534.6
65	10741	1534.6
63	10741	1534.6
64	10740	1534.72
64	10744	1534.6
64	10742	1534.6
80	10741	1534.6
64	10742	1534.72
64	10746	1534.72
63	10742	1534.72
64	10739	1534.72
64	10736	1534.6
64	10740	1534.6
65	10742	1534.6
63	10744	1534.6
64	10742	1534.6
64	10744	1534.6
65	10740	1534.6
79	10741	1534.6
64	10737	1534.6
65	10742	1534.6
64	10741	1534.6
63	10742	1534.6
64	10742	1534.6
65	10742	1534.6
63	10740	1534.6
64	10745	1534.72
64	10739	1534.6
64	10740	1534.72
65	10740	1534.47
79	10741	1534.6
64	10742	1534.6
64	10742	1534.72
63	10746	1534.72
65	10744	1534.6
64	10740	1534.6
64	10742	1534.6
64	10743	1534.6
63	10739	1534.72
65	10738	1534.72
64	10740	1534.72
64	10739	1534.72
80	10744	1534.6
63	10740	1534.6
64	10740	1534.72
64	10741	1534.72
65	10739	1534.6
64	10745	1534.6
64	10739	1534.6
63	10747	1534.72
64	10744	1534.72
64	10740	1534.6
64	10741	1534.6
65	10742	1534.72
80	10736	1534.72
63	10743	1534.72
64	10744	1534.72
64	10748	1534.6
64	10742	1534.6
64	10739	1534.72
64	10744	1534.6
64	10746	1534.6
63	10743	1534.6
65	10743	1534.6
64	10740	1534.47
63	10742	1534.6
81	10739	1534.6
63	10743	1534.72
64	10742	1534.6
65	10748	1534.6
64	10739	1534.6
63	10743	1534.6
65	10746	1534.6
64	10739	1534.72
64	10741	1534.6
64	10746	1534.6
64	10746	1534.72
64	10743	1534.6
79	10741	1534.6
64	10746	1534.6
64	10740	1534.6
64	10745	1534.72
65	10748	1534.72
64	10741	1534.6
63	10745	1534.72
64	10744	1534.6
65	10744	1534.72
63	10742	1534.72
64	10741	1534.6
64	10745	1534.72
80	10740	1534.6
64	10742	1534.6
65	10740	1534.6
63	10747	1534.72
64	10742	1534.47
64	10743	1534.6
64	10747	1534.72
64	10739	1534.6
64	10739	1534.6
64	10742	1534.72
64	10746	1534.72
64	10741	1534.6
79	10742	1534.6
65	10743	1534.6
63	10743	1534.6
64	10743	1534.72
65	10740	1534.6
64	10746	1534.6
64	10743	1534.6
63	10747	1534.72
64	10743	1534.6
66	10742	1534.6
62	10744	1534.72
64	10741	1534.6
81	10743	1534.6
64	10745	1534.6
63	10741	1534.6
65	10743	1534.6
63	10743	1534.6
64	10745	1534.72
64	10746	1534.6
64	10741	1534.72
64	10745	1534.6
64	10746	1534.6
65	10740	1534.6
63	10740	1534.6
80	10746	1534.6
64	10745	1534.6
64	10742	1534.72
63	10743	1534.6
66	10746	1534.6
63	10745	1534.6
