5508	13821 1566.41
941784	13824 1566.41
988048	13835 1566.41
034308	13825 1566.41
080580	13827 1566.28
126832	13829 1566.41
173108	13823 1566.41
219380	13824 1566.41
265644	13836 1566.41
311916	13835 1566.41
358200	13832 1566.41
404468	13826 1566.28
450744	13827 1566.28
497032	13834 1566.41
543296	13829 1566.41
589564	13823 1566.28
635832	13828 1566.41
682100	13831 1566.41
728360	13845 1566.28
774632	13831 1566.28
820892	13828 1566.28
867152	13832 1566.28
913432	13833 1566.28
959704	13827 1566.41
005976	13825 1566.28
052252	13833 1566.41
098520	13840 1566.28
144788	13831 1566.28
191056	13838 1566.28
237320	13841 1566.41
283584	13847 1566.41
329848	13839 1566.41
376104	13837 1566.41
422392	13833 1566.28
468660	13826 1566.28
514924	13843 1566.41
561200	13839 1566.28
607480	13837 1566.28
653744	13838 1566.41
700024	13834 1566.28
746328	13843 1566.41
792600	13845 1566.41
838868	13843 1566.41
885136	13838 1566.41
931404	13837 1566.41
977672	13844 1566.41
023940	13834 1566.41
070212	13836 1566.41
116480	13840 1566.41
162752	13840 1566.41
209016	13836 1566.28
255280	13844 1566.41
301556	13842 1566.41
347832	13840 1566.41
394100	13837 1566.28
440380	13843 1566.41
486664	13848 1566.41
532928	13849 1566.41
579196	13843 1566.41
625460	13846 1566.41
671724	13842 1566.28
717996	13853 1566.41
764264	13849 1566.41
810524	13843 1566.28
856788	13845 1566.41
903052	13843 1566.41
949328	13851 1566.41
995608	13857 1566.41
041884	13843 1566.41
088148	13848 1566.28
134424	13848 1566.41
180696	13844 1566.41
226964	13859 1566.41
273220	13857 1566.41
319492	13851 1566.28
365756	13840 1566.41
412024	13847 1566.41
458288	13852 1566.41
504560	13856 1566.41
550836	13846 1566.41
597112	13840 1566.28
643380	13850 1566.41
689656	13849 1566.41
735944	13852 1566.28
782208	13856 1566.28
828476	13848 1566.41
874736	13841 1566.41
921004	13848 1566.41
967272	13847 1566.28
013536	13851 1566.41
059804	13851 1566.28
106068	13846 1566.41
152344	13852 1566.41
198616	13850 1566.28
244888	13857 1566.41
291160	13854 1566.28
337432	13847 1566.28
383704	13851 1566.41
429980	13853 1566.41
476240	13856 1566.28
522504	13862 1566.28
568772	13854 1566.28
615024	13852 1566.28
661300	13852 1566.41
707568	13855 1566.41
753840	13853 1566.41
800116	13861 1566.41
846392	13851 1566.28
892656	13853 1566.28
938936	13854 1566.41
985240	13865 1566.28
031516	13856 1566.28
077776	13854 1566.28
124048	13857 1566.41
170320	13857 1566.41
216584	13866 1566.41
262852	13856 1566.28
309124	13868 1566.41
355392	13863 1566.53
401668	13855 1566.15
447928	13856 1566.28
494196	13869 1566.41
540464	13859 1566.28
586744	13859 1566.28
633012	13863 1566.41
679288	13860 1566.28
725596	13871 1566.28
771868	13868 1566.41
818128	13858 1566.28
864404	13853 1566.28
910664	13867 1566.28
956928	13871 1566.41
003204	13867 1566.28
049472	13863 1566.41
095728	13853 1566.41
142012	13856 1566.41
188280	13858 1566.28
234544	13870 1566.28
280812	13868 1566.41
327092	13859 1566.28
373360	13863 1566.41
419632	13860 1566.41
465912	13866 1566.28
512184	13872 1566.41
558452	13865 1566.28
604712	13869 1566.28
650980	13861 1566.28
697244	13879 1566.41
743516	13867 1566.28
789784	13866 1566.41
836052	13868 1566.28
882324	13864 1566.28
928600	13864 1566.41
974868	13872 1566.28
021148	13881 1566.41
067408	13868 1566.41
113688	13873 1566.28
159960	13865 1566.28
206224	13875 1566.41
252488	13879 1566.41
298756	13874 1566.41
345024	13872 1566.28
391300	13875 1566.41
437568	13874 1566.28
483832	13876 1566.41
530108	13873 1566.28
576380	13873 1566.41
622644	13868 1566.28
668928	13871 1566.41
715224	13878 1566.28
761500	13880 1566.28
807768	13865 1566.41
854040	13871 1566.41
900316	13878 1566.41
946580	13881 1566.28
992840	13891 1566.41
0039112	13886 1566.41
0085424	13881 1566.41
0131744	13883 1566.53
0178060	13888 1566.41
0224376	13884 1566.41
0270700	13881 1566.28
0317028	13889 1566.28
0363348	13882 1566.41
0409656	13882 1566.28
0455960	13884 1566.28
0502272	13889 1566.28
0548600	13886 1566.41
0594912	13889 1566.28
0641220	13886 1566.28
0687516	13883 1566.28
0733836	13888 1566.41
0780148	13878 1566.41
0826468	13886 1566.28
0872772	13889 1566.28
0919080	13885 1566.28
0965400	13883 1566.41
1011716	13891 1566.41
1058016	13895 1566.28
1104320	13890 1566.41
1150636	13894 1566.28
1196968	13894 1566.28
1243300	13887 1566.41
1289612	13885 1566.41
1335928	13890 1566.41
1382244	13887 1566.41
1428560	13896 1566.41
1474864	13897 1566.41
1521168	13889 1566.28
1567492	13889 1566.41
1613808	13896 1566.28
1660108	13890 1566.41
1706416	13891 1566.41
1752736	13888 1566.41
1799052	13901 1566.28
1845372	13895 1566.41
1891688	13895 1566.28
1938020	13899 1566.28
1984340	13895 1566.41
2030648	13892 1566.28
2076956	13897 1566.41
2123280	13897 1566.41
2169604	13898 1566.28
2215912	13895 1566.41
2262220	13889 1566.41
2308528	13897 1566.41
2354844	13895 1566.41
2401160	13892 1566.41
2447484	13904 1566.41
2493804	13906 1566.28
2540132	13902 1566.28
2586452	13895 1566.41
2632768	13893 1566.41
2679076	13898 1566.41
2725396	13897 1566.28
2771716	13897 1566.28
2818028	13896 1566.41
2864340	13893 1566.28
2910636	13897 1566.41
2956956	13901 1566.28
3003272	13902 1566.28
3049588	13902 1566.41
3095912	13905 1566.41
3142240	13904 1566.41
3188556	13897 1566.41
3234872	13903 1566.28
3281176	13907 1566.28
3327488	13905 1566.41
3373816	13900 1566.41
3420132	13907 1566.28
3466432	13905 1566.41
3512732	13904 1566.28
3559056	13904 1566.28
3605360	13902 1566.41
3651680	13905 1566.28
3697984	13904 1566.41
3744296	13910 1566.28
3790616	13903 1566.41
3836932	13908 1566.41
3883232	13914 1566.28
3929540	13908 1566.41
3975856	13913 1566.41
4022184	13915 1566.28
4068512	13910 1566.28
4114836	13903 1566.28
4161152	13911 1566.53
4207460	13908 1566.41
4253776	13912 1566.41
4300096	13907 1566.28
4346424	13912 1566.28
4392740	13916 1566.41
4439060	13907 1566.28
4485384	13916 1566.41
4531688	13909 1566.41
4578044	13905 1566.28
4624356	13912 1566.41
4670660	13912 1566.41
4716972	13903 1566.41
4763292	13914 1566.28
4809600	13913 1566.41
4855912	13910 1566.41
4902216	13920 1566.41
4948532	13910 1566.28
4994856	13913 1566.28
5041172	13917 1566.28
5087492	13915 1566.41
5133800	13919 1566.41
5180136	13922 1566.28
5226460	13941 1566.41
5272772	13956 1566.41
5319080	13978 1566.28
5365400	14006 1566.28
5411712	14013 1566.41
5458032	14041 1566.41
5504356	14061 1566.41
5550684	14083 1566.41
5597008	14102 1566.28
5643320	14128 1566.28
5689640	14156 1566.28
5735952	14176 1566.41
5782276	14196 1566.41
5828588	14219 1566.41
5874900	14252 1566.28
5921208	14276 1566.28
5967524	14307 1566.41
6013844	14331 1566.41
6060180	14356 1566.41
6106496	14380 1566.41
6152820	14410 1566.28
6199140	14430 1566.28
6245448	14473 1566.28
6291748	14498 1566.28
6338056	14531 1566.28
6384384	14556 1566.41
6430688	14601 1566.41
6476984	14632 1566.41
6523292	14660 1566.41
6569616	14702 1566.41
6615928	14732 1566.41
6662244	14769 1566.41
6708544	14811 1566.28
6754852	14847 1566.41
6801168	14881 1566.41
6847484	14923 1566.41
6893784	14972 1566.41
6940084	15016 1566.41
6986404	15059 1566.41
7032724	15096 1566.41
7079052	15151 1566.28
7125372	15195 1566.41
7171696	15244 1566.28
7218008	15289 1566.41
7264320	15341 1566.41
7310624	15399 1566.53
7356928	15458 1566.41
7403256	15518 1566.66
7449568	15579 1566.66
7495880	15658 1566.53
7542184	15748 1566.53
7588500	15853 1566.66
7634812	15973 1566.79
7681124	16135 1566.79
7727424	16283 1566.91
7773736	16505 1566.91
7820056	16724 1567.04
7866376	16887 1567.17
7912684	17061 1567.17
7958976	17216 1567.30
8005296	17398 1567.42
8051616	17591 1567.42
8097940	17814 1567.55
8144260	18017 1567.68
8190584	18220 1567.81
8236900	18407 1567.81
8283216	18584 1567.93
8329528	18749 1568.19
8375836	18872 1568.32
8422152	18968 1568.57
8468468	19027 1568.70
8514784	19067 1568.70
8561076	19093 1569.08
8607380	19095 1569.08
8653672	19129 1569.33
8699968	19166 1569.46
8746264	19228 1569.72
8792572	19276 1569.72
8838904	19415 1569.97
8885220	19508 1570.23
8931536	19600 1570.35
8977840	19698 1570.61
9024160	19842 1570.86
9070468	20002 1570.86
9116788	20215 1571.24
9163108	20497 1571.37
9209440	20809 1571.63
9255756	21146 1571.88
9302064	21499 1572.14
9348376	21843 1572.39
9394692	22185 1572.65
9441020	22550 1573.03
9487328	22941 1573.15
9533632	23293 1573.54
9579944	23634 1573.66
9626264	23826 1573.92
9672576	24118 1574.30
9718896	24387 1574.56
9765208	24636 1574.94
9811500	24807 1575.06
9857820	24659 1574.43
9904124	24470 1573.92
9950416	24321 1573.41
9996716	24204 1573.03
0043032	24105 1572.65
0089340	24029 1572.14
0135652	23934 1572.01
0181956	23818 1571.63
0228276	23710 1571.37
0274580	23587 1571.12
0320892	23451 1570.86
0367216	23320 1570.61
0413540	23164 1570.23
0459880	23005 1570.23
0506204	22861 1569.97
0552516	22710 1569.72
0598820	22550 1569.59
0645140	22379 1569.46
0691452	22222 1569.33
0737764	22065 1569.08
0784072	21915 1568.83
0830364	21744 1568.83
0876676	21543 1568.57
0922988	21340 1568.57
0969292	21131 1568.32
1015592	20902 1568.19
1061916	20642 1568.19
1108228	20385 1568.06
1154544	20122 1567.93
1200864	19851 1567.81
1247160	19536 1567.93
1293484	19201 1567.68
1339796	18838 1567.68
1386120	18518 1567.55
1432448	18205 1567.42
1478784	17963 1567.42
1525092	17833 1567.30
1571400	17690 1567.30
1617700	17530 1567.04
1664004	17374 1567.17
1710300	17223 1567.04
1756604	17084 1566.91
1802908	16965 1566.91
1849212	16847 1566.91
1895544	16740 1566.79
1941856	16632 1566.79
1988168	16538 1566.66
2034472	16449 1566.79
2080788	16383 1566.53
2127092	16295 1566.53
2173412	16222 1566.53
2219716	16141 1566.53
2266028	16078 1566.41
2312348	16011 1566.41
2358660	15942 1566.41
2404984	15886 1566.41
2451308	15830 1566.41
2497660	15783 1566.41
2543972	15740 1566.28
2590280	15690 1566.41
2636588	15646 1566.41
2682904	15598 1566.41
2729220	15555 1566.41
2775548	15508 1566.41
2821884	15460 1566.41
2868208	15415 1566.41
2914524	15368 1566.41
2960836	15331 1566.41
3007156	15297 1566.28
3053464	15258 1566.28
3099780	15219 1566.28
3146096	15191 1566.41
3192396	15163 1566.28
3238704	15126 1566.41
3285024	15089 1566.41
3331336	15064 1566.28
3377664	15025 1566.28
3423984	15002 1566.41
3470320	14964 1566.28
3516636	14934 1566.28
3562948	14909 1566.28
3609268	14880 1566.28
3655572	14848 1566.28
3701892	14825 1566.28
3748200	14796 1566.41
3794508	14772 1566.28
3840816	14741 1566.41
3887132	14708 1566.41
3933448	14678 1566.41
3979772	14642 1566.28
4026108	14628 1566.28
4072428	14609 1566.28
4118744	14583 1566.28
4165060	14559 1566.41
4211364	14535 1566.41
4257672	14522 1566.41
4304000	14503 1566.41
4350316	14483 1566.28
4396636	14467 1566.28
4442956	14443 1566.41
4489272	14432 1566.28
4535608	14425 1566.28
4581924	14431 1566.28
4628240	14440 1566.41
4674560	14444 1566.28
4720880	14432 1566.53
4767188	14437 1566.41
4813492	14438 1566.28
4859812	14431 1566.28
4906128	14430 1566.41
4952436	14436 1566.41
4998744	14442 1566.28
5045060	14433 1566.28
5091380	14443 1566.41
5137700	14433 1566.28
5184024	14439 1566.41
5230360	14436 1566.28
5276684	14433 1566.28
5322996	14436 1566.41
5369308	14440 1566.15
5415616	14446 1566.28
5461936	14448 1566.28
5508256	14445 1566.28
5554568	14447 1566.28
5600880	14451 1566.28
5647196	14450 1566.41
5693540	14455 1566.41
5739860	14453 1566.28
5786176	14460 1566.41
5832476	14461 1566.28
5878796	14459 1566.28
5925108	14459 1566.28
5971424	14456 1566.28
6017728	14465 1566.41
6064040	14460 1566.41
6110360	14461 1566.28
6156684	14468 1566.28
6203008	14475 1566.28
6249348	14464 1566.28
6295672	14470 1566.28
6341984	14473 1566.41
6388292	14473 1566.41
6434588	14478 1566.28
6480908	14473 1566.28
6527220	14473 1566.41
6573540	14479 1566.41
6619844	14478 1566.28
6666156	14488 1566.41
6712472	14485 1566.28
6758792	14485 1566.28
6805104	14489 1566.28
6851408	14492 1566.28
6897740	14493 1566.28
6944076	14490 1566.28
6990392	14499 1566.28
7036688	14494 1566.28
7083008	14498 1566.41
7129320	14501 1566.28
7175640	14495 1566.28
7221952	14503 1566.28
7268256	14497 1566.41
7314576	14503 1566.28
7360892	14501 1566.15
7407216	14504 1566.28
7453524	14505 1566.41
7499852	14508 1566.28
7546180	14502 1566.28
7592496	14504 1566.28
7638796	14510 1566.28
7685120	14509 1566.28
7731432	14506 1566.41
7777748	14508 1566.28
7824052	14504 1566.28
7870356	14507 1566.28
7916676	14511 1566.28
7962984	14506 1566.41
8009292	14510 1566.28
8055600	14506 1566.28
8101916	14506 1566.41
8148232	14501 1566.28
8194552	14507 1566.41
8240876	14503 1566.28
8287208	14509 1566.28
8333524	14502 1566.15
8379840	14505 1566.28
8426140	14503 1566.28
8472464	14502 1566.41
8518788	14505 1566.28
8565104	14506 1566.41
8611408	14512 1566.28
8657708	14509 1566.28
8704024	14512 1566.28
8750336	14514 1566.41
8796652	14526 1566.41
8842980	14545 1566.41
8889308	14576 1566.15
8935628	14586 1566.28
8981944	14603 1566.41
9028248	14636 1566.28
9074560	14660 1566.28
9120888	14681 1566.41
9167196	14700 1566.28
9213512	14730 1566.28
9259820	14705 1566.28
9306136	14712 1566.28
9352448	14719 1566.28
9398780	14731 1566.28
9445100	14742 1566.28
9491428	14753 1566.28
9537748	14767 1566.28
9584064	14786 1566.28
9630368	14802 1566.28
9676676	14823 1566.41
9723004	14839 1566.41
9769316	14858 1566.28
9815628	14883 1566.41
9861944	14905 1566.41
9908268	14922 1566.28
9954588	14957 1566.28
0000916	14983 1566.28
0047236	15002 1566.15
0093564	15038 1566.15
0139876	15061 1566.28
0186188	15102 1566.28
0232500	15127 1566.28
0278824	15165 1566.41
0325144	15191 1566.28
0371464	15223 1566.28
0417784	15256 1566.28
0464096	15294 1566.28
0510432	15329 1566.28
0556752	15368 1566.41
0603064	15402 1566.28
0649388	15451 1566.28
0695700	15495 1566.28
0742016	15540 1566.41
0788332	15596 1566.28
0834660	15637 1566.41
0880988	15692 1566.41
0927308	15749 1566.41
0973620	15801 1566.41
1019936	15863 1566.53
1066260	15929 1566.53
1112580	15993 1566.53
1158892	16070 1566.53
1205204	16141 1566.66
1251516	16237 1566.66
1297836	16331 1566.66
1344160	16427 1566.91
1390484	16528 1566.91
1436812	16635 1566.91
1483136	16748 1567.04
1529444	16869 1567.04
1575748	16993 1567.17
1622036	17153 1567.30
1668336	17339 1567.55
1714672	17571 1567.42
1760984	17768 1567.68
1807296	17965 1567.68
1853588	18153 1567.93
1899904	18338 1568.06
1946216	18506 1568.19
1992524	18656 1568.32
2038832	18761 1568.44
2085152	18827 1568.57
2131468	18865 1568.83
2177776	18906 1568.83
2224076	18965 1569.08
2270376	18992 1569.21
2316692	19040 1569.46
2363004	19069 1569.59
2409316	19085 1569.84
2455624	19131 1570.10
2501932	19167 1570.10
2548248	19243 1570.35
2594564	19350 1570.48
2640880	19456 1570.61
2687204	19607 1570.99
2733544	19819 1571.12
2779868	20075 1571.37
2826180	20410 1571.50
2872480	20746 1571.75
2918792	21036 1572.14
2965096	21264 1572.39
3011404	21485 1572.65
3057712	21781 1572.90
3104016	22041 1573.15
3150332	22301 1573.54
3196636	22584 1573.79
3242948	22951 1574.05
3289252	23302 1574.30
3335564	23600 1574.56
3381868	23737 1575.06
3428172	23691 1574.94
3474472	23516 1574.43
3520772	23351 1573.92
3567100	23225 1573.41
3613412	23136 1572.90
3659712	23069 1572.39
3706012	23008 1572.14
3752328	22931 1571.75
3798644	22857 1571.50
3844960	22765 1571.24
3891260	22676 1570.99
3937556	22574 1570.74
3983876	22476 1570.48
4030188	22366 1570.23
4076504	22238 1570.10
4122812	22080 1569.84
4169124	21962 1569.59
4215428	21834 1569.59
4261740	21667 1569.33
4308040	21536 1569.21
4354352	21411 1568.95
4400672	21269 1568.83
4446980	21099 1568.70
4493288	20936 1568.57
4539580	20762 1568.44
4585888	20523 1568.32
4632212	20271 1568.32
4678540	20023 1568.19
4724864	19819 1568.06
4771188	19607 1567.81
4817504	19381 1567.81
4863808	19114 1567.68
4910112	18852 1567.81
4956432	18489 1567.68
5002760	18209 1567.42
5049072	17937 1567.55
5095376	17708 1567.42
5141696	17509 1567.17
5188016	17318 1567.17
5234344	17166 1567.04
5280668	17098 1567.04
5326988	16972 1567.04
5373296	16853 1566.91
5419616	16722 1566.91
5465928	16619 1566.91
5512248	16519 1566.79
5558552	16403 1566.66
5604868	16284 1566.66
5651184	16177 1566.66
5697488	16074 1566.53
5743788	15988 1566.53
5790104	15917 1566.41
5836420	15849 1566.53
5882744	15794 1566.53
5929068	15729 1566.41
5975396	15666 1566.41
6021712	15605 1566.41
6068028	15547 1566.28
6114344	15501 1566.41
6160652	15452 1566.28
6206980	15400 1566.28
6253292	15352 1566.28
6299596	15305 1566.28
6345896	15262 1566.28
6392216	15224 1566.28
6438536	15187 1566.28
6484860	15136 1566.41
6531176	15097 1566.28
6577512	15055 1566.28
6623832	15012 1566.41
6670148	14972 1566.28
6716464	14929 1566.41
6762784	14899 1566.28
6809104	14863 1566.28
6855416	14833 1566.41
6901720	14800 1566.41
6948044	14771 1566.41
6994360	14742 1566.28
7040696	14716 1566.28
7087012	14685 1566.28
7133312	14657 1566.28
7179632	14629 1566.41
7225944	14601 1566.41
7272260	14574 1566.28
7318580	14554 1566.28
7364896	14525 1566.28
7411212	14501 1566.28
7457520	14481 1566.41
7503824	14450 1566.28
7550132	14432 1566.28
7596448	14407 1566.28
7642768	14385 1566.41
7689092	14361 1566.28
7735408	14340 1566.28
7781736	14320 1566.15
7828052	14303 1566.15
7874364	14280 1566.28
7920688	14259 1566.28
7967004	14235 1566.28
8013324	14218 1566.28
8059636	14201 1566.28
8105940	14178 1566.41
8152244	14170 1566.28
8198560	14174 1566.41
8244880	14195 1566.41
8291208	14185 1566.28
8337548	14181 1566.15
8383872	14188 1566.41
8430184	14186 1566.28
8476492	14189 1566.28
8522808	14187 1566.28
8569116	14186 1566.28
8615436	14191 1566.28
8661748	14190 1566.28
8708052	14196 1566.15
8754344	14196 1566.28
8800668	14191 1566.28
8846972	14198 1566.28
8893296	14207 1566.28
8939624	14202 1566.28
8985952	14205 1566.15
9032268	14200 1566.28
9078584	14205 1566.28
9124896	14207 1566.15
9171208	14205 1566.28
9217540	14207 1566.28
9263852	14207 1566.28
9310176	14216 1566.15
9356492	14214 1566.28
9402808	14215 1566.28
9449140	14218 1566.28
9495460	14221 1566.28
9541776	14214 1566.28
9588092	14220 1566.15
9634404	14215 1566.28
9680720	14219 1566.28
9727040	14172 1566.28
9773356	14144 1566.28
9819672	14117 1566.28
9865996	14115 1566.15
9912304	14100 1566.28
9958608	14087 1566.28
0004936	14076 1566.15
0051264	14063 1566.28
0097584	14053 1566.15
0143884	14042 1566.15
0190208	14030 1566.28
0236524	14030 1566.28
0282836	14017 1566.28
0329144	14016 1566.41
0375460	14005 1566.15
0421780	14000 1566.28
0468096	13991 1566.28
0514416	13980 1566.28
0560720	13981 1566.28
0607052	13977 1566.15
0653380	13972 1566.28
0699696	13964 1566.28
0746012	13962 1566.15
0792336	13962 1566.28
0838652	13951 1566.28
0884964	13949 1566.28
0931264	13948 1566.28
0977568	13946 1566.28
1023884	13942 1566.15
1070200	13937 1566.41
1116508	13943 1566.28
1162816	13938 1566.28
1209132	13939 1566.28
1255464	13934 1566.28
1301780	13931 1566.28
1348100	13924 1566.28
1394424	13927 1566.28
1440740	13922 1566.41
1487048	13930 1566.41
1533356	13921 1566.28
1579672	13915 1566.15
1625988	13917 1566.28
1672304	13913 1566.28
1718604	13911 1566.28
1764904	13906 1566.28
1811224	13912 1566.28
1857532	13908 1566.28
1903848	13901 1566.41
1950152	13904 1566.41
1996464	13905 1566.28
2042784	13904 1566.28
2089096	13895 1566.28
2135408	13906 1566.28
2181712	13902 1566.28
2228044	13905 1566.28
2274372	13895 1566.28
2320692	13899 1566.28
2366992	13907 1566.28
2413320	13929 1566.28
2459636	13939 1566.28
2505956	13964 1566.15
2552260	13984 1566.15
2598564	13998 1566.28
2644880	14034 1566.28
2691196	14039 1566.15
2737504	14064 1566.28
2783812	14079 1566.28
2830128	14098 1566.28
2876452	14125 1566.28
2922772	14149 1566.15
2969092	14175 1566.28
3015420	14195 1566.28
3061732	14216 1566.15
3108048	14244 1566.28
3154348	14268 1566.28
3200668	14298 1566.28
3246988	14315 1566.28
3293304	14344 1566.28
3339608	14372 1566.28
3385916	14392 1566.15
3432236	14423 1566.28
3478568	14460 1566.28
3524900	14487 1566.28
3571216	14517 1566.15
3617536	14546 1566.28
3663852	14580 1566.28
3710164	14614 1566.28
3756464	14645 1566.28
3802772	14682 1566.28
3849092	14709 1566.28
3895400	14751 1566.28
3941708	14778 1566.28
3988016	14822 1566.28
4034332	14862 1566.28
4080640	14901 1566.15
4126960	14938 1566.28
4173284	14988 1566.28
4219612	15024 1566.28
4265932	15071 1566.41
4312240	15120 1566.28
4358556	15173 1566.28
4404880	15219 1566.28
4451204	15261 1566.41
4497520	15311 1566.28
4543828	15371 1566.41
4590144	15428 1566.41
4636456	15486 1566.41
4682788	15553 1566.66
4729116	15620 1566.53
4775436	15686 1566.66
4821760	15770 1566.66
4868072	15858 1566.66
4914384	15958 1566.79
4960692	16061 1566.66
5006996	16164 1566.79
5053316	16285 1566.91
5099628	16413 1567.17
5145940	16547 1567.17
5192240	16704 1567.30
5238560	16878 1567.30
5284876	17087 1567.42
5331192	17315 1567.42
5377496	17512 1567.68
5423820	17720 1567.81
5470144	17905 1567.93
5516464	18078 1568.19
5562780	18239 1568.32
5609108	18377 1568.32
5655428	18451 1568.44
5701740	18513 1568.70
5748056	18565 1568.83
5794352	18622 1568.95
5840660	18686 1569.08
5886964	18739 1569.21
5933276	18798 1569.46
5979572	18851 1569.72
6025888	18901 1569.72
6072204	18962 1569.84
6118516	19000 1570.23
6164828	19072 1570.35
6211128	19204 1570.61
6257444	19359 1570.86
6303768	19514 1570.99
6350096	19719 1571.12
6396416	20010 1571.37
6442744	20350 1571.75
6489060	20594 1571.88
6535368	20825 1572.01
6581676	21023 1572.39
6627980	21238 1572.65
6674308	21468 1572.90
6720624	21747 1573.15
6766920	22008 1573.41
6813216	22352 1573.79
6859536	22697 1574.05
6905840	22974 1574.43
6952152	23074 1574.81
6998452	23105 1574.94
7044772	23061 1574.43
7091088	22911 1573.79
7137400	22794 1573.41
7183712	22739 1572.90
7230020	22698 1572.39
7276332	22651 1572.14
7322652	22601 1571.75
7368984	22554 1571.50
7415308	22490 1571.24
7461624	22410 1570.99
7507944	22322 1570.61
7554252	22251 1570.35
7600556	22150 1570.23
7646868	22037 1570.10
7693192	21916 1569.72
7739500	21770 1569.59
7785812	21647 1569.46
7832128	21496 1569.33
7878448	21360 1569.08
7924776	21220 1568.83
7971100	21085 1568.83
8017432	20928 1568.70
8063752	20766 1568.57
8110060	20599 1568.44
8156376	20352 1568.44
8202692	20128 1568.19
8249000	19886 1567.93
8295320	19665 1567.93
8341636	19457 1567.93
8387936	19253 1567.68
8434236	18998 1567.68
8480556	18707 1567.55
8526876	18378 1567.42
8573208	18114 1567.42
8619540	17856 1567.30
8665852	17655 1567.30
8712160	17463 1567.17
8758456	17272 1567.04
8804760	17110 1567.17
8851076	17029 1567.04
8897404	16904 1566.91
8943708	16763 1566.79
8990012	16645 1566.91
9036324	16522 1566.91
9082644	16404 1566.66
9128960	16274 1566.66
9175276	16157 1566.53
9221604	16044 1566.66
9267932	15926 1566.66
9314252	15837 1566.53
9360560	15773 1566.41
9406876	15714 1566.53
9453184	15659 1566.28
9499516	15595 1566.41
9545828	15534 1566.41
9592148	15472 1566.28
9638464	15421 1566.28
9684780	15373 1566.41
9731112	15322 1566.28
9777432	15274 1566.28
9823768	15227 1566.28
9870088	15183 1566.41
9916400	15130 1566.28
9962720	15086 1566.15
0009032	15027 1566.28
0055344	14993 1566.28
0101664	14966 1566.28
0147976	14927 1566.28
0194288	14884 1566.41
0240612	14858 1566.28
0286952	14817 1566.28
0333276	14789 1566.41
0379592	14759 1566.28
0425908	14719 1566.28
0472224	14688 1566.28
0518544	14654 1566.41
0564868	14632 1566.28
0611204	14603 1566.41
0657524	14574 1566.28
0703848	14550 1566.15
0750160	14521 1566.28
0796484	14488 1566.41
0842796	14472 1566.28
0889116	14437 1566.41
0935436	14413 1566.28
0981756	14382 1566.15
1028072	14365 1566.28
1074408	14350 1566.28
1120732	14321 1566.41
1167044	14297 1566.28
1213368	14283 1566.15
1259676	14258 1566.41
1306000	14236 1566.28
1352316	14219 1566.28
1398636	14200 1566.15
1444964	14188 1566.28
1491280	14158 1566.28
1537592	14142 1566.15
1583896	14128 1566.15
1630212	14108 1566.28
1676532	14091 1566.15
1722844	14078 1566.28
1769156	14086 1566.28
1815472	14098 1566.28
1861792	14105 1566.15
1908100	14093 1566.28
1954416	14103 1566.28
2000744	14101 1566.28
2047072	14105 1566.28
2093388	14102 1566.28
2139704	14104 1566.28
2186016	14108 1566.28
2232336	14107 1566.15
2278660	14108 1566.28
2324972	14115 1566.28
2371288	14112 1566.28
2417612	14115 1566.15
2463936	14115 1566.15
2510276	14111 1566.28
2556592	14071 1566.28
2602892	14044 1566.28
2649216	14022 1566.28
2695528	14014 1566.15
2741844	13991 1566.28
2788144	13988 1566.28
2834452	13979 1566.28
2880772	13962 1566.28
2927084	13951 1566.15
2973392	13938 1566.15
3019700	13925 1566.28
3066020	13924 1566.15
3112336	13914 1566.28
3158668	13904 1566.28
3205000	13891 1566.15
3251324	13881 1566.28
3297636	13866 1566.28
3343944	13864 1566.28
3390252	13857 1566.28
3436560	13852 1566.28
3482884	13840 1566.28
3529192	13842 1566.15
3575500	13838 1566.28
3621808	13831 1566.28
3668120	13826 1566.28
3714432	13828 1566.15
3760752	13823 1566.28
3807072	13825 1566.28
3853384	13816 1566.28
3899716	13810 1566.15
3946028	13813 1566.28
3992340	13809 1566.15
4038660	13810 1566.28
4084988	13808 1566.15
4131296	13805 1566.28
4177612	13800 1566.28
4223912	13801 1566.15
4270228	13801 1566.15
4316544	13797 1566.15
4362864	13801 1566.28
4409192	13803 1566.15
4455520	13797 1566.15
4501840	13788 1566.15
4548156	13794 1566.28
4594460	13790 1566.28
4640784	13794 1566.28
4687108	13790 1566.15
4733424	13786 1566.28
4779732	13786 1566.28
4826048	13787 1566.28
4872364	13784 1566.28
4918684	13786 1566.15
4965012	13777 1566.15
5011340	13777 1566.28
5057668	13789 1566.28
5103976	13787 1566.28
5150296	13785 1566.15
5196616	13787 1566.28
5242916	13788 1566.15
5289236	13789 1566.28
5335552	13790 1566.15
5381872	13781 1566.15
5428200	13787 1566.28
5474544	13785 1566.28
5520860	13787 1566.15
5567176	13786 1566.28
5613480	13785 1566.15
5659792	13789 1566.15
5706108	13784 1566.28
5752420	13775 1566.28
5798720	13786 1566.15
5845028	13782 1566.15
5891348	13794 1566.15
5937660	13789 1566.28
5983984	13807 1566.28
6030312	13818 1566.28
6076648	13843 1566.15
6122964	13856 1566.15
6169280	13879 1566.15
6215588	13896 1566.28
6261908	13916 1566.28
6308216	13933 1566.15
6354532	13952 1566.15
6400864	13980 1566.28
6447196	14001 1566.28
6493516	14012 1566.28
6539832	14039 1566.28
6586136	14064 1566.15
6632448	14087 1566.28
6678776	14109 1566.15
6725092	14141 1566.15
6771400	14164 1566.28
6817716	14185 1566.28
6864032	14217 1566.15
6910352	14245 1566.15
6956680	14272 1566.15
7003012	14296 1566.15
7049336	14324 1566.15
7095652	14355 1566.28
7141964	14381 1566.15
7188276	14417 1566.28
7234584	14440 1566.15
7280904	14481 1566.15
7327220	14511 1566.15
7373540	14547 1566.15
7419856	14575 1566.15
7466184	14613 1566.15
7512516	14649 1566.15
7558836	14684 1566.41
7605156	14723 1566.28
7651472	14761 1566.15
7697784	14799 1566.28
7744100	14840 1566.28
7790408	14883 1566.28
7836720	14932 1566.28
7883040	14975 1566.28
7929352	15020 1566.28
7975664	15070 1566.28
8021972	15117 1566.28
8068300	15173 1566.41
8114628	15223 1566.28
8160944	15273 1566.41
8207264	15330 1566.53
8253588	15387 1566.41
8299900	15459 1566.53
8346216	15524 1566.53
8392548	15601 1566.53
8438880	15677 1566.53
8485196	15762 1566.66
8531508	15857 1566.79
8577828	15958 1566.66
8624144	16079 1566.79
8670468	16201 1566.91
8716776	16341 1567.04
8763080	16485 1567.04
8809392	16650 1567.17
8855716	16830 1567.30
8902052	17053 1567.42
8948376	17274 1567.42
8994700	17474 1567.68
9041020	17675 1567.93
9087332	17856 1567.93
9133648	18026 1568.06
9179952	18197 1568.19
9226264	18313 1568.32
9272588	18393 1568.44
9318904	18451 1568.70
9365220	18507 1568.83
9411524	18572 1568.95
9457832	18617 1569.08
9504160	18677 1569.21
9550480	18719 1569.46
9596812	18774 1569.72
9643132	18836 1569.84
9689444	18855 1569.97
9735764	18910 1570.23
9782072	18995 1570.35
9828380	19093 1570.48
9874696	19251 1570.86
9921004	19417 1570.99
9967312	19669 1571.24
0013612	19978 1571.50
0059932	20252 1571.75
0106240	20482 1572.01
0152560	20692 1572.14
0198880	20916 1572.39
0245196	21106 1572.65
0291520	21339 1572.90
0337840	21540 1573.15
0384148	21879 1573.41
0430452	22228 1573.66
0476796	22544 1574.05
0523108	22725 1574.30
0569424	22799 1574.68
0615720	22881 1574.94
0662040	22738 1574.56
0708356	22619 1573.79
0754676	22524 1573.28
0801004	22472 1572.77
0847336	22425 1572.39
0893660	22380 1572.01
0939972	22350 1571.63
0986272	22316 1571.37
1032584	22261 1571.12
1078916	22196 1570.86
1125224	22118 1570.61
1171544	22051 1570.35
1217848	21935 1570.10
1264164	21825 1569.84
1310480	21710 1569.72
1356812	21591 1569.46
1403140	21472 1569.33
1449464	21329 1569.21
1495780	21183 1569.08
1542092	21064 1568.95
1588404	20953 1568.83
1634700	20823 1568.57
1681028	20677 1568.44
1727340	20499 1568.32
1773644	20285 1568.19
1819944	20072 1568.06
1866260	19844 1568.06
1912568	19629 1567.93
1958868	19457 1567.93
2005180	19223 1567.81
2051484	18996 1567.68
2097808	18679 1567.55
2144112	18376 1567.42
2190416	18106 1567.42
2236720	17833 1567.30
2283040	17611 1567.17
2329348	17444 1567.04
2375680	17249 1567.04
2422000	17084 1566.91
2468312	16958 1566.91
2514640	16856 1566.79
2560956	16732 1566.91
2607272	16619 1566.79
2653588	16486 1566.79
2699908	16366 1566.66
2746224	16253 1566.66
2792528	16130 1566.66
2838840	16018 1566.53
2885160	15902 1566.53
2931484	15800 1566.41
2977816	15728 1566.41
3024148	15672 1566.28
3070468	15618 1566.28
3116784	15553 1566.28
3163096	15492 1566.28
3209412	15431 1566.28
3255732	15373 1566.28
3302048	15323 1566.28
3348360	15269 1566.28
3394680	15223 1566.28
3441000	15182 1566.28
3487336	15125 1566.28
3533660	15075 1566.41
3579972	15027 1566.15
3626296	14992 1566.28
3672608	14942 1566.15
3718928	14912 1566.28
3765252	14879 1566.28
3811588	14834 1566.15
3857916	14801 1566.28
3904232	14763 1566.28
3950536	14735 1566.28
3996844	14699 1566.28
4043164	14670 1566.28
4089488	14632 1566.15
4135796	14611 1566.28
4182104	14582 1566.28
4228412	14547 1566.28
4274732	14521 1566.28
4321064	14496 1566.28
4367380	14469 1566.28
4413696	14439 1566.15
4460020	14413 1566.28
4506340	14376 1566.28
4552652	14365 1566.28
4598964	14333 1566.28
4645272	14312 1566.15
4691588	14287 1566.28
4737908	14257 1566.15
4784220	14238 1566.28
4830524	14214 1566.15
4876840	14196 1566.28
4923172	14178 1566.28
4969496	14158 1566.28
5015816	14138 1566.28
5062144	14118 1566.15
5108456	14100 1566.28
5154772	14081 1566.15
5201092	14062 1566.28
5247404	14045 1566.15
5293724	14032 1566.15
5340044	14010 1566.15
5386364	14013 1566.15
5432680	14028 1566.28
5479012	14033 1566.28
5525328	14030 1566.15
5571644	14032 1566.28
5617960	14032 1566.28
5664276	14033 1566.28
5710592	14030 1566.15
5756908	14034 1566.28
5803228	14029 1566.41
5849564	14034 1566.15
5895888	14036 1566.28
5942200	14036 1566.15
5988504	14033 1566.28
6034812	13992 1566.15
6081144	13962 1566.28
6127452	13939 1566.15
6173768	13916 1566.28
6220068	13904 1566.28
6266388	13892 1566.15
6312700	13874 1566.15
6359012	13869 1566.15
6405348	13856 1566.15
6451676	13848 1566.15
6498000	13839 1566.15
6544312	13823 1566.15
6590636	13829 1566.28
6636956	13814 1566.28
6683268	13812 1566.15
6729576	13811 1566.15
6775884	13805 1566.15
6822200	13800 1566.15
6868520	13796 1566.28
6914836	13790 1566.15
6961164	13788 1566.15
7007484	13784 1566.15
7053812	13784 1566.28
7100124	13774 1566.15
7146432	13775 1566.28
7192740	13773 1566.28
7239056	13774 1566.28
7285380	13769 1566.15
7331696	13766 1566.28
7378000	13762 1566.15
7424308	13762 1566.28
7470628	13760 1566.15
7516948	13760 1566.15
7563272	13750 1566.15
7609600	13759 1566.41
7655920	13755 1566.02
7702244	13753 1566.15
7748548	13749 1566.15
7794848	13753 1566.28
7841168	13755 1566.15
7887492	13746 1566.28
7933804	13749 1566.15
7980120	13745 1566.02
8026428	13743 1566.15
8072740	13747 1566.15
8119048	13744 1566.15
8165372	13740 1566.02
8211704	13736 1566.28
8258024	13745 1566.15
8304336	13743 1566.15
8350652	13743 1566.15
8396976	13740 1566.15
8443296	13743 1566.28
8489616	13743 1566.15
8535924	13735 1566.15
8582236	13750 1566.28
8628560	13742 1566.28
8674868	13746 1566.15
8721220	13751 1566.28
8767540	13744 1566.15
8813860	13745 1566.15
8860176	13746 1566.15
8906488	13745 1566.15
8952804	13750 1566.28
8999112	13748 1566.28
9045432	13745 1566.02
9091748	13747 1566.15
9138064	13747 1566.15
9184392	13744 1566.15
9230724	13752 1566.15
9277052	13752 1566.28
9323364	13748 1566.15
9369676	13752 1566.02
9415984	13752 1566.15
9462296	13751 1566.15
9508620	13755 1566.15
9554944	13752 1566.28
9601276	13765 1566.15
9647600	13790 1566.15
9693912	13800 1566.15
9740228	13818 1566.15
9786548	13845 1566.15
9832876	13858 1566.15
9879196	13876 1566.15
9925516	13910 1566.28
9971840	13931 1566.28
0018180	13936 1566.15
0064512	13965 1566.15
0110828	13996 1566.28
0157152	14007 1566.15
0203468	14026 1566.15
0249784	14054 1566.15
0296132	14075 1566.28
0342452	14105 1566.15
0388768	14135 1566.02
0435088	14161 1566.15
0481396	14184 1566.15
0527716	14207 1566.28
0574052	14241 1566.28
0620384	14261 1566.28
0666700	14299 1566.15
0713016	14323 1566.15
0759324	14352 1566.15
0805648	14378 1566.41
0851972	14410 1566.15
0898284	14441 1566.28
0944600	14479 1566.28
0990920	14511 1566.02
1037240	14545 1566.15
1083584	14577 1566.15
1129908	14618 1566.15
1176228	14651 1566.28
1222540	14694 1566.28
1268856	14727 1566.28
1315172	14767 1566.28
1361508	14800 1566.15
1407836	14854 1566.41
1454160	14893 1566.28
1500472	14938 1566.28
1546792	14992 1566.28
1593108	15032 1566.28
1639432	15085 1566.15
1685740	15133 1566.41
1732060	15187 1566.28
1778380	15237 1566.41
1824696	15295 1566.28
1871048	15350 1566.41
1917360	15413 1566.41
1963684	15488 1566.53
2009996	15559 1566.53
2056312	15641 1566.66
2102628	15722 1566.53
2148964	15823 1566.66
2195280	15926 1566.66
2241596	16047 1566.79
2287920	16161 1566.91
2334232	16305 1567.04
2380544	16449 1567.04
2426868	16617 1567.17
2473176	16798 1567.30
2519484	17010 1567.42
2565796	17239 1567.55
2612116	17454 1567.55
2658428	17657 1567.68
2704748	17826 1567.81
2751076	18005 1568.06
2797388	18160 1568.19
2843708	18281 1568.32
2890036	18369 1568.44
2936348	18431 1568.57
2982672	18486 1568.70
3028996	18540 1568.83
3075300	18591 1569.08
3121608	18645 1569.21
3167904	18694 1569.46
3214220	18737 1569.59
3260532	18794 1569.84
3306844	18834 1569.84
3353148	18889 1570.10
3399472	18963 1570.23
3445788	19051 1570.48
3492104	19196 1570.74
3538432	19363 1570.99
3584768	19617 1571.12
3631096	19920 1571.37
3677408	20190 1571.63
3723724	20430 1571.88
3770044	20651 1572.14
3816352	20825 1572.39
3862676	20991 1572.52
3909012	21232 1572.90
3955336	21482 1573.15
4001652	21796 1573.41
4047960	22094 1573.66
4094272	22420 1573.92
4140588	22601 1574.17
4186896	22666 1574.68
4233224	22722 1574.81
4279536	22614 1574.30
4325856	22511 1573.66
4372168	22427 1573.15
4418488	22360 1572.52
4464836	22335 1572.26
4511160	22298 1571.88
4557480	22255 1571.63
4603796	22232 1571.37
4650112	22164 1570.99
4696432	22113 1570.74
4742760	22045 1570.48
4789088	21964 1570.23
4835404	21851 1569.97
4881720	21739 1569.97
4928032	21626 1569.72
4974340	21509 1569.46
5020672	21385 1569.33
5066988	21239 1569.08
5113312	21112 1568.95
5159624	21005 1568.83
5205928	20889 1568.57
5252248	20752 1568.57
5298572	20610 1568.44
5344908	20417 1568.32
5391232	20213 1568.19
5437556	19984 1568.06
5483876	19770 1567.93
5530208	19586 1567.81
5576524	19413 1567.68
5622852	19171 1567.68
5669164	18916 1567.55
5715476	18619 1567.42
5761792	18311 1567.42
5808124	18042 1567.30
5854436	17759 1567.30
5900752	17540 1567.17
5947056	17386 1567.04
5993380	17183 1567.04
6039692	17019 1566.91
6086024	16891 1566.91
6132352	16791 1566.91
6178676	16679 1566.79
6224992	16559 1566.79
6271296	16429 1566.66
6317604	16317 1566.66
6363920	16196 1566.53
6410248	16082 1566.53
6456556	15959 1566.53
6502876	15847 1566.41
6549196	15756 1566.41
6595512	15682 1566.41
6641848	15616 1566.41
6688168	15561 1566.41
6734488	15491 1566.28
6780812	15437 1566.15
6827124	15370 1566.28
6873444	15315 1566.28
6919776	15264 1566.28
6966112	15218 1566.28
7012428	15169 1566.28
7058744	15117 1566.28
7105048	15057 1566.41
7151356	15014 1566.28
7197692	14969 1566.15
7244004	14928 1566.28
7290324	14891 1566.15
7336640	14853 1566.15
7382960	14819 1566.15
7429288	14779 1566.15
7475620	14753 1566.28
7521944	14705 1566.15
7568264	14673 1566.15
7614580	14646 1566.28
7660900	14605 1566.15
7707236	14582 1566.15
7753568	14553 1566.28
7799888	14517 1566.15
7846200	14495 1566.28
7892520	14454 1566.15
7938840	14435 1566.28
7985164	14404 1566.15
8031472	14384 1566.28
8077788	14357 1566.28
8124108	14330 1566.15
8170424	14310 1566.15
8216776	14281 1566.28
8263092	14257 1566.15
8309412	14227 1566.15
8355728	14222 1566.15
8402040	14194 1566.28
8448356	14171 1566.15
8494692	14148 1566.15
8541024	14129 1566.15
8587344	14110 1566.28
8633660	14089 1566.15
8679980	14078 1566.15
8726300	14057 1566.15
8772616	14043 1566.15
8818928	14019 1566.28
8865244	14005 1566.15
8911564	13988 1566.28
8957880	13972 1566.15
9004228	13969 1566.15
9050552	13986 1566.15
9096868	13993 1566.02
9143180	13993 1566.15
9189492	13996 1566.02
9235816	13985 1566.15
9282140	13993 1566.28
9328480	13992 1566.15
9374796	13989 1566.15
9421112	13994 1566.28
9467436	13988 1566.15
9513752	13997 1566.15
9560072	13993 1566.15
9606380	13943 1566.15
9652696	13914 1566.15
9699020	13892 1566.28
9745336	13871 1566.15
9791684	13848 1566.28
9838004	13832 1566.28
9884324	13818 1566.15
9930640	13802 1566.15
9976956	13785 1566.15
0023272	13781 1566.15
0069604	13776 1566.15
0115932	13768 1566.15
0162256	13767 1566.15
0208568	13756 1566.15
0254876	13755 1566.02
0301204	13746 1566.15
0347520	13754 1566.15
0393824	13742 1566.15
0440136	13740 1566.28
0486460	13737 1566.15
0532768	13727 1566.15
0579092	13727 1566.15
0625432	13724 1566.15
0671768	13720 1566.15
0718092	13716 1566.15
0764404	13713 1566.28
0810724	13715 1566.15
0857056	13710 1566.15
0903392	13709 1566.02
0949712	13699 1566.15
0996020	13706 1566.15
1042328	13701 1566.15
1088648	13707 1566.15
1134980	13696 1566.02
1181296	13689 1566.15
1227608	13697 1566.15
1273920	13693 1566.15
1320240	13688 1566.15
1366568	13703 1566.15
1412896	13691 1566.28
1459216	13689 1566.15
1505532	13693 1566.15
1551848	13687 1566.15
1598164	13689 1566.15
1644484	13690 1566.15
1690804	13695 1566.15
1737124	13690 1566.02
1783440	13681 1566.28
1829760	13687 1566.15
1876076	13689 1566.15
1922432	13687 1566.15
1968736	13688 1566.15
2015044	13693 1566.15
2061340	13686 1566.15
2107664	13688 1566.15
2153972	13690 1566.15
2200292	13691 1566.28
2246628	13687 1566.15
2292956	13688 1566.15
2339276	13690 1566.15
2385592	13688 1566.28
2431916	13684 1566.15
2478236	13694 1566.15
2524552	13698 1566.15
2570864	13689 1566.15
2617180	13694 1566.15
2663500	13693 1566.15
2709816	13694 1566.28
2756152	13696 1566.15
2802468	13695 1566.15
2848788	13696 1566.28
2895104	13695 1566.15
2941416	13700 1566.15
2987732	13694 1566.15
3034052	13699 1566.15
3080384	13696 1566.15
3126696	13695 1566.15
3173016	13699 1566.02
3219336	13694 1566.15
3265660	13696 1566.15
3311992	13703 1566.15
3358312	13694 1566.15
3404632	13707 1566.02
3450956	13698 1566.15
3497268	13703 1566.15
3543620	13703 1566.15
3589940	13703 1566.15
3636256	13706 1566.15
3682576	13703 1566.15
3728892	13707 1566.28
3775208	13700 1566.15
3821540	13704 1566.15
3867872	13703 1566.15
3914192	13710 1566.15
3960504	13705 1566.02
4006824	13711 1566.15
4053136	13710 1566.15
4099460	13704 1566.15
4145768	13710 1566.15
4192076	13712 1566.15
4238384	13708 1566.15
4284704	13721 1566.15
4331024	13711 1566.15
4377348	13713 1566.15
4423684	13706 1566.15
4470004	13706 1566.02
4516324	13712 1566.15
4562628	13704 1566.02
4608920	13708 1566.15
4655220	13713 1566.15
4701556	13710 1566.15
4747872	13718 1566.15
4794184	13715 1566.15
4840508	13712 1566.15
4886824	13715 1566.15
4933156	13717 1566.15
4979488	13722 1566.28
5025812	13714 1566.15
5072136	13718 1566.15
5118452	13713 1566.15
5164768	13719 1566.15
5211084	13719 1566.15
5257408	13722 1566.15
5303728	13717 1566.15
5350040	13715 1566.02
5396356	13714 1566.02
5442688	13721 1566.15
5489012	13725 1566.15
5535324	13723 1566.02
5581640	13722 1566.15
5627948	13722 1566.15
5674264	13718 1566.15
5720580	13717 1566.15
5766896	13725 1566.15
5813224	13719 1566.15
5859552	13727 1566.28
5905872	13725 1566.02
5952188	13720 1566.15
5998504	13731 1566.15
6044804	13724 1566.15
6091124	13723 1566.15
6137440	13729 1566.15
6183756	13727 1566.15
6230072	13730 1566.15
6276392	13725 1566.15
6322712	13734 1566.15
6369048	13730 1566.15
6415384	13727 1566.15
6461704	13730 1566.15
6508020	13717 1566.15
6554336	13733 1566.02
6600644	13728 1566.15
6646948	13735 1566.15
6693256	13732 1566.15
6739568	13728 1566.15
6785892	13731 1566.15
6832208	13736 1566.15
6878536	13727 1566.15
6924868	13732 1566.15
6971184	13726 1566.15
7017488	13732 1566.15
7063804	13736 1566.28
7110120	13735 1566.15
7156432	13736 1566.15
7202736	13730 1566.15
7249056	13739 1566.02
7295372	13739 1566.28
7341684	13733 1566.02
7387976	13736 1566.15
7434276	13727 1566.15
7480600	13736 1566.15
7526916	13734 1566.15
7573240	13746 1566.15
7619564	13735 1566.28
7665896	13743 1566.15
7712212	13743 1566.02
7758528	13733 1566.02
7804844	13745 1566.02
7851144	13748 1566.15
7897468	13744 1566.15
7943792	13744 1566.28
7990108	13740 1566.15
8036428	13746 1566.15
8082744	13746 1566.15
8129080	13747 1566.15
8175400	13751 1566.15
8221716	13749 1566.15
8268032	13758 1566.02
8314348	13742 1566.15
8360656	13744 1566.15
8406960	13750 1566.15
8453284	13752 1566.15
8499600	13756 1566.15
8545916	13756 1566.02
8592224	13749 1566.15
8638536	13760 1566.15
8684848	13752 1566.15
8731184	13760 1566.15
8777504	13755 1566.15
8823820	13756 1566.02
8870144	13760 1566.15
8916452	13758 1566.15
8962776	13760 1566.02
9009096	13770 1566.15
9055416	13764 1566.02
9101736	13766 1566.15
9148048	13764 1566.15
9194380	13772 1566.15
